10 2 1 528 146 71 -1 -1 -1 -1 label : spot-1 0.36
11 2 4 523 114 84 -1 -1 -1 -1 label : invalidspot-coloredCurb 0.30
20 4 950 447 88 41 -1 -1 -1 -1 label : spot-1 0.45
21 4 950 444 96 41 -1 -1 -1 -1 label : spot-1 0.32
22 4 953 442 97 42 -1 -1 -1 -1 label : spot-1 0.30
23 4 965 433 97 46 -1 -1 -1 -1 label : spot-1 0.34
27 4 977 417 132 45 -1 -1 -1 -1 label : spot-1 0.47
59 7 159 373 203 106 -1 -1 -1 -1 label : spot-1 0.37
60 7 129 374 226 110 -1 -1 -1 -1 label : spot-1 0.39
61 7 100 378 246 113 -1 -1 -1 -1 label : spot-1 0.48
62 7 68 382 274 119 -1 -1 -1 -1 label : spot-1 0.55
63 7 27 387 309 122 -1 -1 -1 -1 label : spot-1 0.53
65 7 8 394 316 145 -1 -1 -1 -1 label : spot-1 0.35
66 7 1 399 317 159 -1 -1 -1 -1 label : spot-1 0.31
70 7 0 405 288 166 -1 -1 -1 -1 label : spot-1 0.30
72 7 0 410 269 155 -1 -1 -1 -1 label : spot-1 0.36
74 7 0 418 230 155 -1 -1 -1 -1 label : spot-1 0.35
75 7 0 425 215 148 -1 -1 -1 -1 label : spot-1 0.39
482 13 357 209 9 26 -1 -1 -1 -1 label : fireHydrant 0.31
