24 1 812 536 467 132 -1 -1 -1 -1 label : spot-2 0.44
25 1 814 537 465 129 -1 -1 -1 -1 label : spot-2 0.44
27 1 821 538 456 130 -1 -1 -1 -1 label : spot-2 0.53
28 1 822 540 457 127 -1 -1 -1 -1 label : spot-2 0.55
29 1 831 540 443 131 -1 -1 -1 -1 label : spot-2 0.59
31 1 832 539 444 132 -1 -1 -1 -1 label : spot-2 0.45
32 1 831 537 448 132 -1 -1 -1 -1 label : spot-2 0.52
33 1 833 536 446 130 -1 -1 -1 -1 label : spot-2 0.50
34 1 837 534 442 131 -1 -1 -1 -1 label : spot-2 0.50
35 1 837 533 442 128 -1 -1 -1 -1 label : spot-2 0.55
36 1 840 531 439 123 -1 -1 -1 -1 label : spot-2 0.42
41 1 845 529 434 113 -1 -1 -1 -1 label : spot-0.46
45 1 877 526 401 107 -1 -1 -1 -1 label : spot-0.45
46 1 879 522 400 106 -1 -1 -1 -1 label : spot-0.54
47 1 880 517 399 101 -1 -1 -1 -1 label : spot-0.45
48 1 891 514 384 104 -1 -1 -1 -1 label : spot-0.54
49 1 891 513 387 104 -1 -1 -1 -1 label : spot-0.60
50 1 897 510 381 105 -1 -1 -1 -1 label : spot-0.48
51 1 898 508 380 106 -1 -1 -1 -1 label : spot-0.53
53 1 910 507 366 108 -1 -1 -1 -1 label : spot-0.55
54 1 920 504 359 106 -1 -1 -1 -1 label : spot-0.44
55 1 921 504 358 105 -1 -1 -1 -1 label : spot-0.54
56 1 933 505 343 107 -1 -1 -1 -1 label : spot-0.44
57 1 934 508 344 110 -1 -1 -1 -1 label : spot-0.50
58 1 940 509 338 111 -1 -1 -1 -1 label : spot-0.43
138 5 870 464 184 83 -1 -1 -1 -1 label : spot-1 0.66
139 5 870 467 200 83 -1 -1 -1 -1 label : spot-1 0.64
140 5 874 468 202 88 -1 -1 -1 -1 label : spot-1 0.66
141 5 873 470 221 79 -1 -1 -1 -1 label : spot-1 0.57
142 5 887 472 216 77 -1 -1 -1 -1 label : spot-1 0.64
143 5 885 474 241 77 -1 -1 -1 -1 label : spot-1 0.63
144 5 887 478 259 72 -1 -1 -1 -1 label : spot-1 0.52
145 5 897 478 252 75 -1 -1 -1 -1 label : spot-1 0.61
146 5 898 479 278 84 -1 -1 -1 -1 label : spot-1 0.67
147 5 904 481 304 88 -1 -1 -1 -1 label : spot-1 0.55
148 5 910 483 321 93 -1 -1 -1 -1 label : spot-1 0.62
150 5 924 487 339 103 -1 -1 -1 -1 label : spot-1 0.53
151 5 925 490 352 109 -1 -1 -1 -1 label : spot-1 0.52
152 5 929 493 350 114 -1 -1 -1 -1 label : spot-1 0.52
153 5 929 494 350 113 -1 -1 -1 -1 label : spot-1 0.55
154 5 938 494 341 114 -1 -1 -1 -1 label : spot-1 0.57
155 5 943 497 336 113 -1 -1 -1 -1 label : spot-1 0.54
156 5 949 500 330 111 -1 -1 -1 -1 label : spot-1 0.54
157 5 959 504 320 107 -1 -1 -1 -1 label : spot-1 0.54
158 5 977 505 298 115 -1 -1 -1 -1 label : spot-1 0.48
159 5 981 510 298 112 -1 -1 -1 -1 label : spot-1 0.54
271 12 943 497 332 118 -1 -1 -1 -1 label : spot-1 0.58
272 12 954 498 322 121 -1 -1 -1 -1 label : spot-1 0.50
273 12 964 501 315 119 -1 -1 -1 -1 label : spot-1 0.44
275 12 1003 512 270 123 -1 -1 -1 -1 label : spot-1 0.43
333 13 848 464 240 101 -1 -1 -1 -1 label : spot-1 0.57
338 13 857 482 289 83 -1 -1 -1 -1 label : spot-1 0.44
347 14 926 507 352 113 -1 -1 -1 -1 label : spot-1 0.47
