3 1 495 419 283 164 -1 -1 -1 -1 label : spot-0.55
4 1 495 418 288 165 -1 -1 -1 -1 label : spot-0.58
5 1 500 418 285 165 -1 -1 -1 -1 label : spot-0.58
6 1 497 418 285 165 -1 -1 -1 -1 label : spot-0.60
7 1 492 418 291 165 -1 -1 -1 -1 label : spot-0.60
8 1 488 417 294 166 -1 -1 -1 -1 label : spot-0.61
9 1 483 418 300 165 -1 -1 -1 -1 label : spot-0.61
10 1 483 419 299 163 -1 -1 -1 -1 label : spot-0.61
11 1 485 419 296 163 -1 -1 -1 -1 label : spot-0.60
12 1 484 419 297 163 -1 -1 -1 -1 label : spot-0.58
13 1 488 419 290 162 -1 -1 -1 -1 label : spot-0.60
14 1 489 419 287 162 -1 -1 -1 -1 label : spot-0.61
15 1 488 418 287 163 -1 -1 -1 -1 label : spot-0.61
16 1 485 417 291 164 -1 -1 -1 -1 label : spot-0.63
17 1 488 416 285 165 -1 -1 -1 -1 label : spot-0.61
18 1 490 416 283 164 -1 -1 -1 -1 label : spot-0.60
19 1 486 416 287 164 -1 -1 -1 -1 label : spot-0.63
20 1 482 418 290 161 -1 -1 -1 -1 label : spot-0.64
21 1 480 420 290 159 -1 -1 -1 -1 label : spot-0.61
22 1 482 420 287 160 -1 -1 -1 -1 label : spot-0.61
23 1 485 421 283 159 -1 -1 -1 -1 label : spot-0.61
24 1 484 422 284 158 -1 -1 -1 -1 label : spot-0.60
25 1 488 423 279 158 -1 -1 -1 -1 label : spot-0.53
26 1 491 424 275 157 -1 -1 -1 -1 label : spot-0.51
27 1 492 423 273 158 -1 -1 -1 -1 label : spot-0.56
28 1 493 423 272 158 -1 -1 -1 -1 label : spot-0.61
29 1 487 423 280 158 -1 -1 -1 -1 label : spot-0.63
30 1 487 423 278 158 -1 -1 -1 -1 label : spot-0.64
31 1 486 423 281 158 -1 -1 -1 -1 label : spot-0.62
32 1 494 422 272 159 -1 -1 -1 -1 label : spot-0.61
33 1 489 422 283 160 -1 -1 -1 -1 label : spot-0.61
34 1 494 422 276 160 -1 -1 -1 -1 label : spot-0.58
35 1 486 423 286 159 -1 -1 -1 -1 label : spot-0.57
36 1 490 424 283 159 -1 -1 -1 -1 label : spot-0.60
37 1 488 424 285 159 -1 -1 -1 -1 label : spot-0.59
38 1 483 424 290 158 -1 -1 -1 -1 label : spot-0.66
39 1 486 424 287 157 -1 -1 -1 -1 label : spot-0.65
40 1 495 424 280 157 -1 -1 -1 -1 label : spot-0.63
41 1 502 424 275 157 -1 -1 -1 -1 label : spot-0.60
42 1 504 422 276 157 -1 -1 -1 -1 label : spot-0.59
43 1 504 423 284 158 -1 -1 -1 -1 label : spot-0.58
44 1 504 425 290 157 -1 -1 -1 -1 label : spot-0.61
45 1 512 424 279 155 -1 -1 -1 -1 label : spot-0.56
46 1 518 426 279 153 -1 -1 -1 -1 label : spot-0.56
47 1 521 425 277 154 -1 -1 -1 -1 label : spot-0.55
48 1 521 426 281 153 -1 -1 -1 -1 label : spot-0.49
49 1 536 423 265 156 -1 -1 -1 -1 label : spot-0.50
50 1 540 422 266 155 -1 -1 -1 -1 label : spot-0.50
51 1 544 421 265 151 -1 -1 -1 -1 label : spot-0.41
52 1 560 425 258 151 -1 -1 -1 -1 label : spot-0.37
53 1 557 426 265 149 -1 -1 -1 -1 label : spot-0.52
54 1 564 427 266 148 -1 -1 -1 -1 label : spot-0.51
55 1 569 428 270 147 -1 -1 -1 -1 label : spot-0.50
56 1 573 428 273 145 -1 -1 -1 -1 label : spot-0.49
57 1 575 430 280 145 -1 -1 -1 -1 label : spot-0.53
58 1 578 432 290 145 -1 -1 -1 -1 label : spot-0.55
59 1 591 427 281 145 -1 -1 -1 -1 label : spot-0.47
60 1 603 427 281 148 -1 -1 -1 -1 label : spot-0.56
61 1 599 427 303 150 -1 -1 -1 -1 label : spot-0.51
62 1 606 426 303 151 -1 -1 -1 -1 label : spot-0.49
63 1 611 425 325 155 -1 -1 -1 -1 label : spot-0.45
64 1 620 424 326 155 -1 -1 -1 -1 label : spot-0.45
65 1 637 426 315 153 -1 -1 -1 -1 label : spot-0.48
66 1 644 427 329 152 -1 -1 -1 -1 label : spot-0.46
67 1 652 427 330 152 -1 -1 -1 -1 label : spot-0.52
68 1 659 431 350 149 -1 -1 -1 -1 label : spot-0.45
69 1 675 435 352 149 -1 -1 -1 -1 label : spot-0.53
70 1 679 438 370 146 -1 -1 -1 -1 label : spot-0.44
71 1 686 441 386 145 -1 -1 -1 -1 label : spot-0.51
72 1 700 442 374 143 -1 -1 -1 -1 label : spot-0.39
73 1 712 443 360 141 -1 -1 -1 -1 label : spot-0.49
129 3 936 403 282 84 -1 -1 -1 -1 label : spot-1 0.58
130 3 939 404 326 105 -1 -1 -1 -1 label : spot-1 0.53
131 3 936 409 343 106 -1 -1 -1 -1 label : spot-1 0.58
132 3 936 410 343 110 -1 -1 -1 -1 label : spot-1 0.59
133 3 936 412 343 114 -1 -1 -1 -1 label : spot-1 0.52
134 3 925 413 354 107 -1 -1 -1 -1 label : spot-1 0.55
135 3 930 415 349 97 -1 -1 -1 -1 label : spot-1 0.44
136 3 937 414 342 97 -1 -1 -1 -1 label : spot-1 0.36
137 3 934 414 345 93 -1 -1 -1 -1 label : spot-1 0.41
138 3 937 414 339 101 -1 -1 -1 -1 label : spot-1 0.53
139 3 933 414 346 100 -1 -1 -1 -1 label : spot-1 0.47
140 3 933 415 346 98 -1 -1 -1 -1 label : spot-1 0.53
141 3 943 418 332 100 -1 -1 -1 -1 label : spot-1 0.40
142 3 938 420 341 102 -1 -1 -1 -1 label : spot-1 0.50
143 3 941 424 338 101 -1 -1 -1 -1 label : spot-1 0.41
144 3 951 426 321 112 -1 -1 -1 -1 label : spot-1 0.45
145 3 947 429 332 112 -1 -1 -1 -1 label : spot-1 0.44
146 3 953 432 326 108 -1 -1 -1 -1 label : spot-1 0.45
147 3 964 434 313 111 -1 -1 -1 -1 label : spot-1 0.45
148 3 975 438 297 121 -1 -1 -1 -1 label : spot-1 0.40
149 3 974 440 300 132 -1 -1 -1 -1 label : spot-1 0.32
150 3 978 440 299 136 -1 -1 -1 -1 label : spot-1 0.38
151 3 986 442 291 139 -1 -1 -1 -1 label : spot-1 0.41
