119 1 749 442 493 125 -1 -1 -1 -1 label : spot-2 0.54
120 1 753 443 489 123 -1 -1 -1 -1 label : spot-2 0.54
121 1 754 446 500 127 -1 -1 -1 -1 label : spot-2 0.56
122 1 753 447 507 129 -1 -1 -1 -1 label : spot-2 0.57
123 1 757 448 486 129 -1 -1 -1 -1 label : spot-2 0.60
124 1 756 448 484 129 -1 -1 -1 -1 label : spot-2 0.60
125 1 756 448 488 132 -1 -1 -1 -1 label : spot-2 0.62
126 1 755 448 489 133 -1 -1 -1 -1 label : spot-2 0.63
131 1 756 453 470 125 -1 -1 -1 -1 label : spot-2 0.51
133 1 758 456 480 125 -1 -1 -1 -1 label : spot-2 0.52
134 1 760 458 485 125 -1 -1 -1 -1 label : spot-2 0.53
146 1 770 460 449 120 -1 -1 -1 -1 label : spot-0.53
153 1 768 462 467 111 -1 -1 -1 -1 label : spot-0.56
154 1 777 462 452 109 -1 -1 -1 -1 label : spot-0.56
155 1 784 462 430 104 -1 -1 -1 -1 label : spot-0.55
156 1 786 462 423 102 -1 -1 -1 -1 label : spot-0.56
157 1 785 464 439 105 -1 -1 -1 -1 label : spot-0.56
158 1 785 465 444 106 -1 -1 -1 -1 label : spot-0.56
159 1 785 466 461 110 -1 -1 -1 -1 label : spot-0.54
160 1 784 466 469 111 -1 -1 -1 -1 label : spot-0.55
161 1 793 467 461 120 -1 -1 -1 -1 label : spot-0.56
162 1 789 467 472 123 -1 -1 -1 -1 label : spot-0.56
163 1 783 467 475 114 -1 -1 -1 -1 label : spot-0.53
164 1 788 467 458 110 -1 -1 -1 -1 label : spot-0.54
165 1 793 469 449 108 -1 -1 -1 -1 label : spot-0.51
166 1 795 470 445 107 -1 -1 -1 -1 label : spot-0.50
