3 1 613 339 364 106 -1 -1 -1 -1 label : spot-2 0.43
4 1 627 341 383 128 -1 -1 -1 -1 label : spot-2 0.44
74 6 720 388 559 151 -1 -1 -1 -1 label : spot-2 0.49
75 6 728 389 546 151 -1 -1 -1 -1 label : spot-2 0.48
76 6 728 391 546 151 -1 -1 -1 -1 label : spot-2 0.48
77 6 726 394 549 153 -1 -1 -1 -1 label : spot-2 0.49
78 6 727 396 550 150 -1 -1 -1 -1 label : spot-2 0.49
78 7 631 339 129 35 -1 -1 -1 -1 label : spot-2 0.45
80 7 630 339 136 38 -1 -1 -1 -1 label : spot-2 0.43
81 6 764 399 507 155 -1 -1 -1 -1 label : spot-2 0.47
81 7 626 340 145 38 -1 -1 -1 -1 label : spot-2 0.43
82 6 769 401 506 157 -1 -1 -1 -1 label : spot-2 0.45
83 6 775 401 502 159 -1 -1 -1 -1 label : spot-2 0.43
84 6 776 401 503 157 -1 -1 -1 -1 label : spot-2 0.50
84 7 631 340 156 41 -1 -1 -1 -1 label : spot-2 0.42
85 6 778 400 501 156 -1 -1 -1 -1 label : spot-2 0.56
85 7 633 338 158 41 -1 -1 -1 -1 label : spot-2 0.44
86 6 782 399 497 157 -1 -1 -1 -1 label : spot-2 0.58
86 7 637 337 157 41 -1 -1 -1 -1 label : spot-2 0.46
87 6 783 399 496 157 -1 -1 -1 -1 label : spot-2 0.63
87 7 634 334 162 44 -1 -1 -1 -1 label : spot-2 0.49
88 6 787 399 492 156 -1 -1 -1 -1 label : spot-2 0.60
88 7 634 333 166 45 -1 -1 -1 -1 label : spot-2 0.46
89 6 789 400 490 150 -1 -1 -1 -1 label : spot-2 0.59
89 7 634 332 173 46 -1 -1 -1 -1 label : spot-2 0.44
90 6 798 401 481 146 -1 -1 -1 -1 label : spot-2 0.64
90 7 631 332 181 46 -1 -1 -1 -1 label : spot-2 0.51
91 6 805 403 474 142 -1 -1 -1 -1 label : spot-2 0.59
91 7 630 332 187 48 -1 -1 -1 -1 label : spot-2 0.47
92 6 810 406 469 140 -1 -1 -1 -1 label : spot-2 0.54
92 7 627 333 196 48 -1 -1 -1 -1 label : spot-2 0.44
93 6 815 407 464 139 -1 -1 -1 -1 label : spot-2 0.51
94 7 644 337 187 49 -1 -1 -1 -1 label : spot-2 0.53
95 7 648 339 190 51 -1 -1 -1 -1 label : spot-2 0.60
96 7 654 341 188 52 -1 -1 -1 -1 label : spot-2 0.60
97 7 654 341 195 54 -1 -1 -1 -1 label : spot-2 0.65
98 7 652 342 205 56 -1 -1 -1 -1 label : spot-2 0.70
99 7 655 343 209 58 -1 -1 -1 -1 label : spot-2 0.67
100 7 657 344 213 60 -1 -1 -1 -1 label : spot-2 0.64
101 7 662 346 218 61 -1 -1 -1 -1 label : spot-2 0.64
102 7 660 346 230 63 -1 -1 -1 -1 label : spot-2 0.63
103 7 661 346 236 66 -1 -1 -1 -1 label : spot-2 0.63
104 7 659 345 244 69 -1 -1 -1 -1 label : spot-2 0.61
105 7 655 344 255 72 -1 -1 -1 -1 label : spot-2 0.60
106 7 656 344 261 74 -1 -1 -1 -1 label : spot-2 0.57
107 7 655 343 270 77 -1 -1 -1 -1 label : spot-2 0.55
108 7 663 343 274 80 -1 -1 -1 -1 label : spot-2 0.54
109 7 663 343 287 82 -1 -1 -1 -1 label : spot-2 0.54
110 7 664 345 303 85 -1 -1 -1 -1 label : spot-2 0.48
111 7 668 345 314 89 -1 -1 -1 -1 label : spot-2 0.53
112 7 663 346 335 91 -1 -1 -1 -1 label : spot-2 0.52
113 7 665 346 345 95 -1 -1 -1 -1 label : spot-2 0.46
155 14 716 370 563 159 -1 -1 -1 -1 label : spot-2 0.61
156 14 717 371 562 159 -1 -1 -1 -1 label : spot-2 0.57
157 14 715 372 564 158 -1 -1 -1 -1 label : spot-2 0.56
158 14 719 373 560 158 -1 -1 -1 -1 label : spot-2 0.54
159 14 723 374 555 159 -1 -1 -1 -1 label : spot-2 0.46
160 14 728 377 551 158 -1 -1 -1 -1 label : spot-2 0.49
162 14 737 380 539 163 -1 -1 -1 -1 label : spot-2 0.48
163 14 741 383 537 163 -1 -1 -1 -1 label : spot-2 0.45
165 14 740 385 539 147 -1 -1 -1 -1 label : spot-2 0.48
166 14 768 386 503 153 -1 -1 -1 -1 label : spot-2 0.51
167 14 768 388 508 157 -1 -1 -1 -1 label : spot-2 0.47
168 14 770 390 507 160 -1 -1 -1 -1 label : spot-2 0.44
169 14 770 391 509 161 -1 -1 -1 -1 label : spot-2 0.45
170 14 772 393 507 161 -1 -1 -1 -1 label : spot-2 0.46
171 14 771 395 508 158 -1 -1 -1 -1 label : spot-2 0.50
172 14 781 397 498 158 -1 -1 -1 -1 label : spot-2 0.44
173 14 785 398 494 154 -1 -1 -1 -1 label : spot-2 0.42
229 15 710 367 240 67 -1 -1 -1 -1 label : spot-2 0.50
230 15 723 369 246 76 -1 -1 -1 -1 label : spot-2 0.51
231 15 721 369 274 84 -1 -1 -1 -1 label : spot-2 0.55
232 15 723 370 303 92 -1 -1 -1 -1 label : spot-2 0.52
234 15 730 371 347 107 -1 -1 -1 -1 label : spot-2 0.50
235 15 739 377 395 115 -1 -1 -1 -1 label : spot-2 0.48
236 15 735 378 443 127 -1 -1 -1 -1 label : spot-2 0.53
237 15 732 380 496 137 -1 -1 -1 -1 label : spot-2 0.53
238 15 770 385 488 158 -1 -1 -1 -1 label : spot-2 0.50
239 15 796 388 483 164 -1 -1 -1 -1 label : spot-2 0.51
240 15 811 392 468 164 -1 -1 -1 -1 label : spot-2 0.42
254 16 837 388 177 58 -1 -1 -1 -1 label : invalidspot-coloredCurb 0.48
270 19 1071 349 42 90 -1 -1 -1 -1 label : fireHydrant 0.69
271 19 1089 352 44 93 -1 -1 -1 -1 label : fireHydrant 0.57
272 19 1109 354 50 95 -1 -1 -1 -1 label : fireHydrant 0.59
