8 1 722 378 173 81 -1 -1 -1 -1 label : spot-0.56
9 1 731 379 177 91 -1 -1 -1 -1 label : spot-0.56
10 1 735 380 184 102 -1 -1 -1 -1 label : spot-0.55
11 1 730 384 221 101 -1 -1 -1 -1 label : spot-0.56
12 1 723 387 265 85 -1 -1 -1 -1 label : spot-0.61
13 1 732 391 298 77 -1 -1 -1 -1 label : spot-0.57
14 1 747 394 310 78 -1 -1 -1 -1 label : spot-0.64
15 1 765 397 336 93 -1 -1 -1 -1 label : spot-2 0.49
16 1 777 402 433 136 -1 -1 -1 -1 label : spot-2 0.55
17 1 758 406 506 135 -1 -1 -1 -1 label : spot-2 0.65
18 1 785 413 489 149 -1 -1 -1 -1 label : spot-2 0.68
19 1 787 415 492 156 -1 -1 -1 -1 label : spot-2 0.68
20 1 789 420 490 155 -1 -1 -1 -1 label : spot-2 0.72
21 1 795 422 484 152 -1 -1 -1 -1 label : spot-2 0.56
22 1 802 425 477 148 -1 -1 -1 -1 label : spot-2 0.53
24 1 815 429 464 141 -1 -1 -1 -1 label : spot-0.48
25 1 829 431 450 142 -1 -1 -1 -1 label : spot-0.49
26 1 842 433 437 142 -1 -1 -1 -1 label : spot-0.53
27 1 854 435 425 141 -1 -1 -1 -1 label : spot-0.58
28 1 871 440 408 144 -1 -1 -1 -1 label : spot-0.66
29 1 888 445 391 146 -1 -1 -1 -1 label : spot-0.64
30 1 903 450 376 149 -1 -1 -1 -1 label : spot-0.59
31 1 935 456 344 145 -1 -1 -1 -1 label : spot-0.51
206 3 823 348 18 37 -1 -1 -1 -1 label : fireHydrant 0.57
207 3 826 354 17 32 -1 -1 -1 -1 label : fireHydrant 0.47
208 3 830 357 17 32 -1 -1 -1 -1 label : fireHydrant 0.46
209 3 834 358 16 33 -1 -1 -1 -1 label : fireHydrant 0.47
211 3 840 359 15 33 -1 -1 -1 -1 label : fireHydrant 0.51
