7 2 4 587 287 59 -1 -1 -1 -1 label : spot-1 0.51
10 2 6 584 281 69 -1 -1 -1 -1 label : spot-1 0.45
11 2 0 579 296 69 -1 -1 -1 -1 label : spot-1 0.52
12 2 0 576 295 64 -1 -1 -1 -1 label : spot-1 0.52
16 2 0 571 311 69 -1 -1 -1 -1 label : spot-1 0.46
17 2 0 568 319 72 -1 -1 -1 -1 label : spot-1 0.46
47 3 961 555 228 86 -1 -1 -1 -1 label : spot-1 0.49
48 3 940 554 282 95 -1 -1 -1 -1 label : spot-1 0.54
49 3 978 553 276 100 -1 -1 -1 -1 label : spot-1 0.50
199 6 370 357 11 37 -1 -1 -1 -1 label : fireHydrant 0.50
