6 2 0 587 299 54 -1 -1 -1 -1 label : spot-1 0.46
7 2 4 587 286 59 -1 -1 -1 -1 label : spot-1 0.51
9 2 3 584 290 65 -1 -1 -1 -1 label : spot-1 0.42
10 2 4 583 286 71 -1 -1 -1 -1 label : spot-1 0.45
11 2 0 579 296 69 -1 -1 -1 -1 label : spot-1 0.52
12 2 0 577 294 64 -1 -1 -1 -1 label : spot-1 0.52
13 2 1 576 288 64 -1 -1 -1 -1 label : spot-1 0.40
14 2 4 574 282 68 -1 -1 -1 -1 label : spot-1 0.40
15 2 1 571 290 71 -1 -1 -1 -1 label : spot-1 0.42
16 2 0 569 315 71 -1 -1 -1 -1 label : spot-1 0.46
17 2 0 568 319 72 -1 -1 -1 -1 label : spot-1 0.46
47 3 961 555 228 86 -1 -1 -1 -1 label : spot-1 0.49
48 3 940 554 282 95 -1 -1 -1 -1 label : spot-1 0.54
49 3 978 553 276 100 -1 -1 -1 -1 label : spot-1 0.50
51 3 980 552 298 107 -1 -1 -1 -1 label : spot-1 0.41
199 7 370 357 11 37 -1 -1 -1 -1 label : fireHydrant 0.50
201 7 367 358 12 37 -1 -1 -1 -1 label : fireHydrant 0.42
