3 1 818 402 412 75 -1 -1 -1 -1 label : spot-2 0.43
4 1 848 399 382 81 -1 -1 -1 -1 label : spot-2 0.42
5 1 848 398 394 83 -1 -1 -1 -1 label : spot-2 0.42
6 1 835 398 436 84 -1 -1 -1 -1 label : spot-2 0.41
7 1 837 398 438 85 -1 -1 -1 -1 label : spot-2 0.42
8 1 858 398 414 89 -1 -1 -1 -1 label : spot-2 0.52
9 1 858 397 419 91 -1 -1 -1 -1 label : spot-2 0.51
10 1 845 396 434 89 -1 -1 -1 -1 label : spot-2 0.47
11 1 844 395 435 88 -1 -1 -1 -1 label : spot-2 0.47
12 1 845 395 433 86 -1 -1 -1 -1 label : spot-2 0.38
13 1 845 394 432 86 -1 -1 -1 -1 label : spot-2 0.40
14 1 852 391 419 85 -1 -1 -1 -1 label : spot-2 0.40
15 1 852 390 419 85 -1 -1 -1 -1 label : spot-2 0.40
16 1 853 389 421 85 -1 -1 -1 -1 label : spot-2 0.34
18 2 1081 303 41 98 -1 -1 -1 -1 label : fireHydrant 0.52
19 2 1083 305 41 97 -1 -1 -1 -1 label : fireHydrant 0.52
20 2 1092 298 42 99 -1 -1 -1 -1 label : fireHydrant 0.41
21 2 1095 296 43 99 -1 -1 -1 -1 label : fireHydrant 0.43
248 4 130 325 134 51 -1 -1 -1 -1 label : spot-1 0.33
249 4 131 325 134 51 -1 -1 -1 -1 label : spot-1 0.34
264 4 121 326 137 53 -1 -1 -1 -1 label : spot-1 0.33
265 4 117 326 141 54 -1 -1 -1 -1 label : spot-1 0.33
266 4 115 327 141 54 -1 -1 -1 -1 label : spot-1 0.31
267 4 114 328 141 53 -1 -1 -1 -1 label : spot-1 0.31
268 4 113 327 137 55 -1 -1 -1 -1 label : spot-1 0.30
272 4 107 326 149 57 -1 -1 -1 -1 label : spot-1 0.34
273 4 106 326 150 57 -1 -1 -1 -1 label : spot-1 0.32
274 4 107 324 149 59 -1 -1 -1 -1 label : spot-1 0.33
275 4 106 324 152 59 -1 -1 -1 -1 label : spot-1 0.34
276 4 102 324 160 58 -1 -1 -1 -1 label : spot-1 0.41
277 4 105 324 151 58 -1 -1 -1 -1 label : spot-1 0.41
278 4 101 322 156 55 -1 -1 -1 -1 label : spot-1 0.48
279 4 102 322 152 53 -1 -1 -1 -1 label : spot-1 0.45
280 4 103 321 148 55 -1 -1 -1 -1 label : spot-1 0.40
281 4 101 320 150 56 -1 -1 -1 -1 label : spot-1 0.42
282 4 98 321 159 56 -1 -1 -1 -1 label : spot-1 0.39
283 4 99 321 159 56 -1 -1 -1 -1 label : spot-1 0.39
286 4 103 319 148 58 -1 -1 -1 -1 label : spot-1 0.45
287 4 100 318 151 59 -1 -1 -1 -1 label : spot-1 0.49
288 4 98 317 154 60 -1 -1 -1 -1 label : spot-1 0.50
289 4 98 317 153 60 -1 -1 -1 -1 label : spot-1 0.50
290 4 97 318 155 59 -1 -1 -1 -1 label : spot-1 0.46
291 4 97 318 155 59 -1 -1 -1 -1 label : spot-1 0.46
292 4 96 319 157 60 -1 -1 -1 -1 label : spot-1 0.45
293 4 96 319 157 60 -1 -1 -1 -1 label : spot-1 0.45
294 4 95 320 159 61 -1 -1 -1 -1 label : spot-1 0.37
295 4 94 320 160 61 -1 -1 -1 -1 label : spot-1 0.37
298 4 90 325 161 61 -1 -1 -1 -1 label : spot-1 0.51
299 4 88 327 161 60 -1 -1 -1 -1 label : spot-1 0.50
300 4 85 331 166 56 -1 -1 -1 -1 label : spot-1 0.34
301 4 87 332 161 55 -1 -1 -1 -1 label : spot-1 0.34
302 4 82 337 173 51 -1 -1 -1 -1 label : spot-1 0.39
303 4 84 339 169 50 -1 -1 -1 -1 label : spot-1 0.38
310 4 84 348 160 55 -1 -1 -1 -1 label : spot-1 0.37
311 4 80 352 164 56 -1 -1 -1 -1 label : spot-1 0.37
312 4 75 354 168 59 -1 -1 -1 -1 label : spot-1 0.53
313 4 72 354 173 61 -1 -1 -1 -1 label : spot-1 0.52
314 4 70 355 175 60 -1 -1 -1 -1 label : spot-1 0.45
315 4 70 355 174 60 -1 -1 -1 -1 label : spot-1 0.45
316 4 65 354 182 57 -1 -1 -1 -1 label : spot-1 0.37
317 4 68 354 176 57 -1 -1 -1 -1 label : spot-1 0.39
328 4 55 347 191 55 -1 -1 -1 -1 label : spot-1 0.31
329 4 54 344 190 55 -1 -1 -1 -1 label : spot-1 0.31
341 4 40 344 201 56 -1 -1 -1 -1 label : spot-1 0.31
427 7 0 357 168 93 -1 -1 -1 -1 label : spot-1 0.34
428 7 0 365 263 104 -1 -1 -1 -1 label : spot-1 0.36
429 7 2 368 280 107 -1 -1 -1 -1 label : spot-1 0.35
430 7 8 370 277 113 -1 -1 -1 -1 label : spot-1 0.32
431 7 6 370 283 115 -1 -1 -1 -1 label : spot-1 0.34
462 9 0 373 238 121 -1 -1 -1 -1 label : spot-1 0.32
463 9 0 374 240 122 -1 -1 -1 -1 label : spot-1 0.32
464 9 0 376 239 121 -1 -1 -1 -1 label : spot-1 0.41
465 9 0 377 239 120 -1 -1 -1 -1 label : spot-1 0.41
466 9 0 377 235 122 -1 -1 -1 -1 label : spot-1 0.33
467 9 0 378 235 122 -1 -1 -1 -1 label : spot-1 0.33
468 9 0 378 231 121 -1 -1 -1 -1 label : spot-1 0.30
470 9 1 378 227 124 -1 -1 -1 -1 label : spot-1 0.31
472 9 0 379 225 124 -1 -1 -1 -1 label : spot-1 0.35
473 9 0 379 225 125 -1 -1 -1 -1 label : spot-1 0.36
474 9 0 380 223 125 -1 -1 -1 -1 label : spot-1 0.36
475 9 0 380 224 124 -1 -1 -1 -1 label : spot-1 0.36
476 9 1 380 218 127 -1 -1 -1 -1 label : spot-1 0.33
477 9 0 380 218 128 -1 -1 -1 -1 label : spot-1 0.33
478 9 0 381 218 126 -1 -1 -1 -1 label : spot-1 0.37
479 9 0 382 217 123 -1 -1 -1 -1 label : spot-1 0.38
480 9 0 382 215 124 -1 -1 -1 -1 label : spot-1 0.38
481 9 0 382 215 125 -1 -1 -1 -1 label : spot-1 0.38
482 9 1 381 210 126 -1 -1 -1 -1 label : spot-1 0.32
483 9 0 381 210 127 -1 -1 -1 -1 label : spot-1 0.31
486 9 0 381 208 124 -1 -1 -1 -1 label : spot-1 0.31
487 9 0 382 206 122 -1 -1 -1 -1 label : spot-1 0.31
488 9 0 382 201 118 -1 -1 -1 -1 label : spot-1 0.31
489 9 0 383 199 116 -1 -1 -1 -1 label : spot-1 0.31
490 9 2 385 192 122 -1 -1 -1 -1 label : spot-1 0.33
491 9 0 386 196 123 -1 -1 -1 -1 label : spot-1 0.33
492 9 1 388 192 126 -1 -1 -1 -1 label : spot-1 0.31
493 9 0 389 194 127 -1 -1 -1 -1 label : spot-1 0.31
494 9 0 388 190 127 -1 -1 -1 -1 label : spot-1 0.31
495 9 0 388 190 127 -1 -1 -1 -1 label : spot-1 0.32
648 10 755 333 83 27 -1 -1 -1 -1 label : spot-1 0.32
649 10 757 334 82 26 -1 -1 -1 -1 label : spot-1 0.31
650 10 762 331 76 27 -1 -1 -1 -1 label : spot-1 0.32
651 10 761 330 79 28 -1 -1 -1 -1 label : spot-1 0.32
652 10 765 326 80 26 -1 -1 -1 -1 label : spot-1 0.33
653 10 767 325 78 25 -1 -1 -1 -1 label : spot-1 0.33
654 10 770 324 78 24 -1 -1 -1 -1 label : spot-1 0.35
655 10 772 324 77 24 -1 -1 -1 -1 label : spot-1 0.35
656 10 770 324 82 25 -1 -1 -1 -1 label : spot-1 0.36
657 10 770 324 82 25 -1 -1 -1 -1 label : spot-1 0.36
658 10 772 325 80 25 -1 -1 -1 -1 label : spot-1 0.33
659 10 772 325 81 26 -1 -1 -1 -1 label : spot-1 0.34
660 10 773 325 83 25 -1 -1 -1 -1 label : spot-1 0.37
661 10 775 325 82 25 -1 -1 -1 -1 label : spot-1 0.37
662 10 772 327 88 25 -1 -1 -1 -1 label : spot-1 0.35
663 10 772 327 89 26 -1 -1 -1 -1 label : spot-1 0.35
664 10 779 327 82 26 -1 -1 -1 -1 label : spot-1 0.36
665 10 782 327 80 26 -1 -1 -1 -1 label : spot-1 0.36
666 10 773 327 94 27 -1 -1 -1 -1 label : spot-1 0.37
667 10 772 327 94 27 -1 -1 -1 -1 label : spot-1 0.37
668 10 772 329 97 28 -1 -1 -1 -1 label : spot-1 0.46
669 10 771 330 100 28 -1 -1 -1 -1 label : spot-1 0.46
670 10 777 332 96 28 -1 -1 -1 -1 label : spot-1 0.51
671 10 778 332 96 28 -1 -1 -1 -1 label : spot-1 0.52
672 10 778 333 99 27 -1 -1 -1 -1 label : spot-1 0.45
673 10 780 333 97 27 -1 -1 -1 -1 label : spot-1 0.46
674 10 775 334 106 27 -1 -1 -1 -1 label : spot-1 0.40
675 10 776 334 104 28 -1 -1 -1 -1 label : spot-1 0.39
676 10 769 335 115 28 -1 -1 -1 -1 label : spot-1 0.33
677 10 769 335 115 28 -1 -1 -1 -1 label : spot-1 0.33
678 10 768 335 118 28 -1 -1 -1 -1 label : spot-1 0.40
688 10 776 333 129 37 -1 -1 -1 -1 label : spot-1 0.34
689 10 774 333 137 37 -1 -1 -1 -1 label : spot-1 0.33
698 12 876 316 12 36 -1 -1 -1 -1 label : fireHydrant 0.31
699 12 877 315 12 36 -1 -1 -1 -1 label : fireHydrant 0.30
732 13 902 318 12 34 -1 -1 -1 -1 label : fireHydrant 0.40
733 13 903 317 11 36 -1 -1 -1 -1 label : fireHydrant 0.40
734 13 904 314 14 38 -1 -1 -1 -1 label : fireHydrant 0.40
735 13 905 313 14 39 -1 -1 -1 -1 label : fireHydrant 0.38
736 13 906 309 17 42 -1 -1 -1 -1 label : fireHydrant 0.52
737 13 907 307 16 44 -1 -1 -1 -1 label : fireHydrant 0.52
738 13 906 304 20 48 -1 -1 -1 -1 label : fireHydrant 0.58
739 13 906 302 21 51 -1 -1 -1 -1 label : fireHydrant 0.56
740 13 908 308 18 49 -1 -1 -1 -1 label : fireHydrant 0.33
741 13 909 310 17 48 -1 -1 -1 -1 label : fireHydrant 0.34
754 13 965 325 21 44 -1 -1 -1 -1 label : fireHydrant 0.34
755 13 987 331 20 42 -1 -1 -1 -1 label : fireHydrant 0.35
756 13 995 333 20 43 -1 -1 -1 -1 label : fireHydrant 0.41
757 13 998 334 20 43 -1 -1 -1 -1 label : fireHydrant 0.40
764 13 1007 332 20 44 -1 -1 -1 -1 label : fireHydrant 0.35
765 13 1011 331 19 44 -1 -1 -1 -1 label : fireHydrant 0.50
766 13 1012 330 22 44 -1 -1 -1 -1 label : fireHydrant 0.43
767 13 1013 330 22 44 -1 -1 -1 -1 label : fireHydrant 0.42
792 13 1041 329 24 49 -1 -1 -1 -1 label : fireHydrant 0.46
793 13 1052 328 25 52 -1 -1 -1 -1 label : fireHydrant 0.47
800 13 1065 328 27 53 -1 -1 -1 -1 label : fireHydrant 0.58
801 13 1070 328 27 53 -1 -1 -1 -1 label : fireHydrant 0.58
802 13 1075 328 27 53 -1 -1 -1 -1 label : fireHydrant 0.53
803 13 1076 328 28 53 -1 -1 -1 -1 label : fireHydrant 0.53
804 13 1079 328 28 53 -1 -1 -1 -1 label : fireHydrant 0.54
805 13 1080 328 28 53 -1 -1 -1 -1 label : fireHydrant 0.53
806 13 1084 327 30 55 -1 -1 -1 -1 label : fireHydrant 0.73
807 13 1085 327 30 56 -1 -1 -1 -1 label : fireHydrant 0.72
808 13 1089 329 27 55 -1 -1 -1 -1 label : fireHydrant 0.57
809 13 1090 330 26 54 -1 -1 -1 -1 label : fireHydrant 0.58
810 13 1092 330 30 54 -1 -1 -1 -1 label : fireHydrant 0.57
811 13 1093 330 31 54 -1 -1 -1 -1 label : fireHydrant 0.60
812 13 1098 330 28 55 -1 -1 -1 -1 label : fireHydrant 0.46
813 13 1099 331 28 55 -1 -1 -1 -1 label : fireHydrant 0.49
814 13 1102 333 28 53 -1 -1 -1 -1 label : fireHydrant 0.69
815 13 1103 333 27 54 -1 -1 -1 -1 label : fireHydrant 0.69
820 13 1116 336 28 54 -1 -1 -1 -1 label : fireHydrant 0.41
821 13 1120 336 30 55 -1 -1 -1 -1 label : fireHydrant 0.42
822 13 1124 337 32 56 -1 -1 -1 -1 label : fireHydrant 0.43
823 13 1126 338 32 56 -1 -1 -1 -1 label : fireHydrant 0.43
836 16 854 351 407 93 -1 -1 -1 -1 label : spot-2 0.41
837 16 853 352 413 93 -1 -1 -1 -1 label : spot-2 0.42
838 16 850 352 423 94 -1 -1 -1 -1 label : spot-2 0.41
839 16 850 352 425 95 -1 -1 -1 -1 label : spot-2 0.41
840 16 848 353 429 98 -1 -1 -1 -1 label : spot-2 0.38
841 16 845 354 434 98 -1 -1 -1 -1 label : spot-2 0.40
842 16 851 353 391 92 -1 -1 -1 -1 label : spot-2 0.32
843 16 852 353 371 88 -1 -1 -1 -1 label : spot-2 0.31
844 16 855 353 324 78 -1 -1 -1 -1 label : spot-2 0.42
845 16 853 353 311 74 -1 -1 -1 -1 label : spot-2 0.44
846 16 856 353 306 70 -1 -1 -1 -1 label : spot-2 0.46
847 16 859 353 300 69 -1 -1 -1 -1 label : spot-2 0.46
848 16 864 353 297 70 -1 -1 -1 -1 label : spot-2 0.49
849 16 863 353 301 70 -1 -1 -1 -1 label : spot-2 0.48
850 16 866 353 338 79 -1 -1 -1 -1 label : spot-2 0.39
851 16 866 354 355 82 -1 -1 -1 -1 label : spot-2 0.39
852 16 864 355 374 83 -1 -1 -1 -1 label : spot-2 0.36
853 16 867 355 373 83 -1 -1 -1 -1 label : spot-2 0.37
854 16 864 355 387 85 -1 -1 -1 -1 label : spot-2 0.39
855 16 864 355 389 86 -1 -1 -1 -1 label : spot-2 0.40
856 16 861 355 390 84 -1 -1 -1 -1 label : spot-2 0.32
857 16 863 355 384 84 -1 -1 -1 -1 label : spot-2 0.32
858 16 865 355 390 89 -1 -1 -1 -1 label : spot-2 0.38
859 16 863 355 396 90 -1 -1 -1 -1 label : spot-2 0.37
872 16 877 356 391 96 -1 -1 -1 -1 label : spot-2 0.30
873 16 877 356 399 98 -1 -1 -1 -1 label : spot-2 0.32
874 16 888 359 387 100 -1 -1 -1 -1 label : spot-2 0.38
875 16 887 360 392 101 -1 -1 -1 -1 label : spot-2 0.38
876 16 888 361 391 101 -1 -1 -1 -1 label : spot-2 0.31
877 16 889 361 390 100 -1 -1 -1 -1 label : spot-2 0.32
878 16 885 361 394 100 -1 -1 -1 -1 label : spot-2 0.34
879 16 885 362 394 99 -1 -1 -1 -1 label : spot-2 0.34
880 16 881 362 398 100 -1 -1 -1 -1 label : spot-2 0.39
881 16 882 363 397 99 -1 -1 -1 -1 label : spot-2 0.40
882 16 883 361 396 98 -1 -1 -1 -1 label : spot-2 0.38
883 16 884 361 395 97 -1 -1 -1 -1 label : spot-2 0.38
884 16 881 361 398 92 -1 -1 -1 -1 label : spot-2 0.30
886 16 884 361 395 90 -1 -1 -1 -1 label : spot-2 0.34
887 16 886 361 393 90 -1 -1 -1 -1 label : spot-2 0.34
888 16 892 361 387 89 -1 -1 -1 -1 label : spot-2 0.38
889 16 895 361 384 89 -1 -1 -1 -1 label : spot-2 0.38
890 16 893 361 386 88 -1 -1 -1 -1 label : spot-2 0.35
891 16 894 361 385 88 -1 -1 -1 -1 label : spot-2 0.35
892 16 897 363 382 85 -1 -1 -1 -1 label : spot-2 0.38
893 16 899 363 380 86 -1 -1 -1 -1 label : spot-2 0.37
897 16 917 362 354 92 -1 -1 -1 -1 label : spot-2 0.30
898 16 909 364 370 90 -1 -1 -1 -1 label : spot-2 0.31
899 16 910 364 369 90 -1 -1 -1 -1 label : spot-2 0.32
906 16 944 362 323 98 -1 -1 -1 -1 label : spot-2 0.38
907 16 943 361 332 101 -1 -1 -1 -1 label : spot-2 0.37
909 16 936 363 343 97 -1 -1 -1 -1 label : spot-2 0.30
910 16 938 365 341 96 -1 -1 -1 -1 label : spot-2 0.30
911 16 940 365 339 97 -1 -1 -1 -1 label : spot-2 0.31
912 16 938 365 341 94 -1 -1 -1 -1 label : spot-2 0.35
913 16 939 365 340 93 -1 -1 -1 -1 label : spot-2 0.35
916 16 953 364 321 98 -1 -1 -1 -1 label : spot-2 0.39
917 16 952 364 326 99 -1 -1 -1 -1 label : spot-2 0.38
918 16 955 365 323 99 -1 -1 -1 -1 label : spot-2 0.32
919 16 955 365 324 99 -1 -1 -1 -1 label : spot-2 0.32
