251 4 885 475 232 96 -1 -1 -1 -1 label : spot-1 0.53
252 4 888 476 234 96 -1 -1 -1 -1 label : spot-1 0.53
253 4 895 477 249 96 -1 -1 -1 -1 label : spot-1 0.36
254 4 898 478 249 96 -1 -1 -1 -1 label : spot-1 0.36
255 4 959 479 194 97 -1 -1 -1 -1 label : spot-1 0.40
256 4 969 480 197 97 -1 -1 -1 -1 label : spot-1 0.40
257 4 948 482 239 104 -1 -1 -1 -1 label : spot-1 0.38
258 4 932 483 260 107 -1 -1 -1 -1 label : spot-1 0.39
259 4 935 487 289 81 -1 -1 -1 -1 label : spot-1 0.37
260 4 964 489 246 70 -1 -1 -1 -1 label : spot-1 0.36
261 4 972 490 261 75 -1 -1 -1 -1 label : spot-1 0.40
262 4 978 490 261 77 -1 -1 -1 -1 label : spot-1 0.40
263 4 1016 493 243 89 -1 -1 -1 -1 label : spot-1 0.36
264 4 1022 494 253 94 -1 -1 -1 -1 label : spot-1 0.36
265 4 971 503 308 96 -1 -1 -1 -1 label : spot-1 0.48
266 4 962 507 317 96 -1 -1 -1 -1 label : spot-1 0.48
267 4 985 511 293 99 -1 -1 -1 -1 label : spot-1 0.44
268 4 987 511 292 101 -1 -1 -1 -1 label : spot-1 0.44
269 4 1010 515 268 103 -1 -1 -1 -1 label : spot-1 0.34
270 4 1014 517 265 103 -1 -1 -1 -1 label : spot-1 0.34
271 4 1072 517 197 109 -1 -1 -1 -1 label : spot-1 0.33
272 4 1080 517 198 111 -1 -1 -1 -1 label : spot-1 0.34
273 4 1068 519 211 106 -1 -1 -1 -1 label : spot-1 0.31
274 4 1071 519 208 103 -1 -1 -1 -1 label : spot-1 0.32
