3 1 64 384 25 75 -1 -1 -1 -1 label : fireHydrant 0.36
4 1 61 383 25 77 -1 -1 -1 -1 label : fireHydrant 0.30
95 11 787 406 492 132 -1 -1 -1 -1 label : spot-2 0.10
96 11 786 406 493 131 -1 -1 -1 -1 label : spot-2 0.11
101 12 6 407 178 67 -1 -1 -1 -1 label : spot-1 0.23
102 12 10 406 173 66 -1 -1 -1 -1 label : spot-1 0.23
103 12 11 406 165 67 -1 -1 -1 -1 label : spot-1 0.16
104 12 8 405 168 69 -1 -1 -1 -1 label : spot-1 0.16
107 11 829 415 449 122 -1 -1 -1 -1 label : spot-2 0.23
108 11 831 416 447 121 -1 -1 -1 -1 label : spot-2 0.22
109 11 834 416 445 121 -1 -1 -1 -1 label : spot-2 0.18
110 11 836 417 443 120 -1 -1 -1 -1 label : spot-2 0.20
111 11 819 418 460 119 -1 -1 -1 -1 label : spot-2 0.18
112 11 817 418 461 119 -1 -1 -1 -1 label : spot-2 0.17
114 11 822 420 457 116 -1 -1 -1 -1 label : spot-2 0.11
115 11 821 420 456 116 -1 -1 -1 -1 label : spot-2 0.18
116 11 818 420 460 116 -1 -1 -1 -1 label : spot-2 0.18
117 11 842 421 431 115 -1 -1 -1 -1 label : spot-2 0.22
118 11 846 422 430 113 -1 -1 -1 -1 label : spot-2 0.22
121 11 867 425 406 107 -1 -1 -1 -1 label : spot-2 0.25
122 11 874 426 399 105 -1 -1 -1 -1 label : spot-2 0.23
123 11 878 427 389 101 -1 -1 -1 -1 label : spot-2 0.16
124 11 881 428 382 99 -1 -1 -1 -1 label : spot-2 0.15
125 11 893 429 367 102 -1 -1 -1 -1 label : spot-2 0.24
126 11 894 429 369 103 -1 -1 -1 -1 label : spot-2 0.24
127 11 891 431 381 102 -1 -1 -1 -1 label : spot-2 0.12
128 11 893 432 380 101 -1 -1 -1 -1 label : spot-2 0.12
129 11 891 432 384 98 -1 -1 -1 -1 label : spot-2 0.15
130 11 892 432 381 98 -1 -1 -1 -1 label : spot-2 0.16
132 11 874 433 405 100 -1 -1 -1 -1 label : spot-2 0.10
133 11 921 434 347 102 -1 -1 -1 -1 label : spot-2 0.16
134 11 926 435 350 102 -1 -1 -1 -1 label : spot-2 0.15
135 11 893 433 386 102 -1 -1 -1 -1 label : spot-2 0.19
136 11 887 432 392 102 -1 -1 -1 -1 label : spot-2 0.20
137 11 935 429 333 100 -1 -1 -1 -1 label : spot-2 0.16
138 11 942 428 331 99 -1 -1 -1 -1 label : spot-2 0.16
139 11 882 432 397 91 -1 -1 -1 -1 label : spot-2 0.14
140 11 881 433 398 88 -1 -1 -1 -1 label : spot-2 0.14
141 11 877 437 361 85 -1 -1 -1 -1 label : spot-1 0.10
143 11 928 441 269 78 -1 -1 -1 -1 label : spot-1 0.12
144 11 936 442 257 77 -1 -1 -1 -1 label : spot-1 0.12
145 11 906 443 301 75 -1 -1 -1 -1 label : spot-1 0.16
146 11 908 443 291 74 -1 -1 -1 -1 label : spot-1 0.18
147 11 972 449 271 79 -1 -1 -1 -1 label : spot-1 0.16
148 11 990 452 275 80 -1 -1 -1 -1 label : spot-1 0.16
149 11 1010 450 256 82 -1 -1 -1 -1 label : spot-1 0.13
150 11 1013 448 258 84 -1 -1 -1 -1 label : spot-1 0.13
151 11 1026 455 250 83 -1 -1 -1 -1 label : spot-1 0.23
152 11 1030 457 248 83 -1 -1 -1 -1 label : spot-1 0.24
153 11 1038 456 238 83 -1 -1 -1 -1 label : spot-1 0.12
154 11 1038 455 240 84 -1 -1 -1 -1 label : spot-1 0.11
155 11 1063 454 212 86 -1 -1 -1 -1 label : spot-1 0.30
156 11 1066 454 213 85 -1 -1 -1 -1 label : spot-1 0.30
157 11 1072 456 207 88 -1 -1 -1 -1 label : spot-1 0.25
158 11 1066 459 213 84 -1 -1 -1 -1 label : spot-1 0.25
159 11 1085 458 191 86 -1 -1 -1 -1 label : spot-1 0.29
160 11 1088 457 191 88 -1 -1 -1 -1 label : spot-1 0.27
161 11 1106 459 172 86 -1 -1 -1 -1 label : spot-1 0.21
162 11 1114 460 165 85 -1 -1 -1 -1 label : spot-1 0.20
163 11 1125 467 154 83 -1 -1 -1 -1 label : spot-1 0.20
164 11 1128 470 151 82 -1 -1 -1 -1 label : spot-1 0.20
165 11 1135 462 144 82 -1 -1 -1 -1 label : spot-1 0.12
166 11 1137 460 142 82 -1 -1 -1 -1 label : spot-1 0.12
275 16 979 459 298 128 -1 -1 -1 -1 label : spot-1 0.17
276 16 977 459 302 129 -1 -1 -1 -1 label : spot-1 0.17
277 16 980 466 299 126 -1 -1 -1 -1 label : spot-1 0.18
278 16 981 468 298 124 -1 -1 -1 -1 label : spot-1 0.19
279 16 1001 466 278 118 -1 -1 -1 -1 label : spot-1 0.24
280 16 1004 464 275 116 -1 -1 -1 -1 label : spot-1 0.26
281 16 1024 470 252 116 -1 -1 -1 -1 label : spot-1 0.25
282 16 1028 472 251 117 -1 -1 -1 -1 label : spot-1 0.24
284 16 1049 474 229 114 -1 -1 -1 -1 label : spot-1 0.10
339 17 154 403 50 38 -1 -1 -1 -1 label : spot-1 0.20
340 17 152 404 51 38 -1 -1 -1 -1 label : spot-1 0.20
341 17 147 402 54 39 -1 -1 -1 -1 label : spot-1 0.22
342 17 146 402 54 39 -1 -1 -1 -1 label : spot-1 0.22
343 17 141 403 67 39 -1 -1 -1 -1 label : spot-1 0.26
344 17 142 403 66 40 -1 -1 -1 -1 label : spot-1 0.26
345 17 133 403 91 42 -1 -1 -1 -1 label : spot-1 0.35
346 17 133 404 93 41 -1 -1 -1 -1 label : spot-1 0.35
347 17 132 406 69 40 -1 -1 -1 -1 label : spot-1 0.18
348 17 129 407 66 39 -1 -1 -1 -1 label : spot-1 0.17
349 17 121 403 92 42 -1 -1 -1 -1 label : spot-1 0.25
350 17 121 402 94 42 -1 -1 -1 -1 label : spot-1 0.24
351 17 117 402 73 41 -1 -1 -1 -1 label : invalidSpot-entrance 0.11
352 17 112 402 70 41 -1 -1 -1 -1 label : invalidSpot-entrance 0.11
355 17 102 400 70 44 -1 -1 -1 -1 label : invalidSpot-entrance 0.13
356 17 98 399 72 45 -1 -1 -1 -1 label : invalidSpot-entrance 0.13
357 17 88 402 80 46 -1 -1 -1 -1 label : invalidSpot-entrance 0.24
358 17 86 404 80 45 -1 -1 -1 -1 label : invalidSpot-entrance 0.24
359 17 80 405 83 47 -1 -1 -1 -1 label : invalidSpot-entrance 0.29
360 17 78 405 84 48 -1 -1 -1 -1 label : invalidSpot-entrance 0.29
361 17 66 404 101 41 -1 -1 -1 -1 label : invalidSpot-entrance 0.45
362 17 69 404 93 37 -1 -1 -1 -1 label : invalidSpot-entrance 0.45
363 17 66 406 94 38 -1 -1 -1 -1 label : invalidSpot-entrance 0.33
364 17 65 407 96 37 -1 -1 -1 -1 label : invalidSpot-entrance 0.32
365 17 58 411 104 38 -1 -1 -1 -1 label : invalidSpot-entrance 0.30
366 17 56 413 105 38 -1 -1 -1 -1 label : invalidSpot-entrance 0.31
367 17 52 414 103 39 -1 -1 -1 -1 label : invalidSpot-entrance 0.31
368 17 49 414 104 40 -1 -1 -1 -1 label : invalidSpot-entrance 0.30
369 17 49 413 103 44 -1 -1 -1 -1 label : spot-1 0.15
370 17 47 413 107 45 -1 -1 -1 -1 label : spot-1 0.15
371 17 42 412 113 47 -1 -1 -1 -1 label : invalidSpot-entrance 0.18
372 17 40 411 115 48 -1 -1 -1 -1 label : invalidSpot-entrance 0.18
377 17 10 411 121 60 -1 -1 -1 -1 label : spot-1 0.27
378 17 4 411 125 61 -1 -1 -1 -1 label : spot-1 0.27
379 17 2 409 120 63 -1 -1 -1 -1 label : spot-1 0.22
380 17 1 409 120 62 -1 -1 -1 -1 label : spot-1 0.21
381 17 0 410 121 65 -1 -1 -1 -1 label : spot-1 0.14
382 17 0 410 122 66 -1 -1 -1 -1 label : spot-1 0.14
387 17 2 414 97 65 -1 -1 -1 -1 label : spot-1 0.14
388 17 0 415 96 66 -1 -1 -1 -1 label : spot-1 0.14
389 17 0 416 88 70 -1 -1 -1 -1 label : spot-1 0.15
390 17 0 417 88 71 -1 -1 -1 -1 label : spot-1 0.15
391 17 0 416 85 68 -1 -1 -1 -1 label : spot-1 0.15
723 22 694 397 71 36 -1 -1 -1 -1 label : spot-1 0.11
724 22 695 398 72 36 -1 -1 -1 -1 label : spot-1 0.12
725 22 697 398 72 36 -1 -1 -1 -1 label : spot-1 0.15
726 22 698 399 72 36 -1 -1 -1 -1 label : spot-1 0.15
727 22 701 399 73 36 -1 -1 -1 -1 label : spot-1 0.17
728 22 701 400 74 35 -1 -1 -1 -1 label : spot-1 0.18
731 22 705 402 78 33 -1 -1 -1 -1 label : spot-1 0.13
732 22 707 403 77 33 -1 -1 -1 -1 label : spot-1 0.13
733 22 710 404 76 33 -1 -1 -1 -1 label : spot-1 0.13
734 22 711 404 77 34 -1 -1 -1 -1 label : spot-1 0.13
735 22 709 404 82 36 -1 -1 -1 -1 label : spot-1 0.19
736 22 709 405 83 36 -1 -1 -1 -1 label : spot-1 0.19
737 22 716 403 78 39 -1 -1 -1 -1 label : spot-1 0.22
738 22 716 403 81 38 -1 -1 -1 -1 label : spot-1 0.21
739 22 718 403 82 39 -1 -1 -1 -1 label : spot-1 0.29
740 22 718 404 83 39 -1 -1 -1 -1 label : spot-1 0.29
741 22 720 404 86 39 -1 -1 -1 -1 label : spot-1 0.20
742 22 721 404 86 40 -1 -1 -1 -1 label : spot-1 0.20
743 22 721 405 91 40 -1 -1 -1 -1 label : spot-1 0.16
744 22 722 405 90 41 -1 -1 -1 -1 label : spot-1 0.16
745 22 725 406 90 40 -1 -1 -1 -1 label : spot-1 0.21
746 22 726 406 90 40 -1 -1 -1 -1 label : spot-1 0.21
747 22 732 406 88 42 -1 -1 -1 -1 label : spot-1 0.29
748 22 733 407 88 42 -1 -1 -1 -1 label : spot-1 0.29
749 22 734 407 93 42 -1 -1 -1 -1 label : spot-1 0.22
750 22 736 407 92 42 -1 -1 -1 -1 label : spot-1 0.22
751 22 739 408 93 42 -1 -1 -1 -1 label : spot-1 0.27
752 22 740 408 93 43 -1 -1 -1 -1 label : spot-1 0.27
753 22 743 407 96 47 -1 -1 -1 -1 label : spot-1 0.33
754 22 743 407 99 48 -1 -1 -1 -1 label : spot-1 0.33
755 22 747 407 100 50 -1 -1 -1 -1 label : spot-1 0.33
756 22 748 407 101 51 -1 -1 -1 -1 label : spot-1 0.34
757 22 749 409 108 48 -1 -1 -1 -1 label : spot-1 0.36
758 22 752 410 105 47 -1 -1 -1 -1 label : spot-1 0.38
759 22 756 411 105 48 -1 -1 -1 -1 label : spot-1 0.53
760 22 757 411 106 49 -1 -1 -1 -1 label : spot-1 0.53
761 22 760 411 108 50 -1 -1 -1 -1 label : spot-1 0.46
762 22 761 412 108 50 -1 -1 -1 -1 label : spot-1 0.44
763 22 763 412 111 50 -1 -1 -1 -1 label : spot-1 0.37
764 22 765 412 111 50 -1 -1 -1 -1 label : spot-1 0.36
765 22 771 412 111 51 -1 -1 -1 -1 label : spot-1 0.46
766 22 773 412 112 52 -1 -1 -1 -1 label : spot-1 0.46
767 22 786 414 105 52 -1 -1 -1 -1 label : spot-1 0.39
768 22 791 415 103 52 -1 -1 -1 -1 label : spot-1 0.39
769 22 790 414 113 54 -1 -1 -1 -1 label : spot-1 0.38
770 22 791 414 115 55 -1 -1 -1 -1 label : spot-1 0.38
771 22 791 414 121 57 -1 -1 -1 -1 label : spot-1 0.49
772 22 792 414 122 58 -1 -1 -1 -1 label : spot-1 0.49
773 22 793 414 127 59 -1 -1 -1 -1 label : spot-1 0.55
774 22 794 415 128 59 -1 -1 -1 -1 label : spot-1 0.55
775 22 798 415 130 62 -1 -1 -1 -1 label : spot-1 0.58
776 22 797 416 134 62 -1 -1 -1 -1 label : spot-1 0.58
777 22 804 416 133 66 -1 -1 -1 -1 label : spot-1 0.54
778 22 805 417 135 67 -1 -1 -1 -1 label : spot-1 0.55
779 22 809 416 141 67 -1 -1 -1 -1 label : spot-1 0.53
780 22 811 416 142 66 -1 -1 -1 -1 label : spot-1 0.54
781 22 817 415 139 69 -1 -1 -1 -1 label : spot-1 0.52
782 22 818 415 141 70 -1 -1 -1 -1 label : spot-1 0.52
783 22 823 416 146 71 -1 -1 -1 -1 label : spot-1 0.63
784 22 826 416 146 72 -1 -1 -1 -1 label : spot-1 0.63
785 22 833 416 146 74 -1 -1 -1 -1 label : spot-1 0.67
786 22 834 416 149 75 -1 -1 -1 -1 label : spot-1 0.67
787 22 841 417 152 75 -1 -1 -1 -1 label : spot-1 0.61
788 22 844 417 152 75 -1 -1 -1 -1 label : spot-1 0.60
789 22 851 416 157 79 -1 -1 -1 -1 label : spot-1 0.56
790 22 854 416 158 80 -1 -1 -1 -1 label : spot-1 0.57
791 22 858 419 169 82 -1 -1 -1 -1 label : spot-1 0.66
792 22 860 420 172 83 -1 -1 -1 -1 label : spot-1 0.67
793 22 867 422 173 86 -1 -1 -1 -1 label : spot-1 0.67
794 22 868 422 177 88 -1 -1 -1 -1 label : spot-1 0.67
795 22 875 424 176 93 -1 -1 -1 -1 label : spot-1 0.65
796 22 876 425 179 95 -1 -1 -1 -1 label : spot-1 0.66
797 22 878 427 191 93 -1 -1 -1 -1 label : spot-1 0.63
798 22 881 428 189 92 -1 -1 -1 -1 label : spot-1 0.63
799 22 890 428 197 97 -1 -1 -1 -1 label : spot-1 0.69
800 22 894 429 199 97 -1 -1 -1 -1 label : spot-1 0.69
801 22 900 430 207 99 -1 -1 -1 -1 label : spot-1 0.69
802 22 903 431 208 99 -1 -1 -1 -1 label : spot-1 0.69
803 22 907 432 223 98 -1 -1 -1 -1 label : spot-1 0.60
804 22 912 432 221 98 -1 -1 -1 -1 label : spot-1 0.60
805 22 920 433 224 101 -1 -1 -1 -1 label : spot-1 0.64
806 22 922 434 227 102 -1 -1 -1 -1 label : spot-1 0.64
807 22 931 435 234 106 -1 -1 -1 -1 label : spot-1 0.55
808 22 934 435 238 108 -1 -1 -1 -1 label : spot-1 0.55
809 22 936 436 306 126 -1 -1 -1 -1 label : spot-1 0.47
810 22 943 437 316 132 -1 -1 -1 -1 label : spot-1 0.48
811 22 953 438 292 124 -1 -1 -1 -1 label : spot-1 0.59
812 22 956 439 284 121 -1 -1 -1 -1 label : spot-1 0.58
813 22 960 439 294 119 -1 -1 -1 -1 label : spot-1 0.60
814 22 965 440 290 117 -1 -1 -1 -1 label : spot-1 0.60
815 22 978 444 293 123 -1 -1 -1 -1 label : spot-1 0.35
816 22 981 445 298 124 -1 -1 -1 -1 label : spot-1 0.34
817 22 995 446 284 126 -1 -1 -1 -1 label : spot-1 0.30
818 22 997 447 282 126 -1 -1 -1 -1 label : spot-1 0.30
819 22 1009 448 270 127 -1 -1 -1 -1 label : spot-1 0.27
820 22 1009 449 270 127 -1 -1 -1 -1 label : spot-1 0.27
821 22 1019 450 259 134 -1 -1 -1 -1 label : spot-1 0.12
822 22 1017 451 262 136 -1 -1 -1 -1 label : spot-1 0.11
823 22 1034 451 243 140 -1 -1 -1 -1 label : spot-1 0.11
824 22 1034 450 245 143 -1 -1 -1 -1 label : spot-1 0.11
825 22 1041 450 238 130 -1 -1 -1 -1 label : spot-1 0.29
826 22 1049 449 230 127 -1 -1 -1 -1 label : spot-1 0.28
827 22 1065 448 213 127 -1 -1 -1 -1 label : spot-1 0.34
828 22 1068 447 211 129 -1 -1 -1 -1 label : spot-1 0.32
829 22 1079 450 198 134 -1 -1 -1 -1 label : spot-1 0.36
830 22 1079 451 200 136 -1 -1 -1 -1 label : spot-1 0.37
887 29 24 362 17 37 -1 -1 -1 -1 label : fireHydrant 0.39
888 29 23 362 17 37 -1 -1 -1 -1 label : fireHydrant 0.39
889 29 23 363 16 36 -1 -1 -1 -1 label : fireHydrant 0.49
890 29 22 363 17 37 -1 -1 -1 -1 label : fireHydrant 0.52
891 29 21 364 17 37 -1 -1 -1 -1 label : fireHydrant 0.48
892 29 20 364 17 38 -1 -1 -1 -1 label : fireHydrant 0.48
893 29 20 366 17 36 -1 -1 -1 -1 label : fireHydrant 0.49
894 29 20 366 16 37 -1 -1 -1 -1 label : fireHydrant 0.50
895 29 19 367 17 36 -1 -1 -1 -1 label : fireHydrant 0.48
896 29 18 368 17 36 -1 -1 -1 -1 label : fireHydrant 0.47
897 29 18 368 16 36 -1 -1 -1 -1 label : fireHydrant 0.17
898 29 18 369 16 36 -1 -1 -1 -1 label : fireHydrant 0.17
901 29 16 371 16 37 -1 -1 -1 -1 label : fireHydrant 0.25
902 29 16 372 15 37 -1 -1 -1 -1 label : fireHydrant 0.25
903 29 15 372 15 38 -1 -1 -1 -1 label : fireHydrant 0.26
904 29 15 372 15 37 -1 -1 -1 -1 label : fireHydrant 0.25
905 29 15 372 15 36 -1 -1 -1 -1 label : fireHydrant 0.35
906 29 15 373 15 35 -1 -1 -1 -1 label : fireHydrant 0.33
907 29 15 373 15 35 -1 -1 -1 -1 label : fireHydrant 0.28
908 29 15 373 15 35 -1 -1 -1 -1 label : fireHydrant 0.27
909 29 15 373 15 35 -1 -1 -1 -1 label : fireHydrant 0.28
910 29 14 373 16 35 -1 -1 -1 -1 label : fireHydrant 0.28
911 29 13 373 16 35 -1 -1 -1 -1 label : fireHydrant 0.15
912 29 13 373 15 36 -1 -1 -1 -1 label : fireHydrant 0.15
917 29 12 372 14 37 -1 -1 -1 -1 label : fireHydrant 0.17
918 29 11 372 14 37 -1 -1 -1 -1 label : fireHydrant 0.16
930 29 5 373 17 37 -1 -1 -1 -1 label : fireHydrant 0.11
931 29 4 374 17 36 -1 -1 -1 -1 label : fireHydrant 0.19
932 29 4 374 16 36 -1 -1 -1 -1 label : fireHydrant 0.19
933 29 3 374 17 36 -1 -1 -1 -1 label : fireHydrant 0.24
934 29 3 374 17 37 -1 -1 -1 -1 label : fireHydrant 0.20
935 29 2 375 18 37 -1 -1 -1 -1 label : fireHydrant 0.41
936 29 2 375 18 37 -1 -1 -1 -1 label : fireHydrant 0.40
943 29 2 376 16 36 -1 -1 -1 -1 label : fireHydrant 0.13
944 29 1 377 16 35 -1 -1 -1 -1 label : fireHydrant 0.11
945 29 1 376 16 36 -1 -1 -1 -1 label : fireHydrant 0.23
946 29 1 376 16 37 -1 -1 -1 -1 label : fireHydrant 0.24
947 29 1 376 16 36 -1 -1 -1 -1 label : fireHydrant 0.24
948 29 1 376 16 36 -1 -1 -1 -1 label : fireHydrant 0.24
949 29 1 376 16 36 -1 -1 -1 -1 label : fireHydrant 0.12
951 31 83 379 14 30 -1 -1 -1 -1 label : fireHydrant 0.10
953 29 1 376 14 36 -1 -1 -1 -1 label : fireHydrant 0.20
954 29 0 376 15 37 -1 -1 -1 -1 label : fireHydrant 0.22
955 29 0 375 15 36 -1 -1 -1 -1 label : fireHydrant 0.26
956 29 0 375 15 36 -1 -1 -1 -1 label : fireHydrant 0.26
957 29 0 375 16 36 -1 -1 -1 -1 label : fireHydrant 0.31
958 29 0 375 16 35 -1 -1 -1 -1 label : fireHydrant 0.33
959 29 1 375 16 36 -1 -1 -1 -1 label : fireHydrant 0.31
960 29 1 375 16 36 -1 -1 -1 -1 label : fireHydrant 0.31
961 29 1 375 16 36 -1 -1 -1 -1 label : fireHydrant 0.28
962 29 1 374 16 38 -1 -1 -1 -1 label : fireHydrant 0.28
963 29 1 374 17 38 -1 -1 -1 -1 label : fireHydrant 0.27
964 29 0 375 18 36 -1 -1 -1 -1 label : fireHydrant 0.26
965 29 1 375 18 36 -1 -1 -1 -1 label : fireHydrant 0.33
966 29 1 375 18 36 -1 -1 -1 -1 label : fireHydrant 0.34
967 29 2 375 17 36 -1 -1 -1 -1 label : fireHydrant 0.39
968 29 2 375 17 36 -1 -1 -1 -1 label : fireHydrant 0.39
969 29 1 375 18 35 -1 -1 -1 -1 label : fireHydrant 0.22
970 29 1 375 18 35 -1 -1 -1 -1 label : fireHydrant 0.23
971 29 2 375 17 34 -1 -1 -1 -1 label : fireHydrant 0.29
972 29 2 376 17 33 -1 -1 -1 -1 label : fireHydrant 0.29
973 29 2 375 17 36 -1 -1 -1 -1 label : fireHydrant 0.27
974 29 2 375 17 36 -1 -1 -1 -1 label : fireHydrant 0.27
975 29 2 375 17 36 -1 -1 -1 -1 label : fireHydrant 0.31
976 29 1 374 18 37 -1 -1 -1 -1 label : fireHydrant 0.33
977 29 1 375 18 36 -1 -1 -1 -1 label : fireHydrant 0.32
978 29 1 375 17 37 -1 -1 -1 -1 label : fireHydrant 0.34
979 29 0 376 18 34 -1 -1 -1 -1 label : fireHydrant 0.32
980 29 0 376 18 34 -1 -1 -1 -1 label : fireHydrant 0.32
981 29 1 376 17 35 -1 -1 -1 -1 label : fireHydrant 0.45
982 29 2 376 16 36 -1 -1 -1 -1 label : fireHydrant 0.44
983 29 1 376 16 35 -1 -1 -1 -1 label : fireHydrant 0.34
984 29 1 376 16 35 -1 -1 -1 -1 label : fireHydrant 0.32
985 29 0 376 17 35 -1 -1 -1 -1 label : fireHydrant 0.34
986 29 0 376 17 35 -1 -1 -1 -1 label : fireHydrant 0.34
987 29 1 376 17 34 -1 -1 -1 -1 label : fireHydrant 0.47
988 29 1 376 17 34 -1 -1 -1 -1 label : fireHydrant 0.48
989 29 1 375 17 35 -1 -1 -1 -1 label : fireHydrant 0.45
990 29 2 375 17 35 -1 -1 -1 -1 label : fireHydrant 0.45
991 29 1 375 18 35 -1 -1 -1 -1 label : fireHydrant 0.50
992 29 1 376 19 34 -1 -1 -1 -1 label : fireHydrant 0.50
993 29 2 376 17 33 -1 -1 -1 -1 label : fireHydrant 0.48
994 29 2 376 18 33 -1 -1 -1 -1 label : fireHydrant 0.49
995 29 1 376 19 33 -1 -1 -1 -1 label : fireHydrant 0.50
996 29 2 376 18 33 -1 -1 -1 -1 label : fireHydrant 0.49
997 29 2 377 18 32 -1 -1 -1 -1 label : fireHydrant 0.53
998 29 2 377 18 32 -1 -1 -1 -1 label : fireHydrant 0.53
999 29 1 377 19 32 -1 -1 -1 -1 label : fireHydrant 0.56
1000 29 1 377 19 32 -1 -1 -1 -1 label : fireHydrant 0.56
1001 29 1 377 18 32 -1 -1 -1 -1 label : fireHydrant 0.53
1002 29 1 377 18 32 -1 -1 -1 -1 label : fireHydrant 0.54
1003 29 1 377 19 32 -1 -1 -1 -1 label : fireHydrant 0.49
1004 29 1 377 19 32 -1 -1 -1 -1 label : fireHydrant 0.48
1005 29 1 377 18 33 -1 -1 -1 -1 label : fireHydrant 0.47
1006 29 1 377 18 33 -1 -1 -1 -1 label : fireHydrant 0.46
1007 29 1 377 19 33 -1 -1 -1 -1 label : fireHydrant 0.39
1008 29 1 377 19 33 -1 -1 -1 -1 label : fireHydrant 0.38
1009 29 2 377 18 33 -1 -1 -1 -1 label : fireHydrant 0.39
1010 29 2 377 18 33 -1 -1 -1 -1 label : fireHydrant 0.39
1011 29 1 377 20 33 -1 -1 -1 -1 label : fireHydrant 0.44
1012 29 1 377 20 34 -1 -1 -1 -1 label : fireHydrant 0.44
1013 29 4 375 16 36 -1 -1 -1 -1 label : fireHydrant 0.24
1014 29 4 375 16 36 -1 -1 -1 -1 label : fireHydrant 0.23
1015 29 2 375 19 36 -1 -1 -1 -1 label : fireHydrant 0.27
1016 29 2 375 19 36 -1 -1 -1 -1 label : fireHydrant 0.28
1017 29 4 375 17 35 -1 -1 -1 -1 label : fireHydrant 0.23
1018 29 4 375 17 35 -1 -1 -1 -1 label : fireHydrant 0.22
1019 29 4 375 18 35 -1 -1 -1 -1 label : fireHydrant 0.24
1024 29 4 375 18 34 -1 -1 -1 -1 label : fireHydrant 0.14
1027 29 4 375 16 37 -1 -1 -1 -1 label : fireHydrant 0.14
1028 29 4 375 17 37 -1 -1 -1 -1 label : fireHydrant 0.14
1033 29 1 376 20 34 -1 -1 -1 -1 label : fireHydrant 0.19
1034 29 1 376 20 34 -1 -1 -1 -1 label : fireHydrant 0.19
1035 29 2 376 18 34 -1 -1 -1 -1 label : fireHydrant 0.12
1036 29 2 377 18 32 -1 -1 -1 -1 label : fireHydrant 0.12
1037 29 2 376 18 34 -1 -1 -1 -1 label : fireHydrant 0.15
1037 33 781 363 11 32 -1 -1 -1 -1 label : fireHydrant 0.14
1038 29 2 376 17 36 -1 -1 -1 -1 label : fireHydrant 0.15
1038 33 781 363 11 32 -1 -1 -1 -1 label : fireHydrant 0.14
1039 29 2 376 17 36 -1 -1 -1 -1 label : fireHydrant 0.18
1040 33 781 362 10 32 -1 -1 -1 -1 label : fireHydrant 0.19
1041 33 780 361 12 33 -1 -1 -1 -1 label : fireHydrant 0.14
1042 33 780 361 12 33 -1 -1 -1 -1 label : fireHydrant 0.13
1043 33 781 362 10 31 -1 -1 -1 -1 label : fireHydrant 0.12
1044 33 781 362 10 31 -1 -1 -1 -1 label : fireHydrant 0.12
1045 29 2 375 17 37 -1 -1 -1 -1 label : fireHydrant 0.15
1046 29 2 375 18 37 -1 -1 -1 -1 label : fireHydrant 0.13
1047 29 2 375 17 38 -1 -1 -1 -1 label : fireHydrant 0.25
1048 29 2 375 17 38 -1 -1 -1 -1 label : fireHydrant 0.19
1049 29 1 376 18 38 -1 -1 -1 -1 label : fireHydrant 0.31
1050 29 1 376 18 38 -1 -1 -1 -1 label : fireHydrant 0.32
1051 29 2 376 17 38 -1 -1 -1 -1 label : fireHydrant 0.22
1052 29 2 377 17 37 -1 -1 -1 -1 label : fireHydrant 0.22
1053 29 2 377 18 37 -1 -1 -1 -1 label : fireHydrant 0.20
1054 29 2 377 17 37 -1 -1 -1 -1 label : fireHydrant 0.21
1057 29 2 376 18 38 -1 -1 -1 -1 label : fireHydrant 0.31
1058 29 1 376 19 37 -1 -1 -1 -1 label : fireHydrant 0.31
1063 29 2 376 17 37 -1 -1 -1 -1 label : fireHydrant 0.11
1064 29 2 375 17 38 -1 -1 -1 -1 label : fireHydrant 0.10
1067 29 2 375 18 38 -1 -1 -1 -1 label : fireHydrant 0.12
1068 29 2 375 18 38 -1 -1 -1 -1 label : fireHydrant 0.11
1069 29 1 376 19 37 -1 -1 -1 -1 label : fireHydrant 0.16
1070 29 1 376 19 38 -1 -1 -1 -1 label : fireHydrant 0.16
1071 29 1 376 19 38 -1 -1 -1 -1 label : fireHydrant 0.14
1072 29 1 377 18 37 -1 -1 -1 -1 label : fireHydrant 0.14
1073 29 1 377 18 37 -1 -1 -1 -1 label : fireHydrant 0.15
1074 29 1 377 18 37 -1 -1 -1 -1 label : fireHydrant 0.15
1075 29 1 377 18 37 -1 -1 -1 -1 label : fireHydrant 0.25
1076 29 1 377 18 37 -1 -1 -1 -1 label : fireHydrant 0.24
1077 29 2 376 17 38 -1 -1 -1 -1 label : fireHydrant 0.18
1078 29 2 375 17 39 -1 -1 -1 -1 label : fireHydrant 0.22
1079 29 1 375 19 39 -1 -1 -1 -1 label : fireHydrant 0.13
1080 29 1 374 19 40 -1 -1 -1 -1 label : fireHydrant 0.11
1082 29 2 374 17 40 -1 -1 -1 -1 label : fireHydrant 0.11
1083 29 2 375 17 38 -1 -1 -1 -1 label : fireHydrant 0.11
1084 29 2 375 17 38 -1 -1 -1 -1 label : fireHydrant 0.10
1085 29 2 376 17 37 -1 -1 -1 -1 label : fireHydrant 0.28
1086 29 2 376 17 36 -1 -1 -1 -1 label : fireHydrant 0.29
1087 29 3 377 16 36 -1 -1 -1 -1 label : fireHydrant 0.30
1088 29 3 377 17 36 -1 -1 -1 -1 label : fireHydrant 0.30
1089 29 2 377 17 37 -1 -1 -1 -1 label : fireHydrant 0.16
1090 29 2 377 17 37 -1 -1 -1 -1 label : fireHydrant 0.15
1095 29 2 378 16 37 -1 -1 -1 -1 label : fireHydrant 0.20
1096 29 2 378 16 37 -1 -1 -1 -1 label : fireHydrant 0.12
1103 29 3 384 16 34 -1 -1 -1 -1 label : fireHydrant 0.11
1104 29 4 385 14 34 -1 -1 -1 -1 label : fireHydrant 0.11
1107 29 1 388 15 33 -1 -1 -1 -1 label : fireHydrant 0.11
1108 29 1 389 15 32 -1 -1 -1 -1 label : fireHydrant 0.10
1109 29 1 389 14 33 -1 -1 -1 -1 label : fireHydrant 0.16
1110 29 0 390 15 33 -1 -1 -1 -1 label : fireHydrant 0.13
1111 29 1 390 13 34 -1 -1 -1 -1 label : fireHydrant 0.15
1112 29 1 390 12 35 -1 -1 -1 -1 label : fireHydrant 0.15
1130 29 0 391 10 35 -1 -1 -1 -1 label : fireHydrant 0.12
1131 29 0 391 9 35 -1 -1 -1 -1 label : fireHydrant 0.21
1132 29 0 392 8 34 -1 -1 -1 -1 label : fireHydrant 0.22
1133 29 0 392 8 34 -1 -1 -1 -1 label : fireHydrant 0.32
1134 29 0 392 7 35 -1 -1 -1 -1 label : fireHydrant 0.31
1135 29 0 392 7 35 -1 -1 -1 -1 label : fireHydrant 0.35
1136 36 203 369 17 45 -1 -1 -1 -1 label : fireHydrant 0.37
1137 36 204 370 15 43 -1 -1 -1 -1 label : fireHydrant 0.31
1138 36 203 370 15 43 -1 -1 -1 -1 label : fireHydrant 0.32
1139 36 204 370 14 43 -1 -1 -1 -1 label : fireHydrant 0.20
1140 36 204 371 14 42 -1 -1 -1 -1 label : fireHydrant 0.23
1141 36 203 371 15 42 -1 -1 -1 -1 label : fireHydrant 0.46
1142 36 202 371 16 42 -1 -1 -1 -1 label : fireHydrant 0.44
1143 36 202 371 15 42 -1 -1 -1 -1 label : fireHydrant 0.26
1144 36 203 371 14 41 -1 -1 -1 -1 label : fireHydrant 0.25
1145 36 202 371 14 41 -1 -1 -1 -1 label : fireHydrant 0.14
1146 36 202 372 14 40 -1 -1 -1 -1 label : fireHydrant 0.14
1153 37 156 359 14 55 -1 -1 -1 -1 label : fireHydrant 0.14
1154 37 155 359 14 55 -1 -1 -1 -1 label : fireHydrant 0.13
1155 37 155 359 14 52 -1 -1 -1 -1 label : fireHydrant 0.15
1156 37 155 359 13 52 -1 -1 -1 -1 label : fireHydrant 0.14
1159 36 200 367 14 40 -1 -1 -1 -1 label : fireHydrant 0.16
1160 36 199 366 14 40 -1 -1 -1 -1 label : fireHydrant 0.15
1163 37 155 355 13 54 -1 -1 -1 -1 label : fireHydrant 0.14
1164 37 154 355 14 53 -1 -1 -1 -1 label : fireHydrant 0.15
1165 37 154 354 14 54 -1 -1 -1 -1 label : fireHydrant 0.11
1167 38 577 352 84 32 -1 -1 -1 -1 label : spot-1 0.12
1168 38 577 351 85 33 -1 -1 -1 -1 label : spot-1 0.12
1169 37 153 352 15 54 -1 -1 -1 -1 label : fireHydrant 0.12
1169 38 579 351 83 32 -1 -1 -1 -1 label : spot-1 0.12
1170 37 153 352 15 54 -1 -1 -1 -1 label : fireHydrant 0.12
1170 38 580 351 83 32 -1 -1 -1 -1 label : spot-1 0.12
1171 37 153 352 15 54 -1 -1 -1 -1 label : fireHydrant 0.13
1172 38 580 351 85 33 -1 -1 -1 -1 label : spot-1 0.13
1173 38 579 352 90 33 -1 -1 -1 -1 label : spot-1 0.15
1174 38 581 352 88 35 -1 -1 -1 -1 label : spot-1 0.13
1175 38 577 352 94 34 -1 -1 -1 -1 label : spot-1 0.15
1176 38 577 352 94 33 -1 -1 -1 -1 label : spot-1 0.14
1177 37 201 366 12 38 -1 -1 -1 -1 label : fireHydrant 0.13
1177 38 578 352 90 33 -1 -1 -1 -1 label : spot-1 0.13
1178 37 204 366 12 38 -1 -1 -1 -1 label : fireHydrant 0.14
1178 38 578 352 89 33 -1 -1 -1 -1 label : spot-1 0.13
1179 37 204 366 13 39 -1 -1 -1 -1 label : fireHydrant 0.17
1179 38 581 352 85 31 -1 -1 -1 -1 label : spot-1 0.12
1180 37 204 366 13 39 -1 -1 -1 -1 label : fireHydrant 0.17
1180 38 581 352 85 31 -1 -1 -1 -1 label : spot-1 0.12
1181 37 208 366 12 39 -1 -1 -1 -1 label : fireHydrant 0.12
1182 38 582 353 81 29 -1 -1 -1 -1 label : spot-1 0.11
1183 38 582 353 81 29 -1 -1 -1 -1 label : spot-1 0.12
1184 38 583 353 79 29 -1 -1 -1 -1 label : spot-1 0.11
1185 38 585 353 77 28 -1 -1 -1 -1 label : spot-1 0.11
1186 38 585 353 78 27 -1 -1 -1 -1 label : spot-1 0.11
1187 36 582 353 82 30 -1 -1 -1 -1 label : spot-2 0.14
1187 38 585 353 78 27 -1 -1 -1 -1 label : spot-1 0.11
1188 36 592 352 81 30 -1 -1 -1 -1 label : spot-2 0.15
1188 38 585 353 78 27 -1 -1 -1 -1 label : spot-1 0.10
1189 36 594 352 80 29 -1 -1 -1 -1 label : spot-1 0.14
1189 38 586 352 80 30 -1 -1 -1 -1 label : spot-2 0.11
1190 36 594 352 82 29 -1 -1 -1 -1 label : spot-1 0.14
1190 38 584 352 84 31 -1 -1 -1 -1 label : spot-2 0.10
1191 36 594 352 81 30 -1 -1 -1 -1 label : spot-1 0.18
1192 36 593 352 82 30 -1 -1 -1 -1 label : spot-1 0.18
1193 36 593 352 82 30 -1 -1 -1 -1 label : spot-1 0.12
1194 36 594 352 80 29 -1 -1 -1 -1 label : spot-1 0.12
1195 36 594 351 79 30 -1 -1 -1 -1 label : spot-1 0.13
1195 38 587 351 85 33 -1 -1 -1 -1 label : spot-2 0.11
1196 36 593 351 80 30 -1 -1 -1 -1 label : spot-1 0.13
1196 38 588 351 85 33 -1 -1 -1 -1 label : spot-2 0.12
1197 36 593 351 81 30 -1 -1 -1 -1 label : spot-2 0.16
1197 38 586 351 82 30 -1 -1 -1 -1 label : spot-1 0.13
1198 36 592 351 83 29 -1 -1 -1 -1 label : spot-2 0.16
1198 38 587 351 78 28 -1 -1 -1 -1 label : spot-1 0.13
1199 36 594 351 77 28 -1 -1 -1 -1 label : spot-1 0.14
1199 38 589 351 82 30 -1 -1 -1 -1 label : spot-2 0.13
1200 36 593 351 76 28 -1 -1 -1 -1 label : spot-1 0.15
1200 38 589 351 84 30 -1 -1 -1 -1 label : spot-2 0.13
1201 36 594 351 72 27 -1 -1 -1 -1 label : spot-1 0.10
1202 36 594 351 71 27 -1 -1 -1 -1 label : spot-1 0.12
1205 37 198 364 14 43 -1 -1 -1 -1 label : fireHydrant 0.36
1206 37 198 364 14 43 -1 -1 -1 -1 label : fireHydrant 0.25
1207 37 198 366 14 41 -1 -1 -1 -1 label : fireHydrant 0.17
1208 37 198 366 13 41 -1 -1 -1 -1 label : fireHydrant 0.16
1209 37 198 367 13 39 -1 -1 -1 -1 label : fireHydrant 0.13
1210 37 199 367 12 39 -1 -1 -1 -1 label : fireHydrant 0.15
1211 36 594 350 75 29 -1 -1 -1 -1 label : spot-1 0.12
1211 37 198 367 12 39 -1 -1 -1 -1 label : fireHydrant 0.10
1212 36 593 350 75 29 -1 -1 -1 -1 label : spot-1 0.12
1212 37 198 368 12 38 -1 -1 -1 -1 label : fireHydrant 0.10
1213 36 593 350 77 29 -1 -1 -1 -1 label : spot-1 0.12
1214 36 592 350 78 29 -1 -1 -1 -1 label : spot-1 0.12
1215 36 594 350 78 28 -1 -1 -1 -1 label : spot-1 0.17
1216 37 198 369 13 38 -1 -1 -1 -1 label : fireHydrant 0.17
1237 36 599 350 78 32 -1 -1 -1 -1 label : spot-1 0.11
1238 36 599 350 80 33 -1 -1 -1 -1 label : spot-1 0.11
1250 36 602 351 81 33 -1 -1 -1 -1 label : spot-2 0.10
1251 36 601 351 81 31 -1 -1 -1 -1 label : spot-1 0.13
1252 36 601 351 79 29 -1 -1 -1 -1 label : spot-1 0.15
1253 36 601 351 78 29 -1 -1 -1 -1 label : spot-1 0.15
1254 36 601 351 77 29 -1 -1 -1 -1 label : spot-1 0.16
1255 36 603 351 76 28 -1 -1 -1 -1 label : spot-1 0.13
1256 36 603 352 76 27 -1 -1 -1 -1 label : spot-1 0.13
1257 36 602 352 77 28 -1 -1 -1 -1 label : spot-1 0.16
1258 36 602 352 78 29 -1 -1 -1 -1 label : spot-1 0.17
1259 36 602 352 79 30 -1 -1 -1 -1 label : spot-1 0.17
1260 36 602 352 80 30 -1 -1 -1 -1 label : spot-1 0.17
1261 36 603 352 81 32 -1 -1 -1 -1 label : spot-1 0.16
1262 36 603 352 82 32 -1 -1 -1 -1 label : spot-1 0.16
1263 36 603 353 83 32 -1 -1 -1 -1 label : spot-1 0.17
1264 36 602 353 84 32 -1 -1 -1 -1 label : spot-1 0.17
1265 36 602 353 83 32 -1 -1 -1 -1 label : spot-1 0.19
1266 36 601 353 84 31 -1 -1 -1 -1 label : spot-1 0.19
1267 36 601 353 82 31 -1 -1 -1 -1 label : spot-1 0.20
1268 36 601 353 81 31 -1 -1 -1 -1 label : spot-1 0.21
1269 36 602 352 79 31 -1 -1 -1 -1 label : spot-1 0.21
1270 36 602 352 80 31 -1 -1 -1 -1 label : spot-1 0.22
1271 36 604 352 79 31 -1 -1 -1 -1 label : spot-1 0.20
1272 36 604 351 80 32 -1 -1 -1 -1 label : spot-1 0.20
1273 36 604 352 80 31 -1 -1 -1 -1 label : spot-1 0.19
1274 36 605 352 78 31 -1 -1 -1 -1 label : spot-1 0.19
1275 36 605 352 77 31 -1 -1 -1 -1 label : spot-1 0.15
1276 36 605 352 78 31 -1 -1 -1 -1 label : spot-1 0.15
1277 36 604 352 78 31 -1 -1 -1 -1 label : spot-1 0.12
1278 36 604 351 78 31 -1 -1 -1 -1 label : spot-1 0.13
1279 36 603 352 79 30 -1 -1 -1 -1 label : spot-1 0.11
1280 36 604 352 77 30 -1 -1 -1 -1 label : spot-1 0.10
1283 36 603 352 82 32 -1 -1 -1 -1 label : spot-1 0.11
1284 36 603 352 83 32 -1 -1 -1 -1 label : spot-1 0.11
1299 44 195 367 14 43 -1 -1 -1 -1 label : fireHydrant 0.16
1300 44 194 366 16 45 -1 -1 -1 -1 label : fireHydrant 0.16
1309 44 195 369 15 41 -1 -1 -1 -1 label : fireHydrant 0.11
1310 44 196 369 14 41 -1 -1 -1 -1 label : fireHydrant 0.11
1311 44 196 369 14 41 -1 -1 -1 -1 label : fireHydrant 0.10
1312 44 196 369 14 41 -1 -1 -1 -1 label : fireHydrant 0.10
1313 44 196 369 14 40 -1 -1 -1 -1 label : fireHydrant 0.11
1314 44 196 369 14 40 -1 -1 -1 -1 label : fireHydrant 0.10
1369 48 1 356 23 66 -1 -1 -1 -1 label : fireHydrant 0.20
1370 48 0 356 23 66 -1 -1 -1 -1 label : fireHydrant 0.21
1373 48 0 355 24 69 -1 -1 -1 -1 label : fireHydrant 0.11
1374 48 0 355 24 70 -1 -1 -1 -1 label : fireHydrant 0.18
1389 50 604 352 77 26 -1 -1 -1 -1 label : spot-1 0.13
1390 50 604 353 77 25 -1 -1 -1 -1 label : spot-1 0.13
1391 50 604 352 77 26 -1 -1 -1 -1 label : spot-1 0.23
1392 50 603 352 79 26 -1 -1 -1 -1 label : spot-1 0.23
1393 50 604 352 79 26 -1 -1 -1 -1 label : spot-1 0.17
1394 50 604 351 79 27 -1 -1 -1 -1 label : spot-1 0.16
1395 50 607 351 92 37 -1 -1 -1 -1 label : spot-1 0.13
1396 50 606 351 102 41 -1 -1 -1 -1 label : spot-2 0.13
1397 50 604 351 108 41 -1 -1 -1 -1 label : spot-2 0.13
1397 51 605 351 85 29 -1 -1 -1 -1 label : spot-1 0.12
1398 50 605 351 107 42 -1 -1 -1 -1 label : spot-2 0.16
1398 51 604 351 85 29 -1 -1 -1 -1 label : spot-1 0.12
1399 50 603 351 110 39 -1 -1 -1 -1 label : spot-1 0.17
1399 51 605 351 81 27 -1 -1 -1 -1 label : spot-1 0.12
1400 50 602 351 114 40 -1 -1 -1 -1 label : spot-1 0.17
1400 51 604 351 84 27 -1 -1 -1 -1 label : spot-1 0.11
1401 51 605 351 78 27 -1 -1 -1 -1 label : spot-1 0.19
1402 51 605 351 78 27 -1 -1 -1 -1 label : spot-1 0.19
1403 50 606 351 111 43 -1 -1 -1 -1 label : spot-1 0.20
1403 51 605 351 79 28 -1 -1 -1 -1 label : spot-1 0.11
1404 50 607 351 110 44 -1 -1 -1 -1 label : spot-1 0.20
1404 51 604 351 81 28 -1 -1 -1 -1 label : spot-1 0.11
1405 50 608 351 109 45 -1 -1 -1 -1 label : spot-2 0.18
1405 51 604 351 82 28 -1 -1 -1 -1 label : spot-1 0.11
1406 50 606 351 113 45 -1 -1 -1 -1 label : spot-2 0.19
1406 51 604 351 83 28 -1 -1 -1 -1 label : spot-1 0.12
1407 50 607 351 111 47 -1 -1 -1 -1 label : spot-2 0.20
1407 51 608 351 92 38 -1 -1 -1 -1 label : spot-1 0.12
1408 50 607 351 111 48 -1 -1 -1 -1 label : spot-2 0.19
1408 51 607 352 100 40 -1 -1 -1 -1 label : spot-1 0.12
1409 50 605 351 111 45 -1 -1 -1 -1 label : spot-2 0.21
1409 51 601 351 104 36 -1 -1 -1 -1 label : spot-1 0.16
1410 50 606 351 107 43 -1 -1 -1 -1 label : spot-2 0.22
1410 51 602 351 99 34 -1 -1 -1 -1 label : spot-1 0.16
1411 50 606 351 108 42 -1 -1 -1 -1 label : spot-2 0.18
1411 51 607 351 98 38 -1 -1 -1 -1 label : spot-1 0.17
1412 50 607 351 105 41 -1 -1 -1 -1 label : spot-2 0.19
1412 51 607 351 101 40 -1 -1 -1 -1 label : spot-1 0.18
1413 50 604 352 95 33 -1 -1 -1 -1 label : spot-1 0.23
1413 51 606 351 100 37 -1 -1 -1 -1 label : spot-2 0.11
1414 50 605 353 87 29 -1 -1 -1 -1 label : spot-1 0.23
1414 51 607 351 96 35 -1 -1 -1 -1 label : spot-2 0.11
1415 50 606 353 85 27 -1 -1 -1 -1 label : spot-1 0.19
1415 51 607 351 96 34 -1 -1 -1 -1 label : spot-2 0.13
1416 50 606 353 84 26 -1 -1 -1 -1 label : spot-1 0.19
1416 51 608 351 94 33 -1 -1 -1 -1 label : spot-2 0.13
1417 50 607 353 82 27 -1 -1 -1 -1 label : spot-1 0.24
1418 50 607 352 82 28 -1 -1 -1 -1 label : spot-1 0.25
1419 50 606 352 87 29 -1 -1 -1 -1 label : spot-1 0.16
1419 51 609 352 95 33 -1 -1 -1 -1 label : spot-2 0.14
1420 50 607 352 87 29 -1 -1 -1 -1 label : spot-1 0.15
1420 51 609 352 95 33 -1 -1 -1 -1 label : spot-2 0.15
1421 50 605 353 90 28 -1 -1 -1 -1 label : spot-1 0.22
1421 51 608 352 98 34 -1 -1 -1 -1 label : spot-2 0.15
1422 50 606 353 88 28 -1 -1 -1 -1 label : spot-1 0.22
1422 51 608 352 99 34 -1 -1 -1 -1 label : spot-2 0.15
1423 50 606 353 87 28 -1 -1 -1 -1 label : spot-1 0.16
1423 51 607 352 97 34 -1 -1 -1 -1 label : spot-2 0.12
1424 50 606 353 87 28 -1 -1 -1 -1 label : spot-1 0.17
1424 51 606 353 100 33 -1 -1 -1 -1 label : spot-2 0.10
1425 50 606 353 87 29 -1 -1 -1 -1 label : spot-1 0.20
1425 51 607 353 97 34 -1 -1 -1 -1 label : spot-2 0.20
1426 50 606 352 87 30 -1 -1 -1 -1 label : spot-1 0.20
1426 51 607 353 98 34 -1 -1 -1 -1 label : spot-2 0.20
1427 50 606 352 84 30 -1 -1 -1 -1 label : spot-1 0.19
1428 50 605 352 85 30 -1 -1 -1 -1 label : spot-1 0.19
1441 50 606 353 84 31 -1 -1 -1 -1 label : spot-1 0.11
1442 50 605 353 86 31 -1 -1 -1 -1 label : spot-1 0.10
1443 50 605 353 86 32 -1 -1 -1 -1 label : spot-1 0.16
1444 50 604 354 88 31 -1 -1 -1 -1 label : spot-1 0.16
1445 50 604 354 85 31 -1 -1 -1 -1 label : spot-1 0.27
1446 50 603 354 85 31 -1 -1 -1 -1 label : spot-1 0.27
1447 50 605 354 83 30 -1 -1 -1 -1 label : spot-1 0.19
1448 50 605 354 82 30 -1 -1 -1 -1 label : spot-1 0.19
1449 50 606 354 79 28 -1 -1 -1 -1 label : spot-1 0.16
1450 50 606 354 78 28 -1 -1 -1 -1 label : spot-1 0.16
1451 50 605 353 78 28 -1 -1 -1 -1 label : spot-1 0.15
1452 50 605 353 77 28 -1 -1 -1 -1 label : spot-1 0.15
1453 50 603 353 77 27 -1 -1 -1 -1 label : spot-1 0.15
1454 50 603 353 76 27 -1 -1 -1 -1 label : spot-1 0.16
1455 50 602 353 78 26 -1 -1 -1 -1 label : spot-1 0.16
1456 50 602 353 78 25 -1 -1 -1 -1 label : spot-1 0.16
1457 50 601 352 82 26 -1 -1 -1 -1 label : spot-1 0.10
1458 50 601 352 82 25 -1 -1 -1 -1 label : spot-1 0.10
1459 50 601 352 83 25 -1 -1 -1 -1 label : spot-1 0.15
1460 50 601 352 83 24 -1 -1 -1 -1 label : spot-1 0.15
1465 50 604 351 70 22 -1 -1 -1 -1 label : spot-1 0.10
1466 50 604 351 67 21 -1 -1 -1 -1 label : spot-1 0.10
1467 50 605 350 63 21 -1 -1 -1 -1 label : spot-1 0.10
1559 58 606 352 80 30 -1 -1 -1 -1 label : spot-1 0.27
1560 58 607 352 80 30 -1 -1 -1 -1 label : spot-1 0.27
1561 58 607 352 80 30 -1 -1 -1 -1 label : spot-1 0.55
1561 59 826 376 17 45 -1 -1 -1 -1 label : fireHydrant 0.14
1562 58 606 352 82 30 -1 -1 -1 -1 label : spot-1 0.56
1562 59 827 377 17 45 -1 -1 -1 -1 label : fireHydrant 0.15
1563 58 606 352 81 31 -1 -1 -1 -1 label : spot-1 0.61
1563 59 827 374 18 46 -1 -1 -1 -1 label : fireHydrant 0.16
1564 58 606 352 81 31 -1 -1 -1 -1 label : spot-1 0.62
1564 59 828 374 18 46 -1 -1 -1 -1 label : fireHydrant 0.17
1565 58 607 352 80 31 -1 -1 -1 -1 label : spot-1 0.13
1566 58 607 352 80 31 -1 -1 -1 -1 label : spot-1 0.12
1567 58 606 352 81 29 -1 -1 -1 -1 label : spot-1 0.15
1568 58 607 352 78 29 -1 -1 -1 -1 label : spot-1 0.15
1569 58 606 352 80 29 -1 -1 -1 -1 label : spot-1 0.11
1570 58 606 352 80 29 -1 -1 -1 -1 label : spot-1 0.11
1571 58 607 353 78 27 -1 -1 -1 -1 label : spot-1 0.12
1572 58 607 352 78 28 -1 -1 -1 -1 label : spot-2 0.12
1573 58 606 352 80 28 -1 -1 -1 -1 label : spot-1 0.12
1574 58 606 352 80 28 -1 -1 -1 -1 label : spot-1 0.12
1575 58 607 352 79 29 -1 -1 -1 -1 label : spot-2 0.12
1576 58 606 352 81 29 -1 -1 -1 -1 label : spot-2 0.12
1577 58 605 352 83 29 -1 -1 -1 -1 label : spot-1 0.12
1578 58 605 352 83 29 -1 -1 -1 -1 label : spot-1 0.12
1579 58 606 352 82 30 -1 -1 -1 -1 label : spot-2 0.12
1580 58 606 352 82 30 -1 -1 -1 -1 label : spot-2 0.12
1581 58 606 352 83 31 -1 -1 -1 -1 label : spot-2 0.18
1581 59 833 372 18 46 -1 -1 -1 -1 label : fireHydrant 0.13
1581 64 605 353 82 28 -1 -1 -1 -1 label : spot-1 0.11
1582 58 605 351 83 32 -1 -1 -1 -1 label : spot-2 0.21
1582 59 832 372 18 45 -1 -1 -1 -1 label : fireHydrant 0.13
1582 64 605 352 82 28 -1 -1 -1 -1 label : spot-1 0.11
1583 58 605 351 83 32 -1 -1 -1 -1 label : spot-2 0.49
1583 59 832 372 16 45 -1 -1 -1 -1 label : fireHydrant 0.25
1583 64 605 352 83 28 -1 -1 -1 -1 label : spot-1 0.15
1584 59 832 371 16 46 -1 -1 -1 -1 label : fireHydrant 0.49
1584 64 605 352 84 28 -1 -1 -1 -1 label : spot-1 0.25
1585 59 832 373 19 46 -1 -1 -1 -1 label : fireHydrant 0.52
1585 64 606 352 83 30 -1 -1 -1 -1 label : spot-1 0.18
1586 59 833 374 19 46 -1 -1 -1 -1 label : fireHydrant 0.52
1586 64 605 352 85 30 -1 -1 -1 -1 label : spot-1 0.18
1587 59 834 377 21 43 -1 -1 -1 -1 label : fireHydrant 0.27
1587 64 605 352 83 30 -1 -1 -1 -1 label : spot-1 0.12
1588 59 834 378 22 43 -1 -1 -1 -1 label : fireHydrant 0.27
1588 64 605 352 83 30 -1 -1 -1 -1 label : spot-1 0.12
1599 59 840 380 14 39 -1 -1 -1 -1 label : fireHydrant 0.10
1605 64 605 351 77 30 -1 -1 -1 -1 label : spot-2 0.14
1606 64 605 350 76 31 -1 -1 -1 -1 label : spot-2 0.14
1607 59 844 379 17 42 -1 -1 -1 -1 label : fireHydrant 0.16
1607 64 605 350 77 30 -1 -1 -1 -1 label : spot-2 0.13
1608 59 845 379 17 42 -1 -1 -1 -1 label : fireHydrant 0.16
1609 64 606 350 77 31 -1 -1 -1 -1 label : spot-2 0.18
1610 64 605 350 78 31 -1 -1 -1 -1 label : spot-2 0.19
1611 58 604 350 78 30 -1 -1 -1 -1 label : spot-1 0.22
1611 64 604 350 80 31 -1 -1 -1 -1 label : spot-2 0.13
1612 58 604 350 77 29 -1 -1 -1 -1 label : spot-1 0.23
1612 64 605 350 78 31 -1 -1 -1 -1 label : spot-2 0.13
1612 67 193 365 15 45 -1 -1 -1 -1 label : fireHydrant 0.12
1613 58 604 350 77 29 -1 -1 -1 -1 label : spot-1 0.16
1613 64 603 350 80 31 -1 -1 -1 -1 label : spot-2 0.15
1613 67 193 365 15 45 -1 -1 -1 -1 label : fireHydrant 0.14
1614 58 604 350 77 29 -1 -1 -1 -1 label : spot-1 0.18
1614 64 603 350 80 31 -1 -1 -1 -1 label : spot-2 0.15
1614 67 193 365 15 45 -1 -1 -1 -1 label : fireHydrant 0.14
1615 58 604 350 77 29 -1 -1 -1 -1 label : spot-1 0.18
1615 64 604 350 78 31 -1 -1 -1 -1 label : spot-2 0.17
1616 64 604 350 78 31 -1 -1 -1 -1 label : spot-2 0.19
1616 67 193 365 15 44 -1 -1 -1 -1 label : fireHydrant 0.17
1617 64 604 350 79 32 -1 -1 -1 -1 label : spot-2 0.31
1617 67 193 365 15 45 -1 -1 -1 -1 label : fireHydrant 0.17
1618 64 603 350 81 32 -1 -1 -1 -1 label : spot-2 0.31
1618 67 193 365 16 45 -1 -1 -1 -1 label : fireHydrant 0.17
1619 64 603 350 80 32 -1 -1 -1 -1 label : spot-2 0.23
1619 67 193 365 16 45 -1 -1 -1 -1 label : fireHydrant 0.10
1620 64 604 350 78 32 -1 -1 -1 -1 label : spot-2 0.23
1620 67 193 365 16 45 -1 -1 -1 -1 label : fireHydrant 0.11
1621 64 603 350 88 35 -1 -1 -1 -1 label : spot-2 0.20
1622 64 603 350 90 36 -1 -1 -1 -1 label : spot-2 0.21
1623 64 603 350 89 37 -1 -1 -1 -1 label : spot-2 0.18
1624 64 603 350 89 37 -1 -1 -1 -1 label : spot-2 0.18
1625 64 603 350 92 37 -1 -1 -1 -1 label : spot-2 0.22
1626 64 603 350 93 38 -1 -1 -1 -1 label : spot-2 0.22
1627 64 603 351 92 36 -1 -1 -1 -1 label : spot-2 0.20
1628 64 603 351 93 36 -1 -1 -1 -1 label : spot-2 0.20
1629 64 604 351 95 39 -1 -1 -1 -1 label : spot-2 0.15
1630 64 604 352 97 38 -1 -1 -1 -1 label : spot-2 0.16
1631 64 601 351 96 38 -1 -1 -1 -1 label : spot-2 0.17
1632 64 601 351 96 37 -1 -1 -1 -1 label : spot-2 0.17
1633 64 602 351 91 36 -1 -1 -1 -1 label : spot-2 0.13
1634 64 602 350 90 37 -1 -1 -1 -1 label : spot-2 0.13
1689 69 604 351 94 44 -1 -1 -1 -1 label : spot-2 0.16
1690 69 604 352 96 43 -1 -1 -1 -1 label : spot-2 0.16
1691 69 603 351 98 42 -1 -1 -1 -1 label : spot-2 0.16
1692 69 604 351 96 41 -1 -1 -1 -1 label : spot-2 0.16
1693 69 603 351 88 35 -1 -1 -1 -1 label : spot-1 0.20
1694 69 604 351 83 33 -1 -1 -1 -1 label : spot-1 0.20
1695 69 604 350 83 33 -1 -1 -1 -1 label : spot-1 0.18
1696 69 604 350 83 33 -1 -1 -1 -1 label : spot-1 0.17
1697 69 603 350 86 32 -1 -1 -1 -1 label : spot-1 0.17
1698 69 604 350 85 32 -1 -1 -1 -1 label : spot-1 0.17
1699 69 604 350 85 31 -1 -1 -1 -1 label : spot-1 0.13
1700 69 604 350 84 32 -1 -1 -1 -1 label : spot-1 0.12
1701 69 605 350 86 35 -1 -1 -1 -1 label : spot-1 0.12
1702 69 605 350 88 36 -1 -1 -1 -1 label : spot-1 0.12
1705 69 604 351 100 37 -1 -1 -1 -1 label : spot-2 0.12
1706 69 604 351 103 38 -1 -1 -1 -1 label : spot-2 0.13
1707 69 605 351 101 37 -1 -1 -1 -1 label : spot-1 0.11
1708 69 605 351 101 37 -1 -1 -1 -1 label : spot-1 0.11
1709 69 604 351 96 35 -1 -1 -1 -1 label : spot-1 0.13
1710 69 604 350 94 36 -1 -1 -1 -1 label : spot-1 0.13
1711 69 604 351 94 35 -1 -1 -1 -1 label : spot-1 0.13
1712 69 604 351 94 34 -1 -1 -1 -1 label : spot-1 0.13
1713 69 605 351 90 34 -1 -1 -1 -1 label : spot-1 0.10
1715 69 604 351 87 32 -1 -1 -1 -1 label : spot-1 0.10
1717 69 606 351 81 31 -1 -1 -1 -1 label : spot-1 0.11
1718 69 605 351 82 30 -1 -1 -1 -1 label : spot-1 0.11
1719 69 606 350 81 31 -1 -1 -1 -1 label : spot-1 0.13
1720 69 606 350 81 31 -1 -1 -1 -1 label : spot-1 0.14
1721 69 606 350 81 32 -1 -1 -1 -1 label : spot-1 0.19
1722 69 606 350 82 32 -1 -1 -1 -1 label : spot-1 0.19
1723 69 606 350 83 33 -1 -1 -1 -1 label : spot-1 0.19
1724 69 606 350 83 33 -1 -1 -1 -1 label : spot-1 0.19
1725 69 606 350 85 33 -1 -1 -1 -1 label : spot-1 0.15
1726 69 606 350 85 33 -1 -1 -1 -1 label : spot-1 0.15
1727 69 606 350 85 33 -1 -1 -1 -1 label : spot-1 0.12
1728 69 607 350 83 32 -1 -1 -1 -1 label : spot-1 0.12
1729 69 606 350 82 32 -1 -1 -1 -1 label : spot-1 0.16
1730 69 606 350 83 32 -1 -1 -1 -1 label : spot-1 0.15
1731 69 607 351 82 31 -1 -1 -1 -1 label : spot-1 0.12
1732 69 607 351 82 31 -1 -1 -1 -1 label : spot-1 0.12
1733 69 607 351 81 31 -1 -1 -1 -1 label : spot-1 0.17
1734 69 607 352 81 30 -1 -1 -1 -1 label : spot-1 0.17
1735 69 607 352 82 30 -1 -1 -1 -1 label : spot-1 0.48
1736 69 607 352 82 30 -1 -1 -1 -1 label : spot-1 0.49
1737 69 607 352 82 31 -1 -1 -1 -1 label : spot-1 0.31
1737 73 828 409 35 104 -1 -1 -1 -1 label : fireHydrant 0.17
1738 69 607 352 82 31 -1 -1 -1 -1 label : spot-1 0.31
1738 73 829 408 35 105 -1 -1 -1 -1 label : fireHydrant 0.16
1739 69 607 352 80 31 -1 -1 -1 -1 label : spot-1 0.18
1740 69 607 352 80 31 -1 -1 -1 -1 label : spot-1 0.18
1741 69 607 352 79 31 -1 -1 -1 -1 label : spot-1 0.15
1742 69 607 352 78 31 -1 -1 -1 -1 label : spot-1 0.14
1743 69 608 352 78 30 -1 -1 -1 -1 label : spot-1 0.18
1744 69 608 352 78 30 -1 -1 -1 -1 label : spot-1 0.18
1745 69 608 352 81 32 -1 -1 -1 -1 label : spot-1 0.18
1746 69 608 352 82 32 -1 -1 -1 -1 label : spot-1 0.18
1747 69 609 353 85 33 -1 -1 -1 -1 label : spot-1 0.18
1748 69 610 353 85 34 -1 -1 -1 -1 label : spot-1 0.18
1749 69 608 352 79 30 -1 -1 -1 -1 label : spot-1 0.24
1750 69 608 353 75 27 -1 -1 -1 -1 label : spot-1 0.24
1751 69 609 353 70 26 -1 -1 -1 -1 label : spot-1 0.19
1752 69 610 353 68 26 -1 -1 -1 -1 label : spot-1 0.18
1753 69 609 352 71 28 -1 -1 -1 -1 label : spot-1 0.17
1754 69 608 352 74 29 -1 -1 -1 -1 label : spot-1 0.16
1755 69 608 352 76 30 -1 -1 -1 -1 label : spot-1 0.18
1755 74 3 409 209 33 -1 -1 -1 -1 label : spot-2 0.10
1756 69 608 351 77 31 -1 -1 -1 -1 label : spot-1 0.18
1756 74 1 409 211 34 -1 -1 -1 -1 label : spot-2 0.11
1757 69 610 352 78 33 -1 -1 -1 -1 label : spot-1 0.16
1758 69 609 352 81 33 -1 -1 -1 -1 label : spot-1 0.16
1759 69 609 353 84 34 -1 -1 -1 -1 label : spot-1 0.11
1760 69 609 353 85 34 -1 -1 -1 -1 label : spot-1 0.12
1761 69 609 354 85 34 -1 -1 -1 -1 label : spot-1 0.20
1762 73 195 369 14 38 -1 -1 -1 -1 label : fireHydrant 0.20
1763 73 191 366 14 42 -1 -1 -1 -1 label : fireHydrant 0.35
1764 73 192 366 14 42 -1 -1 -1 -1 label : fireHydrant 0.35
1765 73 193 366 13 42 -1 -1 -1 -1 label : fireHydrant 0.17
1769 73 193 366 14 43 -1 -1 -1 -1 label : fireHydrant 0.14
1770 73 193 367 14 42 -1 -1 -1 -1 label : fireHydrant 0.14
1771 73 193 366 14 43 -1 -1 -1 -1 label : fireHydrant 0.21
1772 73 194 367 14 42 -1 -1 -1 -1 label : fireHydrant 0.20
1787 69 755 410 125 33 -1 -1 -1 -1 label : spot-1 0.10
1795 73 194 367 14 42 -1 -1 -1 -1 label : fireHydrant 0.17
1796 73 194 367 14 42 -1 -1 -1 -1 label : fireHydrant 0.17
1815 76 1083 382 13 41 -1 -1 -1 -1 label : fireHydrant 0.34
1816 76 1083 381 14 43 -1 -1 -1 -1 label : fireHydrant 0.35
1817 76 1082 381 16 43 -1 -1 -1 -1 label : fireHydrant 0.14
1818 76 1081 381 17 42 -1 -1 -1 -1 label : fireHydrant 0.12
1819 76 1082 381 16 42 -1 -1 -1 -1 label : fireHydrant 0.21
1820 76 1083 381 15 42 -1 -1 -1 -1 label : fireHydrant 0.20
1821 76 1083 381 15 41 -1 -1 -1 -1 label : fireHydrant 0.13
1822 76 1083 381 15 42 -1 -1 -1 -1 label : fireHydrant 0.12
1829 77 195 368 14 42 -1 -1 -1 -1 label : fireHydrant 0.16
1830 77 194 368 14 42 -1 -1 -1 -1 label : fireHydrant 0.16
1831 77 194 368 14 42 -1 -1 -1 -1 label : fireHydrant 0.19
1832 77 194 368 14 42 -1 -1 -1 -1 label : fireHydrant 0.19
1845 77 195 367 13 43 -1 -1 -1 -1 label : fireHydrant 0.18
1846 77 194 367 14 42 -1 -1 -1 -1 label : fireHydrant 0.20
1847 77 194 366 15 43 -1 -1 -1 -1 label : fireHydrant 0.19
1848 77 194 366 15 43 -1 -1 -1 -1 label : fireHydrant 0.19
1849 77 195 365 14 45 -1 -1 -1 -1 label : fireHydrant 0.12
1850 77 195 365 14 45 -1 -1 -1 -1 label : fireHydrant 0.11
1853 77 194 365 15 46 -1 -1 -1 -1 label : fireHydrant 0.14
1854 77 194 365 15 46 -1 -1 -1 -1 label : fireHydrant 0.15
1855 77 194 366 15 44 -1 -1 -1 -1 label : fireHydrant 0.16
1855 78 1021 391 13 36 -1 -1 -1 -1 label : fireHydrant 0.14
1856 77 195 366 14 44 -1 -1 -1 -1 label : fireHydrant 0.16
1856 78 1020 392 13 35 -1 -1 -1 -1 label : fireHydrant 0.14
1857 77 195 366 14 44 -1 -1 -1 -1 label : fireHydrant 0.22
1858 78 1020 391 13 35 -1 -1 -1 -1 label : fireHydrant 0.22
1859 78 1020 390 14 35 -1 -1 -1 -1 label : fireHydrant 0.13
1860 77 195 366 14 44 -1 -1 -1 -1 label : fireHydrant 0.13
1860 78 1020 390 13 35 -1 -1 -1 -1 label : fireHydrant 0.11
1861 77 195 365 14 44 -1 -1 -1 -1 label : fireHydrant 0.18
1862 78 1019 389 13 37 -1 -1 -1 -1 label : fireHydrant 0.18
1925 81 606 352 81 26 -1 -1 -1 -1 label : spot-1 0.12
1926 81 607 353 78 24 -1 -1 -1 -1 label : spot-1 0.11
1927 81 607 353 77 24 -1 -1 -1 -1 label : spot-1 0.15
1928 81 607 353 77 24 -1 -1 -1 -1 label : spot-1 0.15
1929 81 607 353 76 24 -1 -1 -1 -1 label : spot-1 0.12
1930 81 607 353 76 24 -1 -1 -1 -1 label : spot-1 0.12
1931 81 607 353 79 26 -1 -1 -1 -1 label : spot-1 0.13
1932 81 607 353 81 27 -1 -1 -1 -1 label : spot-1 0.12
1935 81 606 353 84 28 -1 -1 -1 -1 label : spot-1 0.11
1936 81 606 353 86 27 -1 -1 -1 -1 label : spot-1 0.11
1955 81 605 352 86 32 -1 -1 -1 -1 label : spot-2 0.11
1956 81 603 352 89 32 -1 -1 -1 -1 label : spot-2 0.12
1957 81 602 352 90 33 -1 -1 -1 -1 label : spot-1 0.17
1958 81 602 352 90 33 -1 -1 -1 -1 label : spot-1 0.18
1959 81 603 352 93 35 -1 -1 -1 -1 label : spot-2 0.10
1960 81 602 353 96 35 -1 -1 -1 -1 label : spot-2 0.11
1961 81 602 353 97 36 -1 -1 -1 -1 label : spot-2 0.11
1962 81 602 352 93 35 -1 -1 -1 -1 label : spot-2 0.11
1963 81 603 352 95 35 -1 -1 -1 -1 label : spot-2 0.13
1964 81 604 353 95 35 -1 -1 -1 -1 label : spot-2 0.14
1965 81 604 352 98 38 -1 -1 -1 -1 label : spot-2 0.16
1966 81 603 352 100 38 -1 -1 -1 -1 label : spot-2 0.16
1967 81 603 352 99 38 -1 -1 -1 -1 label : spot-2 0.15
1967 84 193 366 15 44 -1 -1 -1 -1 label : fireHydrant 0.13
1968 81 603 352 98 38 -1 -1 -1 -1 label : spot-2 0.17
1968 84 193 366 15 44 -1 -1 -1 -1 label : fireHydrant 0.11
1969 81 603 352 100 39 -1 -1 -1 -1 label : spot-2 0.14
1969 84 193 366 16 44 -1 -1 -1 -1 label : fireHydrant 0.13
1970 81 603 352 101 40 -1 -1 -1 -1 label : spot-2 0.13
1970 84 194 366 14 44 -1 -1 -1 -1 label : fireHydrant 0.12
1971 81 603 352 102 39 -1 -1 -1 -1 label : spot-2 0.15
1972 81 604 353 101 38 -1 -1 -1 -1 label : spot-2 0.13
1973 81 603 353 102 39 -1 -1 -1 -1 label : spot-2 0.13
1974 81 604 353 101 39 -1 -1 -1 -1 label : spot-2 0.13
1975 81 604 353 101 39 -1 -1 -1 -1 label : spot-2 0.14
1976 81 603 353 102 39 -1 -1 -1 -1 label : spot-2 0.14
1977 81 603 353 102 38 -1 -1 -1 -1 label : spot-2 0.14
1978 81 603 353 102 38 -1 -1 -1 -1 label : spot-2 0.14
1979 81 604 353 100 38 -1 -1 -1 -1 label : spot-2 0.14
1980 81 604 353 101 38 -1 -1 -1 -1 label : spot-2 0.14
1981 81 603 353 102 38 -1 -1 -1 -1 label : spot-2 0.14
1982 81 603 353 102 38 -1 -1 -1 -1 label : spot-2 0.14
1983 81 603 353 102 38 -1 -1 -1 -1 label : spot-2 0.14
1984 81 603 353 102 38 -1 -1 -1 -1 label : spot-2 0.14
1985 81 604 353 101 38 -1 -1 -1 -1 label : spot-2 0.14
1986 81 604 353 101 38 -1 -1 -1 -1 label : spot-2 0.14
1987 81 604 353 101 38 -1 -1 -1 -1 label : spot-2 0.14
1988 81 604 353 101 38 -1 -1 -1 -1 label : spot-2 0.14
1989 81 604 353 101 38 -1 -1 -1 -1 label : spot-2 0.14
1990 81 604 353 101 38 -1 -1 -1 -1 label : spot-2 0.14
1991 81 604 353 101 38 -1 -1 -1 -1 label : spot-2 0.14
1992 81 604 353 101 38 -1 -1 -1 -1 label : spot-2 0.14
1999 84 193 366 17 44 -1 -1 -1 -1 label : fireHydrant 0.37
2000 84 193 365 16 44 -1 -1 -1 -1 label : fireHydrant 0.39
2001 81 607 353 103 42 -1 -1 -1 -1 label : spot-1 0.12
2002 81 607 353 105 42 -1 -1 -1 -1 label : spot-1 0.12
2003 81 609 353 103 42 -1 -1 -1 -1 label : spot-1 0.11
2004 81 609 353 104 43 -1 -1 -1 -1 label : spot-1 0.12
2005 81 607 353 107 43 -1 -1 -1 -1 label : spot-1 0.15
2006 81 609 353 105 43 -1 -1 -1 -1 label : spot-2 0.14
2007 81 607 352 108 43 -1 -1 -1 -1 label : spot-2 0.21
2008 81 607 352 107 43 -1 -1 -1 -1 label : spot-2 0.21
2009 81 606 351 108 43 -1 -1 -1 -1 label : spot-2 0.24
2010 81 607 351 106 43 -1 -1 -1 -1 label : spot-2 0.25
2011 81 607 351 105 43 -1 -1 -1 -1 label : spot-2 0.25
2012 81 607 351 105 44 -1 -1 -1 -1 label : spot-2 0.25
2013 81 606 351 106 44 -1 -1 -1 -1 label : spot-2 0.23
2014 81 606 351 106 44 -1 -1 -1 -1 label : spot-2 0.25
2015 81 606 352 107 43 -1 -1 -1 -1 label : spot-2 0.25
2016 81 606 352 107 43 -1 -1 -1 -1 label : spot-2 0.25
2017 81 606 352 107 44 -1 -1 -1 -1 label : spot-2 0.24
2018 81 606 353 107 43 -1 -1 -1 -1 label : spot-2 0.24
2019 81 606 353 107 42 -1 -1 -1 -1 label : spot-2 0.33
2020 81 606 353 106 42 -1 -1 -1 -1 label : spot-2 0.33
2021 81 607 352 105 43 -1 -1 -1 -1 label : spot-2 0.31
2022 81 607 352 105 43 -1 -1 -1 -1 label : spot-2 0.31
2023 81 605 352 107 43 -1 -1 -1 -1 label : spot-2 0.27
2024 81 605 352 107 42 -1 -1 -1 -1 label : spot-2 0.27
2025 81 606 352 106 42 -1 -1 -1 -1 label : spot-2 0.35
2026 81 606 352 106 43 -1 -1 -1 -1 label : spot-2 0.38
2027 81 605 352 107 43 -1 -1 -1 -1 label : spot-2 0.36
2028 81 605 351 106 43 -1 -1 -1 -1 label : spot-2 0.36
2029 81 605 352 106 42 -1 -1 -1 -1 label : spot-2 0.32
2030 81 605 352 106 42 -1 -1 -1 -1 label : spot-2 0.32
2031 81 605 352 106 41 -1 -1 -1 -1 label : spot-2 0.30
2032 81 605 352 106 41 -1 -1 -1 -1 label : spot-2 0.31
2033 81 605 352 105 41 -1 -1 -1 -1 label : spot-2 0.30
2034 81 605 351 105 42 -1 -1 -1 -1 label : spot-2 0.30
2035 81 605 351 105 41 -1 -1 -1 -1 label : spot-2 0.35
2036 81 606 351 104 42 -1 -1 -1 -1 label : spot-2 0.37
2037 81 606 352 103 41 -1 -1 -1 -1 label : spot-2 0.27
2038 81 606 352 103 41 -1 -1 -1 -1 label : spot-2 0.26
2039 81 605 352 104 41 -1 -1 -1 -1 label : spot-2 0.28
2039 87 603 353 98 34 -1 -1 -1 -1 label : spot-1 0.12
2040 81 605 353 104 40 -1 -1 -1 -1 label : spot-2 0.28
2040 87 604 352 96 34 -1 -1 -1 -1 label : spot-1 0.12
