41 3 852 422 154 46 -1 -1 -1 -1 label : spot-1 0.50
42 3 850 423 162 48 -1 -1 -1 -1 label : spot-1 0.54
43 3 862 423 153 49 -1 -1 -1 -1 label : spot-1 0.56
44 3 861 424 163 48 -1 -1 -1 -1 label : spot-1 0.52
45 3 859 426 171 47 -1 -1 -1 -1 label : spot-1 0.44
46 3 879 427 154 51 -1 -1 -1 -1 label : spot-1 0.34
47 3 880 428 163 57 -1 -1 -1 -1 label : spot-1 0.45
48 3 870 430 186 60 -1 -1 -1 -1 label : spot-1 0.51
49 3 872 432 192 59 -1 -1 -1 -1 label : spot-1 0.57
50 3 879 433 192 60 -1 -1 -1 -1 label : spot-1 0.40
51 3 902 434 175 61 -1 -1 -1 -1 label : spot-1 0.46
52 3 892 435 200 64 -1 -1 -1 -1 label : spot-1 0.39
53 3 888 436 213 65 -1 -1 -1 -1 label : spot-2 0.30
54 3 893 437 219 67 -1 -1 -1 -1 label : spot-1 0.45
57 3 934 438 195 70 -1 -1 -1 -1 label : spot-2 0.41
58 3 936 438 212 76 -1 -1 -1 -1 label : spot-2 0.36
59 3 924 439 244 80 -1 -1 -1 -1 label : spot-2 0.36
60 3 918 439 267 81 -1 -1 -1 -1 label : spot-2 0.31
61 3 928 440 266 81 -1 -1 -1 -1 label : spot-2 0.53
62 3 927 439 284 81 -1 -1 -1 -1 label : spot-2 0.51
63 3 917 439 313 76 -1 -1 -1 -1 label : spot-2 0.46
64 3 922 438 322 74 -1 -1 -1 -1 label : spot-2 0.47
65 3 937 437 319 72 -1 -1 -1 -1 label : spot-2 0.49
66 3 951 437 321 71 -1 -1 -1 -1 label : spot-2 0.50
67 3 981 437 288 77 -1 -1 -1 -1 label : spot-2 0.59
68 3 965 437 314 81 -1 -1 -1 -1 label : spot-2 0.43
69 3 959 437 320 79 -1 -1 -1 -1 label : spot-2 0.43
72 3 972 438 307 77 -1 -1 -1 -1 label : spot-2 0.31
78 3 982 442 297 78 -1 -1 -1 -1 label : spot-2 0.32
79 3 987 444 292 77 -1 -1 -1 -1 label : spot-2 0.32
80 3 986 445 293 78 -1 -1 -1 -1 label : spot-2 0.32
132 8 1182 443 94 57 -1 -1 -1 -1 label : invalidspot-coloredCurb 0.49
133 8 1193 444 86 62 -1 -1 -1 -1 label : invalidspot-coloredCurb 0.45
134 8 1203 443 76 68 -1 -1 -1 -1 label : invalidspot-coloredCurb 0.39
135 8 1210 441 69 71 -1 -1 -1 -1 label : invalidspot-coloredCurb 0.31
198 9 901 357 16 45 -1 -1 -1 -1 label : fireHydrant 0.36
