193 1 87 357 379 68 -1 -1 -1 -1 label : spot-2 0.55
194 1 86 358 381 68 -1 -1 -1 -1 label : spot-2 0.55
195 1 65 358 396 68 -1 -1 -1 -1 label : spot-2 0.58
196 1 60 358 398 69 -1 -1 -1 -1 label : spot-2 0.58
197 1 54 357 407 71 -1 -1 -1 -1 label : spot-2 0.56
198 1 51 357 411 72 -1 -1 -1 -1 label : spot-2 0.57
199 1 51 357 412 71 -1 -1 -1 -1 label : spot-2 0.50
200 1 51 356 411 72 -1 -1 -1 -1 label : spot-2 0.50
343 6 874 364 401 97 -1 -1 -1 -1 label : spot-2 0.57
344 6 870 363 409 100 -1 -1 -1 -1 label : spot-2 0.57
345 6 873 363 406 103 -1 -1 -1 -1 label : spot-2 0.56
346 6 871 363 408 104 -1 -1 -1 -1 label : spot-2 0.56
347 6 874 363 405 105 -1 -1 -1 -1 label : spot-2 0.53
348 6 874 363 405 105 -1 -1 -1 -1 label : spot-2 0.53
349 6 877 362 402 106 -1 -1 -1 -1 label : spot-2 0.53
350 6 877 362 402 106 -1 -1 -1 -1 label : spot-2 0.53
368 6 909 369 361 113 -1 -1 -1 -1 label : spot-2 0.50
383 6 922 372 352 118 -1 -1 -1 -1 label : spot-2 0.52
384 6 923 373 356 120 -1 -1 -1 -1 label : spot-2 0.50
385 6 921 375 358 116 -1 -1 -1 -1 label : spot-2 0.53
386 6 923 376 356 114 -1 -1 -1 -1 label : spot-2 0.53
