14 1 656 425 381 64 -1 -1 -1 -1 label : spot-2 0.48
16 1 654 428 424 74 -1 -1 -1 -1 label : spot-2 0.43
39 6 689 430 587 185 -1 -1 -1 -1 label : spot-2 0.51
41 6 693 424 584 179 -1 -1 -1 -1 label : spot-2 0.46
42 6 699 420 575 179 -1 -1 -1 -1 label : spot-2 0.51
45 6 706 413 571 178 -1 -1 -1 -1 label : spot-2 0.46
46 6 712 409 567 177 -1 -1 -1 -1 label : spot-2 0.47
47 6 714 407 565 174 -1 -1 -1 -1 label : spot-2 0.53
48 6 719 405 559 173 -1 -1 -1 -1 label : spot-2 0.46
49 6 722 406 555 172 -1 -1 -1 -1 label : spot-2 0.49
53 6 733 411 546 165 -1 -1 -1 -1 label : spot-1 0.59
54 6 741 416 538 157 -1 -1 -1 -1 label : spot-1 0.45
55 6 753 420 523 151 -1 -1 -1 -1 label : spot-1 0.61
56 6 764 424 510 148 -1 -1 -1 -1 label : spot-1 0.58
57 6 769 427 507 148 -1 -1 -1 -1 label : spot-1 0.68
58 6 775 429 503 145 -1 -1 -1 -1 label : spot-1 0.69
59 6 784 430 492 144 -1 -1 -1 -1 label : spot-1 0.70
60 6 792 432 486 143 -1 -1 -1 -1 label : spot-1 0.75
61 6 802 436 476 141 -1 -1 -1 -1 label : spot-1 0.74
62 6 808 439 471 137 -1 -1 -1 -1 label : spot-1 0.73
63 6 822 441 456 136 -1 -1 -1 -1 label : spot-1 0.67
64 6 840 443 435 137 -1 -1 -1 -1 label : spot-1 0.61
114 8 731 397 242 51 -1 -1 -1 -1 label : invalidSpot-entrance 0.53
115 8 737 400 262 60 -1 -1 -1 -1 label : invalidSpot-entrance 0.63
116 8 747 404 287 69 -1 -1 -1 -1 label : invalidSpot-entrance 0.67
117 8 749 406 326 80 -1 -1 -1 -1 label : invalidSpot-entrance 0.72
118 8 757 409 361 93 -1 -1 -1 -1 label : invalidSpot-entrance 0.72
119 8 759 413 414 106 -1 -1 -1 -1 label : invalidSpot-entrance 0.76
120 8 760 417 478 121 -1 -1 -1 -1 label : invalidSpot-entrance 0.68
121 8 785 424 482 134 -1 -1 -1 -1 label : invalidSpot-entrance 0.64
122 8 790 428 489 138 -1 -1 -1 -1 label : invalidSpot-entrance 0.67
123 8 794 431 485 138 -1 -1 -1 -1 label : invalidSpot-entrance 0.70
124 8 804 436 475 134 -1 -1 -1 -1 label : invalidSpot-entrance 0.69
125 8 832 441 447 133 -1 -1 -1 -1 label : invalidSpot-entrance 0.65
126 8 829 445 450 130 -1 -1 -1 -1 label : invalidSpot-entrance 0.65
127 8 846 452 433 122 -1 -1 -1 -1 label : invalidSpot-entrance 0.58
128 8 868 462 411 111 -1 -1 -1 -1 label : invalidSpot-entrance 0.45
152 9 693 362 126 63 -1 -1 -1 -1 label : spot-1 0.48
153 9 693 365 136 65 -1 -1 -1 -1 label : spot-1 0.56
154 9 702 365 137 72 -1 -1 -1 -1 label : spot-1 0.57
155 9 701 366 152 75 -1 -1 -1 -1 label : spot-1 0.64
156 9 705 367 161 80 -1 -1 -1 -1 label : spot-1 0.65
157 9 703 369 180 81 -1 -1 -1 -1 label : spot-1 0.60
158 9 709 371 186 87 -1 -1 -1 -1 label : spot-1 0.57
159 9 712 374 203 85 -1 -1 -1 -1 label : spot-1 0.54
160 9 699 377 251 70 -1 -1 -1 -1 label : spot-1 0.52
162 9 723 381 244 75 -1 -1 -1 -1 label : spot-1 0.44
163 9 723 385 281 74 -1 -1 -1 -1 label : spot-1 0.57
164 9 735 389 295 77 -1 -1 -1 -1 label : spot-1 0.55
165 9 745 391 319 93 -1 -1 -1 -1 label : spot-1 0.50
169 12 775 400 490 157 -1 -1 -1 -1 label : spot-2 0.46
170 12 769 401 510 160 -1 -1 -1 -1 label : spot-2 0.56
171 12 777 403 502 162 -1 -1 -1 -1 label : spot-2 0.54
172 12 788 408 491 153 -1 -1 -1 -1 label : spot-2 0.46
173 12 789 412 490 149 -1 -1 -1 -1 label : spot-1 0.45
175 12 802 416 477 148 -1 -1 -1 -1 label : spot-1 0.65
176 12 808 419 471 145 -1 -1 -1 -1 label : spot-1 0.67
177 12 819 422 460 143 -1 -1 -1 -1 label : spot-1 0.75
178 12 830 425 449 140 -1 -1 -1 -1 label : spot-1 0.75
179 12 844 428 435 138 -1 -1 -1 -1 label : spot-1 0.69
180 12 855 435 424 133 -1 -1 -1 -1 label : spot-1 0.70
181 12 874 442 405 129 -1 -1 -1 -1 label : spot-1 0.64
182 12 891 447 388 126 -1 -1 -1 -1 label : spot-1 0.63
183 12 912 451 366 124 -1 -1 -1 -1 label : spot-1 0.46
203 13 718 369 175 83 -1 -1 -1 -1 label : spot-1 0.43
204 13 724 371 185 94 -1 -1 -1 -1 label : spot-1 0.55
206 13 729 375 219 99 -1 -1 -1 -1 label : spot-1 0.47
212 12 1039 432 163 92 -1 -1 -1 -1 label : invalidSpot-entrance 0.46
213 12 1033 440 230 102 -1 -1 -1 -1 label : invalidSpot-entrance 0.48
217 12 834 423 367 80 -1 -1 -1 -1 label : spot-1 0.57
218 12 821 422 347 82 -1 -1 -1 -1 label : spot-1 0.61
219 12 821 424 352 85 -1 -1 -1 -1 label : spot-1 0.62
220 12 829 429 382 90 -1 -1 -1 -1 label : spot-1 0.58
221 12 818 429 397 89 -1 -1 -1 -1 label : spot-1 0.71
222 13 866 442 413 121 -1 -1 -1 -1 label : spot-1 0.69
223 13 884 447 395 120 -1 -1 -1 -1 label : spot-1 0.66
224 13 903 452 376 119 -1 -1 -1 -1 label : spot-1 0.60
276 19 867 430 409 118 -1 -1 -1 -1 label : spot-1 0.60
277 19 887 437 389 118 -1 -1 -1 -1 label : spot-1 0.56
278 19 901 443 376 120 -1 -1 -1 -1 label : spot-1 0.53
279 19 920 447 357 122 -1 -1 -1 -1 label : spot-1 0.47
