39 6 689 438 358 102 -1 -1 -1 -1 label : spot-2 0.32
40 6 687 437 357 102 -1 -1 -1 -1 label : spot-2 0.34
65 6 692 434 496 120 -1 -1 -1 -1 label : spot-2 0.41
66 6 704 433 522 127 -1 -1 -1 -1 label : spot-2 0.42
67 6 708 435 553 127 -1 -1 -1 -1 label : spot-2 0.33
68 6 713 436 556 126 -1 -1 -1 -1 label : spot-2 0.34
69 6 722 434 546 134 -1 -1 -1 -1 label : spot-2 0.38
70 6 717 433 557 137 -1 -1 -1 -1 label : spot-2 0.36
93 6 738 438 491 135 -1 -1 -1 -1 label : spot-2 0.36
94 6 736 440 486 134 -1 -1 -1 -1 label : spot-2 0.37
102 6 738 438 427 109 -1 -1 -1 -1 label : spot-2 0.31
107 6 751 438 377 104 -1 -1 -1 -1 label : spot-2 0.38
108 6 749 438 371 102 -1 -1 -1 -1 label : spot-2 0.39
113 6 745 439 454 114 -1 -1 -1 -1 label : spot-2 0.33
114 6 751 440 467 118 -1 -1 -1 -1 label : spot-2 0.35
115 6 754 440 475 125 -1 -1 -1 -1 label : spot-2 0.50
116 6 752 440 486 127 -1 -1 -1 -1 label : spot-2 0.49
117 6 753 441 481 129 -1 -1 -1 -1 label : spot-2 0.58
118 6 751 441 484 129 -1 -1 -1 -1 label : spot-2 0.58
119 6 748 442 499 126 -1 -1 -1 -1 label : spot-2 0.54
120 6 752 442 494 126 -1 -1 -1 -1 label : spot-2 0.54
121 6 753 445 503 128 -1 -1 -1 -1 label : spot-2 0.56
122 6 753 446 509 130 -1 -1 -1 -1 label : spot-2 0.57
123 6 757 447 488 130 -1 -1 -1 -1 label : spot-2 0.60
124 6 756 448 486 129 -1 -1 -1 -1 label : spot-2 0.60
125 6 756 448 489 132 -1 -1 -1 -1 label : spot-2 0.62
126 6 756 448 489 133 -1 -1 -1 -1 label : spot-2 0.63
127 6 756 450 484 129 -1 -1 -1 -1 label : spot-2 0.49
128 6 758 450 474 128 -1 -1 -1 -1 label : spot-2 0.49
131 6 759 454 462 123 -1 -1 -1 -1 label : spot-2 0.51
132 6 760 455 458 122 -1 -1 -1 -1 label : spot-2 0.49
133 6 760 457 475 124 -1 -1 -1 -1 label : spot-2 0.52
134 6 761 458 483 125 -1 -1 -1 -1 label : spot-2 0.53
135 6 760 458 468 118 -1 -1 -1 -1 label : spot-2 0.42
136 6 762 458 456 117 -1 -1 -1 -1 label : spot-2 0.41
137 6 762 459 458 117 -1 -1 -1 -1 label : spot-2 0.40
138 6 763 460 465 118 -1 -1 -1 -1 label : spot-2 0.40
140 6 768 460 433 114 -1 -1 -1 -1 label : spot-2 0.32
141 6 769 461 413 106 -1 -1 -1 -1 label : spot-1 0.41
142 6 771 461 402 103 -1 -1 -1 -1 label : spot-1 0.40
143 6 769 461 449 116 -1 -1 -1 -1 label : spot-1 0.45
144 6 769 462 465 120 -1 -1 -1 -1 label : spot-1 0.45
145 6 773 461 452 120 -1 -1 -1 -1 label : spot-1 0.50
146 6 772 461 443 119 -1 -1 -1 -1 label : spot-1 0.53
147 6 774 461 425 116 -1 -1 -1 -1 label : spot-1 0.31
148 6 774 461 418 114 -1 -1 -1 -1 label : spot-1 0.34
149 6 770 461 474 121 -1 -1 -1 -1 label : spot-2 0.47
150 6 773 462 486 123 -1 -1 -1 -1 label : spot-2 0.48
151 6 773 462 495 125 -1 -1 -1 -1 label : spot-2 0.35
152 6 773 462 498 126 -1 -1 -1 -1 label : spot-2 0.37
153 6 772 462 479 114 -1 -1 -1 -1 label : spot-1 0.56
154 6 777 462 459 110 -1 -1 -1 -1 label : spot-1 0.56
155 6 784 462 433 105 -1 -1 -1 -1 label : spot-1 0.55
156 6 785 462 425 102 -1 -1 -1 -1 label : spot-1 0.56
157 6 784 464 441 105 -1 -1 -1 -1 label : spot-1 0.56
158 6 784 464 446 107 -1 -1 -1 -1 label : spot-1 0.56
159 6 784 465 462 111 -1 -1 -1 -1 label : spot-1 0.54
160 6 783 466 471 111 -1 -1 -1 -1 label : spot-1 0.55
161 6 792 466 462 121 -1 -1 -1 -1 label : spot-1 0.56
162 6 788 467 473 123 -1 -1 -1 -1 label : spot-1 0.56
163 6 782 467 476 114 -1 -1 -1 -1 label : spot-1 0.53
164 6 788 467 458 110 -1 -1 -1 -1 label : spot-1 0.54
165 6 793 469 449 108 -1 -1 -1 -1 label : spot-1 0.51
166 6 795 469 445 108 -1 -1 -1 -1 label : spot-1 0.50
167 6 803 470 424 109 -1 -1 -1 -1 label : spot-1 0.44
168 6 801 471 429 109 -1 -1 -1 -1 label : spot-1 0.42
170 6 800 473 422 103 -1 -1 -1 -1 label : spot-1 0.31
171 6 813 474 360 96 -1 -1 -1 -1 label : spot-1 0.35
172 6 811 474 351 93 -1 -1 -1 -1 label : spot-1 0.36
173 6 813 475 358 95 -1 -1 -1 -1 label : spot-1 0.45
174 6 813 476 362 96 -1 -1 -1 -1 label : spot-1 0.44
175 6 807 478 427 107 -1 -1 -1 -1 label : spot-1 0.47
176 6 809 478 444 113 -1 -1 -1 -1 label : spot-1 0.50
177 6 813 478 446 116 -1 -1 -1 -1 label : spot-1 0.37
178 6 813 478 451 117 -1 -1 -1 -1 label : spot-1 0.36
179 6 817 478 441 114 -1 -1 -1 -1 label : spot-1 0.46
180 6 821 479 435 113 -1 -1 -1 -1 label : spot-1 0.44
181 6 823 482 443 119 -1 -1 -1 -1 label : spot-1 0.47
182 6 822 483 450 122 -1 -1 -1 -1 label : spot-1 0.47
183 6 823 484 452 123 -1 -1 -1 -1 label : spot-1 0.49
184 6 822 484 454 123 -1 -1 -1 -1 label : spot-1 0.49
185 6 827 485 446 120 -1 -1 -1 -1 label : spot-1 0.42
186 6 829 484 443 121 -1 -1 -1 -1 label : spot-1 0.42
193 6 844 490 419 118 -1 -1 -1 -1 label : spot-1 0.33
194 6 847 492 417 119 -1 -1 -1 -1 label : spot-1 0.32
