74 7 720 388 559 151 -1 -1 -1 -1 label : spot-2 0.49
75 7 728 389 546 151 -1 -1 -1 -1 label : spot-2 0.48
76 7 728 391 546 151 -1 -1 -1 -1 label : spot-2 0.48
77 7 726 394 549 153 -1 -1 -1 -1 label : spot-2 0.49
78 7 727 396 550 150 -1 -1 -1 -1 label : spot-2 0.49
78 8 631 339 129 35 -1 -1 -1 -1 label : spot-2 0.45
81 7 762 399 506 154 -1 -1 -1 -1 label : spot-2 0.47
81 8 627 339 142 39 -1 -1 -1 -1 label : spot-2 0.43
82 7 769 401 505 156 -1 -1 -1 -1 label : spot-2 0.45
84 8 631 340 155 41 -1 -1 -1 -1 label : spot-2 0.50
85 7 777 400 502 156 -1 -1 -1 -1 label : spot-2 0.56
85 8 633 338 158 41 -1 -1 -1 -1 label : spot-2 0.44
86 7 782 399 497 157 -1 -1 -1 -1 label : spot-2 0.58
86 8 637 337 157 41 -1 -1 -1 -1 label : spot-2 0.46
87 7 783 399 496 157 -1 -1 -1 -1 label : spot-2 0.63
87 8 634 334 163 44 -1 -1 -1 -1 label : spot-2 0.49
88 7 788 399 491 156 -1 -1 -1 -1 label : spot-2 0.60
88 8 634 333 167 45 -1 -1 -1 -1 label : spot-2 0.46
89 7 789 400 490 150 -1 -1 -1 -1 label : spot-2 0.59
89 8 634 332 173 46 -1 -1 -1 -1 label : spot-2 0.44
90 7 798 401 481 146 -1 -1 -1 -1 label : spot-2 0.64
90 8 631 332 182 46 -1 -1 -1 -1 label : spot-2 0.51
91 7 805 403 474 142 -1 -1 -1 -1 label : spot-2 0.59
91 8 630 332 188 48 -1 -1 -1 -1 label : spot-2 0.47
92 7 811 406 468 140 -1 -1 -1 -1 label : spot-2 0.54
92 8 627 333 197 48 -1 -1 -1 -1 label : spot-2 0.44
93 7 816 408 463 138 -1 -1 -1 -1 label : spot-2 0.51
94 8 644 337 187 49 -1 -1 -1 -1 label : spot-2 0.53
95 8 648 339 190 51 -1 -1 -1 -1 label : spot-2 0.60
96 8 654 341 189 52 -1 -1 -1 -1 label : spot-2 0.60
97 8 654 341 195 54 -1 -1 -1 -1 label : spot-2 0.65
98 8 652 342 205 56 -1 -1 -1 -1 label : spot-2 0.70
99 8 655 343 209 58 -1 -1 -1 -1 label : spot-2 0.67
100 8 657 344 213 60 -1 -1 -1 -1 label : spot-2 0.64
101 8 662 346 218 61 -1 -1 -1 -1 label : spot-2 0.64
102 8 660 346 230 63 -1 -1 -1 -1 label : spot-2 0.63
103 8 661 346 236 66 -1 -1 -1 -1 label : spot-2 0.63
104 8 659 345 244 69 -1 -1 -1 -1 label : spot-2 0.61
105 8 655 344 255 72 -1 -1 -1 -1 label : spot-2 0.60
106 8 656 344 261 74 -1 -1 -1 -1 label : spot-2 0.57
107 8 655 343 270 77 -1 -1 -1 -1 label : spot-2 0.55
108 8 663 343 274 80 -1 -1 -1 -1 label : spot-2 0.54
109 8 663 343 287 82 -1 -1 -1 -1 label : spot-2 0.54
110 8 664 345 303 85 -1 -1 -1 -1 label : spot-2 0.48
111 8 668 345 314 89 -1 -1 -1 -1 label : spot-2 0.53
112 8 663 346 335 91 -1 -1 -1 -1 label : spot-2 0.52
113 8 665 346 345 95 -1 -1 -1 -1 label : spot-2 0.46
155 15 716 370 563 159 -1 -1 -1 -1 label : spot-2 0.61
156 15 717 371 562 159 -1 -1 -1 -1 label : spot-2 0.57
157 15 715 372 564 158 -1 -1 -1 -1 label : spot-2 0.56
158 15 719 373 560 158 -1 -1 -1 -1 label : spot-2 0.54
159 15 723 374 555 159 -1 -1 -1 -1 label : spot-2 0.46
160 15 728 377 551 158 -1 -1 -1 -1 label : spot-2 0.49
162 15 737 380 539 163 -1 -1 -1 -1 label : spot-2 0.48
163 15 741 383 537 163 -1 -1 -1 -1 label : spot-2 0.45
165 15 740 385 539 147 -1 -1 -1 -1 label : spot-2 0.48
166 15 768 386 503 153 -1 -1 -1 -1 label : spot-2 0.51
167 15 768 388 508 157 -1 -1 -1 -1 label : spot-2 0.47
168 15 770 390 507 160 -1 -1 -1 -1 label : spot-2 0.44
169 15 770 391 509 161 -1 -1 -1 -1 label : spot-2 0.45
170 15 772 393 507 161 -1 -1 -1 -1 label : spot-2 0.46
171 15 771 395 508 158 -1 -1 -1 -1 label : spot-2 0.50
172 15 781 397 498 158 -1 -1 -1 -1 label : spot-2 0.44
230 16 723 369 246 76 -1 -1 -1 -1 label : spot-2 0.51
231 16 720 369 275 84 -1 -1 -1 -1 label : spot-2 0.55
232 16 722 370 304 92 -1 -1 -1 -1 label : spot-2 0.52
234 16 729 371 349 108 -1 -1 -1 -1 label : spot-2 0.50
235 16 739 376 396 116 -1 -1 -1 -1 label : spot-2 0.48
236 16 734 378 445 127 -1 -1 -1 -1 label : spot-2 0.53
237 16 732 380 497 137 -1 -1 -1 -1 label : spot-2 0.53
238 16 770 385 489 159 -1 -1 -1 -1 label : spot-2 0.50
239 16 796 388 483 164 -1 -1 -1 -1 label : spot-2 0.51
254 17 837 388 177 58 -1 -1 -1 -1 label : invalidspot-coloredCurb 0.48
270 20 1071 349 42 90 -1 -1 -1 -1 label : fireHydrant 0.69
271 20 1089 352 44 93 -1 -1 -1 -1 label : fireHydrant 0.57
272 20 1109 354 50 95 -1 -1 -1 -1 label : fireHydrant 0.59
