24 2 860 280 418 131 -1 -1 -1 -1 label : spot-0.51
25 2 862 287 417 125 -1 -1 -1 -1 label : spot-0.46
29 2 865 293 414 125 -1 -1 -1 -1 label : spot-0.55
35 2 863 303 416 112 -1 -1 -1 -1 label : spot-0.46
36 2 873 311 406 107 -1 -1 -1 -1 label : spot-0.64
38 2 867 319 412 98 -1 -1 -1 -1 label : spot-0.53
39 2 874 327 402 97 -1 -1 -1 -1 label : spot-0.68
40 2 871 333 408 93 -1 -1 -1 -1 label : spot-0.47
41 2 884 341 388 97 -1 -1 -1 -1 label : spot-0.62
42 2 884 346 390 99 -1 -1 -1 -1 label : spot-0.68
43 2 876 350 403 96 -1 -1 -1 -1 label : spot-0.63
44 2 890 353 382 101 -1 -1 -1 -1 label : spot-0.60
45 2 891 357 386 98 -1 -1 -1 -1 label : spot-0.46
46 2 899 360 372 100 -1 -1 -1 -1 label : spot-0.51
47 2 891 363 386 94 -1 -1 -1 -1 label : spot-0.53
48 2 900 365 374 96 -1 -1 -1 -1 label : spot-0.57
49 2 893 367 386 92 -1 -1 -1 -1 label : spot-0.58
50 2 900 369 378 91 -1 -1 -1 -1 label : spot-0.60
51 2 913 371 356 101 -1 -1 -1 -1 label : spot-0.65
52 2 888 372 391 89 -1 -1 -1 -1 label : spot-0.65
53 2 914 375 355 96 -1 -1 -1 -1 label : spot-0.56
54 2 917 377 356 101 -1 -1 -1 -1 label : spot-0.66
55 2 918 378 357 107 -1 -1 -1 -1 label : spot-0.71
56 2 906 377 373 100 -1 -1 -1 -1 label : spot-0.63
57 2 921 377 353 101 -1 -1 -1 -1 label : spot-0.72
58 2 925 378 352 102 -1 -1 -1 -1 label : spot-0.76
59 2 925 379 354 98 -1 -1 -1 -1 label : spot-0.67
59 6 103 367 20 64 -1 -1 -1 -1 label : fireHydrant 0.63
60 2 931 379 348 98 -1 -1 -1 -1 label : spot-0.68
61 2 941 381 334 101 -1 -1 -1 -1 label : spot-0.70
61 6 85 370 18 64 -1 -1 -1 -1 label : fireHydrant 0.54
62 2 945 384 333 102 -1 -1 -1 -1 label : spot-0.72
63 2 947 385 331 103 -1 -1 -1 -1 label : spot-0.71
64 2 949 389 330 97 -1 -1 -1 -1 label : spot-0.68
65 2 964 391 310 103 -1 -1 -1 -1 label : spot-0.72
66 2 965 392 311 109 -1 -1 -1 -1 label : spot-0.74
67 2 961 393 318 105 -1 -1 -1 -1 label : spot-0.70
68 2 967 393 312 101 -1 -1 -1 -1 label : spot-0.71
69 2 963 392 316 88 -1 -1 -1 -1 label : spot-0.64
70 2 983 393 296 86 -1 -1 -1 -1 label : spot-0.61
71 2 997 391 276 94 -1 -1 -1 -1 label : spot-0.62
72 2 995 391 284 94 -1 -1 -1 -1 label : spot-0.51
73 2 1001 391 276 97 -1 -1 -1 -1 label : spot-0.53
74 2 1003 392 276 96 -1 -1 -1 -1 label : spot-0.65
75 2 1010 395 269 96 -1 -1 -1 -1 label : spot-0.59
76 2 1020 396 257 99 -1 -1 -1 -1 label : spot-0.54
79 2 1033 402 245 98 -1 -1 -1 -1 label : spot-0.45
94 11 457 370 54 33 -1 -1 -1 -1 label : invalidSpot-entrance 0.55
95 11 453 371 53 30 -1 -1 -1 -1 label : invalidSpot-entrance 0.45
107 12 1 400 390 76 -1 -1 -1 -1 label : spot-2 0.52
110 12 2 400 358 77 -1 -1 -1 -1 label : spot-2 0.47
112 12 0 403 339 76 -1 -1 -1 -1 label : spot-2 0.53
158 15 126 400 190 50 -1 -1 -1 -1 label : invalidSpot-entrance 0.50
159 15 102 401 208 50 -1 -1 -1 -1 label : invalidSpot-entrance 0.57
161 15 74 403 221 56 -1 -1 -1 -1 label : invalidSpot-entrance 0.54
162 15 50 405 241 55 -1 -1 -1 -1 label : invalidSpot-entrance 0.55
163 15 39 408 240 55 -1 -1 -1 -1 label : invalidSpot-entrance 0.50
164 15 22 409 247 55 -1 -1 -1 -1 label : invalidSpot-entrance 0.49
165 15 11 409 247 58 -1 -1 -1 -1 label : invalidSpot-entrance 0.49
170 15 5 413 210 58 -1 -1 -1 -1 label : invalidSpot-entrance 0.48
171 15 0 415 200 56 -1 -1 -1 -1 label : invalidSpot-entrance 0.49
212 16 2 411 270 56 -1 -1 -1 -1 label : spot-2 0.48
