89 5 638 340 148 46 -1 -1 -1 -1 label : spot-2 0.72
90 5 636 341 159 46 -1 -1 -1 -1 label : spot-2 0.73
91 5 639 343 164 48 -1 -1 -1 -1 label : spot-2 0.75
92 5 640 344 171 53 -1 -1 -1 -1 label : spot-2 0.75
93 5 635 344 191 52 -1 -1 -1 -1 label : spot-2 0.71
94 5 638 344 199 53 -1 -1 -1 -1 label : spot-2 0.74
95 5 642 342 206 56 -1 -1 -1 -1 label : spot-2 0.74
96 5 643 341 218 59 -1 -1 -1 -1 label : spot-2 0.72
97 5 641 339 237 63 -1 -1 -1 -1 label : spot-2 0.67
98 5 644 337 248 66 -1 -1 -1 -1 label : spot-2 0.65
99 5 645 337 268 68 -1 -1 -1 -1 label : spot-2 0.67
100 5 646 337 286 71 -1 -1 -1 -1 label : spot-2 0.60
101 5 649 339 306 75 -1 -1 -1 -1 label : spot-2 0.61
102 5 650 339 327 81 -1 -1 -1 -1 label : spot-2 0.68
103 5 654 342 347 90 -1 -1 -1 -1 label : spot-2 0.66
104 5 662 344 368 105 -1 -1 -1 -1 label : spot-2 0.68
105 5 656 347 420 113 -1 -1 -1 -1 label : spot-2 0.63
106 5 660 349 463 124 -1 -1 -1 -1 label : spot-2 0.52
107 5 657 350 518 136 -1 -1 -1 -1 label : spot-2 0.57
108 5 659 351 564 149 -1 -1 -1 -1 label : spot-2 0.56
110 5 672 354 584 170 -1 -1 -1 -1 label : spot-2 0.51
111 5 673 355 600 185 -1 -1 -1 -1 label : spot-2 0.52
112 5 666 355 613 189 -1 -1 -1 -1 label : spot-2 0.59
113 5 667 354 612 191 -1 -1 -1 -1 label : spot-2 0.57
114 5 662 354 617 187 -1 -1 -1 -1 label : spot-2 0.56
115 5 664 355 615 186 -1 -1 -1 -1 label : spot-2 0.58
116 5 672 355 607 191 -1 -1 -1 -1 label : spot-2 0.63
117 5 671 355 608 191 -1 -1 -1 -1 label : spot-2 0.65
118 5 673 355 606 192 -1 -1 -1 -1 label : spot-2 0.64
119 5 674 355 605 190 -1 -1 -1 -1 label : spot-2 0.66
120 5 681 355 598 194 -1 -1 -1 -1 label : spot-2 0.63
121 5 672 355 607 188 -1 -1 -1 -1 label : spot-2 0.62
122 5 678 355 601 184 -1 -1 -1 -1 label : spot-2 0.58
123 5 683 353 596 184 -1 -1 -1 -1 label : spot-2 0.64
124 5 688 354 591 185 -1 -1 -1 -1 label : spot-2 0.65
125 5 686 353 593 183 -1 -1 -1 -1 label : spot-2 0.52
126 5 687 355 592 174 -1 -1 -1 -1 label : spot-2 0.60
127 5 697 358 582 171 -1 -1 -1 -1 label : spot-2 0.60
128 5 693 359 586 162 -1 -1 -1 -1 label : spot-2 0.64
129 5 704 361 575 161 -1 -1 -1 -1 label : spot-2 0.66
130 5 710 364 567 162 -1 -1 -1 -1 label : spot-2 0.64
131 5 715 366 563 163 -1 -1 -1 -1 label : spot-2 0.66
132 5 718 368 560 165 -1 -1 -1 -1 label : spot-2 0.67
133 5 717 369 562 166 -1 -1 -1 -1 label : spot-2 0.71
134 5 721 371 558 167 -1 -1 -1 -1 label : spot-2 0.72
135 5 720 372 559 161 -1 -1 -1 -1 label : spot-2 0.71
136 5 730 373 549 160 -1 -1 -1 -1 label : spot-2 0.70
137 5 733 374 546 157 -1 -1 -1 -1 label : spot-2 0.73
138 5 737 374 542 151 -1 -1 -1 -1 label : spot-2 0.69
139 5 744 375 534 148 -1 -1 -1 -1 label : spot-2 0.70
140 5 753 376 522 148 -1 -1 -1 -1 label : spot-2 0.69
141 5 757 378 518 150 -1 -1 -1 -1 label : spot-2 0.68
142 5 767 381 505 154 -1 -1 -1 -1 label : spot-2 0.65
143 5 763 383 516 155 -1 -1 -1 -1 label : spot-2 0.65
144 5 773 386 506 154 -1 -1 -1 -1 label : spot-2 0.61
145 5 785 390 494 151 -1 -1 -1 -1 label : spot-2 0.59
146 5 795 394 483 151 -1 -1 -1 -1 label : spot-2 0.59
147 5 803 397 474 153 -1 -1 -1 -1 label : spot-2 0.57
148 5 812 401 467 152 -1 -1 -1 -1 label : spot-2 0.56
149 5 823 404 452 157 -1 -1 -1 -1 label : spot-2 0.51
180 7 688 354 209 74 -1 -1 -1 -1 label : spot-2 0.57
181 7 690 356 224 71 -1 -1 -1 -1 label : spot-2 0.64
182 7 692 356 237 71 -1 -1 -1 -1 label : spot-2 0.70
183 7 695 357 248 73 -1 -1 -1 -1 label : spot-2 0.68
184 7 704 357 262 75 -1 -1 -1 -1 label : spot-2 0.68
185 7 714 357 273 84 -1 -1 -1 -1 label : spot-2 0.68
186 7 714 356 301 91 -1 -1 -1 -1 label : spot-2 0.67
187 7 712 357 328 104 -1 -1 -1 -1 label : spot-2 0.70
188 7 706 356 370 114 -1 -1 -1 -1 label : spot-2 0.58
189 7 703 356 421 116 -1 -1 -1 -1 label : spot-2 0.65
190 7 706 357 460 122 -1 -1 -1 -1 label : spot-2 0.60
193 7 714 363 534 139 -1 -1 -1 -1 label : spot-2 0.65
194 7 713 367 566 141 -1 -1 -1 -1 label : spot-2 0.67
195 7 734 371 544 152 -1 -1 -1 -1 label : spot-2 0.66
196 7 733 374 546 158 -1 -1 -1 -1 label : spot-2 0.65
197 7 732 378 547 160 -1 -1 -1 -1 label : spot-2 0.68
198 7 734 379 545 164 -1 -1 -1 -1 label : spot-2 0.69
199 7 726 381 553 162 -1 -1 -1 -1 label : spot-2 0.69
200 7 734 383 545 163 -1 -1 -1 -1 label : spot-2 0.70
201 7 731 384 548 159 -1 -1 -1 -1 label : spot-2 0.70
202 7 744 382 535 166 -1 -1 -1 -1 label : spot-2 0.71
203 7 742 382 537 164 -1 -1 -1 -1 label : spot-2 0.69
204 7 749 381 530 163 -1 -1 -1 -1 label : spot-2 0.65
205 7 750 382 529 155 -1 -1 -1 -1 label : spot-2 0.66
206 7 769 384 510 159 -1 -1 -1 -1 label : spot-2 0.66
207 7 768 387 511 157 -1 -1 -1 -1 label : spot-2 0.64
208 7 772 391 507 156 -1 -1 -1 -1 label : spot-2 0.62
209 7 779 394 500 154 -1 -1 -1 -1 label : spot-2 0.60
210 7 784 398 495 151 -1 -1 -1 -1 label : spot-2 0.62
211 7 792 401 487 150 -1 -1 -1 -1 label : spot-2 0.65
212 7 800 403 479 148 -1 -1 -1 -1 label : spot-2 0.59
213 7 809 407 470 148 -1 -1 -1 -1 label : spot-2 0.57
217 7 825 417 454 137 -1 -1 -1 -1 label : spot-1 0.54
218 7 844 422 435 134 -1 -1 -1 -1 label : spot-1 0.51
220 7 860 428 419 131 -1 -1 -1 -1 label : spot-1 0.51
221 7 915 433 352 137 -1 -1 -1 -1 label : spot-1 0.51
222 7 943 438 330 138 -1 -1 -1 -1 label : spot-1 0.52
277 11 1034 342 60 104 -1 -1 -1 -1 label : fireHydrant 0.59
278 11 1049 343 61 108 -1 -1 -1 -1 label : fireHydrant 0.56
279 11 1067 344 57 109 -1 -1 -1 -1 label : fireHydrant 0.57
280 11 1081 346 61 113 -1 -1 -1 -1 label : fireHydrant 0.55
281 11 1094 347 66 118 -1 -1 -1 -1 label : fireHydrant 0.57
282 11 1113 351 64 114 -1 -1 -1 -1 label : fireHydrant 0.57
283 11 1127 352 70 120 -1 -1 -1 -1 label : fireHydrant 0.52
293 12 928 434 351 159 -1 -1 -1 -1 label : invalidspot-coloredCurb 0.60
294 12 936 435 340 164 -1 -1 -1 -1 label : invalidspot-coloredCurb 0.55
295 12 941 439 338 158 -1 -1 -1 -1 label : invalidspot-coloredCurb 0.55
299 12 960 446 319 149 -1 -1 -1 -1 label : invalidspot-coloredCurb 0.50
300 12 972 451 307 141 -1 -1 -1 -1 label : invalidspot-coloredCurb 0.53
301 12 984 456 294 136 -1 -1 -1 -1 label : invalidspot-coloredCurb 0.60
302 12 996 459 282 134 -1 -1 -1 -1 label : invalidspot-coloredCurb 0.52
