117 3 751 441 480 129 -1 -1 -1 -1 label : spot-2 0.58
118 3 749 442 481 128 -1 -1 -1 -1 label : spot-2 0.58
119 3 748 442 494 126 -1 -1 -1 -1 label : spot-2 0.54
120 3 752 443 490 124 -1 -1 -1 -1 label : spot-2 0.54
121 3 753 445 500 128 -1 -1 -1 -1 label : spot-2 0.56
122 3 753 446 507 130 -1 -1 -1 -1 label : spot-2 0.57
123 3 757 447 486 130 -1 -1 -1 -1 label : spot-2 0.60
124 3 756 448 484 129 -1 -1 -1 -1 label : spot-2 0.60
125 3 756 448 488 132 -1 -1 -1 -1 label : spot-2 0.62
126 3 755 448 489 133 -1 -1 -1 -1 label : spot-2 0.63
127 3 756 450 483 129 -1 -1 -1 -1 label : spot-2 0.49
128 3 758 451 472 127 -1 -1 -1 -1 label : spot-2 0.49
131 3 758 454 462 123 -1 -1 -1 -1 label : spot-2 0.51
132 3 760 455 457 122 -1 -1 -1 -1 label : spot-2 0.49
133 3 760 457 474 124 -1 -1 -1 -1 label : spot-2 0.52
134 3 761 458 482 125 -1 -1 -1 -1 label : spot-2 0.53
135 3 760 458 467 118 -1 -1 -1 -1 label : spot-2 0.42
136 3 761 458 456 116 -1 -1 -1 -1 label : spot-2 0.41
141 3 769 460 416 107 -1 -1 -1 -1 label : spot-1 0.41
142 3 772 461 402 103 -1 -1 -1 -1 label : spot-1 0.40
143 3 769 461 449 116 -1 -1 -1 -1 label : spot-1 0.45
144 3 769 462 465 120 -1 -1 -1 -1 label : spot-1 0.45
145 3 773 461 452 120 -1 -1 -1 -1 label : spot-1 0.50
146 3 772 461 442 119 -1 -1 -1 -1 label : spot-1 0.53
149 3 770 462 481 122 -1 -1 -1 -1 label : spot-2 0.47
150 3 773 462 488 124 -1 -1 -1 -1 label : spot-2 0.48
153 3 771 462 477 114 -1 -1 -1 -1 label : spot-1 0.56
154 3 777 462 458 109 -1 -1 -1 -1 label : spot-1 0.56
155 3 784 462 433 105 -1 -1 -1 -1 label : spot-1 0.55
156 3 785 462 425 102 -1 -1 -1 -1 label : spot-1 0.56
157 3 784 464 441 105 -1 -1 -1 -1 label : spot-1 0.56
158 3 784 464 446 107 -1 -1 -1 -1 label : spot-1 0.56
159 3 784 465 463 111 -1 -1 -1 -1 label : spot-1 0.54
160 3 783 466 471 111 -1 -1 -1 -1 label : spot-1 0.55
161 3 792 466 462 121 -1 -1 -1 -1 label : spot-1 0.56
162 3 788 467 473 123 -1 -1 -1 -1 label : spot-1 0.56
163 3 782 467 476 114 -1 -1 -1 -1 label : spot-1 0.53
164 3 788 467 458 110 -1 -1 -1 -1 label : spot-1 0.54
165 3 793 469 449 108 -1 -1 -1 -1 label : spot-1 0.51
166 3 795 469 445 108 -1 -1 -1 -1 label : spot-1 0.50
167 3 803 470 424 109 -1 -1 -1 -1 label : spot-1 0.44
168 3 801 471 429 109 -1 -1 -1 -1 label : spot-1 0.42
173 3 812 474 381 101 -1 -1 -1 -1 label : spot-1 0.45
174 3 814 475 368 98 -1 -1 -1 -1 label : spot-1 0.44
175 3 807 478 430 108 -1 -1 -1 -1 label : spot-1 0.47
176 3 809 478 445 113 -1 -1 -1 -1 label : spot-1 0.50
179 3 818 479 435 112 -1 -1 -1 -1 label : spot-1 0.46
180 3 821 479 432 113 -1 -1 -1 -1 label : spot-1 0.44
181 3 824 482 441 119 -1 -1 -1 -1 label : spot-1 0.47
182 3 822 483 449 122 -1 -1 -1 -1 label : spot-1 0.47
183 3 823 484 452 123 -1 -1 -1 -1 label : spot-1 0.49
184 3 822 484 454 123 -1 -1 -1 -1 label : spot-1 0.49
185 3 827 485 446 120 -1 -1 -1 -1 label : spot-1 0.42
186 3 830 484 442 121 -1 -1 -1 -1 label : spot-1 0.42
