150 2 899 430 199 123 -1 -1 -1 -1 label : spot-1 0.46
160 2 923 443 239 131 -1 -1 -1 -1 label : spot-1 0.45
161 2 927 444 241 132 -1 -1 -1 -1 label : spot-1 0.45
162 2 937 447 245 147 -1 -1 -1 -1 label : spot-1 0.44
163 2 936 448 254 152 -1 -1 -1 -1 label : spot-1 0.43
168 2 945 457 299 171 -1 -1 -1 -1 label : spot-1 0.52
169 2 950 460 311 178 -1 -1 -1 -1 label : spot-1 0.52
170 2 950 463 329 170 -1 -1 -1 -1 label : spot-1 0.44
171 2 958 464 321 167 -1 -1 -1 -1 label : spot-1 0.44
196 4 296 315 18 47 -1 -1 -1 -1 label : fireHydrant 0.43
197 4 295 314 18 47 -1 -1 -1 -1 label : fireHydrant 0.42
198 4 291 314 19 47 -1 -1 -1 -1 label : fireHydrant 0.53
199 4 289 314 19 47 -1 -1 -1 -1 label : fireHydrant 0.53
206 4 278 312 17 47 -1 -1 -1 -1 label : fireHydrant 0.47
207 4 274 311 17 48 -1 -1 -1 -1 label : fireHydrant 0.47
214 4 260 307 16 48 -1 -1 -1 -1 label : fireHydrant 0.49
215 4 255 306 16 47 -1 -1 -1 -1 label : fireHydrant 0.49
218 4 246 304 16 48 -1 -1 -1 -1 label : fireHydrant 0.57
219 4 243 303 16 48 -1 -1 -1 -1 label : fireHydrant 0.57
220 4 237 302 17 48 -1 -1 -1 -1 label : fireHydrant 0.54
221 4 236 301 17 49 -1 -1 -1 -1 label : fireHydrant 0.53
222 4 233 301 16 48 -1 -1 -1 -1 label : fireHydrant 0.50
223 4 233 301 16 48 -1 -1 -1 -1 label : fireHydrant 0.51
224 4 228 302 17 47 -1 -1 -1 -1 label : fireHydrant 0.59
225 4 227 303 16 46 -1 -1 -1 -1 label : fireHydrant 0.58
226 4 222 300 16 49 -1 -1 -1 -1 label : fireHydrant 0.68
227 4 220 299 16 50 -1 -1 -1 -1 label : fireHydrant 0.69
228 4 218 303 15 48 -1 -1 -1 -1 label : fireHydrant 0.60
229 4 217 305 15 46 -1 -1 -1 -1 label : fireHydrant 0.61
230 4 211 302 19 50 -1 -1 -1 -1 label : fireHydrant 0.59
231 4 210 302 18 50 -1 -1 -1 -1 label : fireHydrant 0.60
232 4 204 302 20 52 -1 -1 -1 -1 label : fireHydrant 0.57
233 4 202 302 21 53 -1 -1 -1 -1 label : fireHydrant 0.57
234 4 199 304 22 54 -1 -1 -1 -1 label : fireHydrant 0.52
235 4 198 305 22 54 -1 -1 -1 -1 label : fireHydrant 0.52
236 4 194 305 22 57 -1 -1 -1 -1 label : fireHydrant 0.46
237 4 192 305 23 57 -1 -1 -1 -1 label : fireHydrant 0.45
242 4 178 307 21 58 -1 -1 -1 -1 label : fireHydrant 0.59
243 4 173 307 21 59 -1 -1 -1 -1 label : fireHydrant 0.59
246 4 162 305 21 60 -1 -1 -1 -1 label : fireHydrant 0.49
247 4 158 304 21 61 -1 -1 -1 -1 label : fireHydrant 0.49
252 4 141 300 22 62 -1 -1 -1 -1 label : fireHydrant 0.44
253 4 135 298 22 63 -1 -1 -1 -1 label : fireHydrant 0.44
347 9 849 385 129 55 -1 -1 -1 -1 label : spot-1 0.49
348 9 854 386 133 58 -1 -1 -1 -1 label : spot-1 0.47
348 10 243 354 68 24 -1 -1 -1 -1 label : invalidSpot-entrance 0.42
349 9 855 387 136 59 -1 -1 -1 -1 label : spot-1 0.47
349 10 242 354 68 24 -1 -1 -1 -1 label : invalidSpot-entrance 0.42
350 9 860 387 139 61 -1 -1 -1 -1 label : spot-1 0.49
351 9 861 387 142 62 -1 -1 -1 -1 label : spot-1 0.49
352 9 857 387 156 64 -1 -1 -1 -1 label : spot-1 0.51
353 9 857 388 158 64 -1 -1 -1 -1 label : spot-1 0.51
354 9 857 389 168 66 -1 -1 -1 -1 label : spot-1 0.55
355 9 858 389 168 69 -1 -1 -1 -1 label : spot-1 0.54
356 9 862 389 174 73 -1 -1 -1 -1 label : spot-1 0.55
357 9 863 390 178 73 -1 -1 -1 -1 label : spot-1 0.55
358 9 858 392 199 72 -1 -1 -1 -1 label : spot-1 0.46
359 9 861 392 198 72 -1 -1 -1 -1 label : spot-1 0.46
360 9 868 393 200 73 -1 -1 -1 -1 label : spot-1 0.53
361 9 869 393 203 74 -1 -1 -1 -1 label : spot-1 0.54
362 9 869 395 220 73 -1 -1 -1 -1 label : spot-1 0.50
363 9 872 395 219 73 -1 -1 -1 -1 label : spot-1 0.50
364 9 870 398 240 65 -1 -1 -1 -1 label : spot-1 0.45
365 9 877 398 231 66 -1 -1 -1 -1 label : spot-1 0.45
368 9 878 400 266 70 -1 -1 -1 -1 label : spot-1 0.55
368 10 177 357 78 33 -1 -1 -1 -1 label : invalidSpot-entrance 0.43
369 9 881 401 273 72 -1 -1 -1 -1 label : spot-1 0.55
369 10 175 358 79 33 -1 -1 -1 -1 label : invalidSpot-entrance 0.43
370 9 891 403 284 81 -1 -1 -1 -1 label : spot-1 0.46
371 9 891 405 296 84 -1 -1 -1 -1 label : spot-1 0.46
376 9 883 409 323 72 -1 -1 -1 -1 label : spot-1 0.51
376 10 168 357 69 33 -1 -1 -1 -1 label : invalidSpot-entrance 0.43
377 9 895 410 302 68 -1 -1 -1 -1 label : spot-1 0.51
377 10 166 357 70 33 -1 -1 -1 -1 label : invalidSpot-entrance 0.43
378 9 906 414 310 69 -1 -1 -1 -1 label : spot-1 0.46
379 9 909 415 315 69 -1 -1 -1 -1 label : spot-1 0.46
380 9 918 419 317 71 -1 -1 -1 -1 label : spot-1 0.51
381 9 919 421 321 71 -1 -1 -1 -1 label : spot-1 0.51
386 9 941 428 316 74 -1 -1 -1 -1 label : spot-1 0.50
387 9 946 430 320 75 -1 -1 -1 -1 label : spot-1 0.50
388 9 966 429 294 104 -1 -1 -1 -1 label : spot-1 0.42
389 9 955 429 321 114 -1 -1 -1 -1 label : spot-1 0.42
394 9 959 432 320 115 -1 -1 -1 -1 label : spot-1 0.44
395 9 961 433 318 115 -1 -1 -1 -1 label : spot-1 0.44
396 9 977 434 302 114 -1 -1 -1 -1 label : spot-1 0.44
397 9 980 434 299 113 -1 -1 -1 -1 label : spot-1 0.43
404 11 849 365 89 38 -1 -1 -1 -1 label : spot-1 0.45
405 11 851 364 90 40 -1 -1 -1 -1 label : spot-1 0.45
406 11 853 365 94 40 -1 -1 -1 -1 label : spot-1 0.47
407 11 854 365 95 40 -1 -1 -1 -1 label : spot-1 0.47
408 11 858 365 96 41 -1 -1 -1 -1 label : spot-1 0.42
409 11 859 366 97 41 -1 -1 -1 -1 label : spot-1 0.43
410 11 860 367 101 43 -1 -1 -1 -1 label : spot-1 0.46
411 11 860 367 103 44 -1 -1 -1 -1 label : spot-1 0.46
412 11 862 370 109 47 -1 -1 -1 -1 label : spot-1 0.53
413 11 862 371 111 47 -1 -1 -1 -1 label : spot-1 0.53
414 11 864 373 117 49 -1 -1 -1 -1 label : spot-1 0.53
415 11 865 374 118 50 -1 -1 -1 -1 label : spot-1 0.52
416 11 867 378 125 51 -1 -1 -1 -1 label : spot-1 0.59
417 11 869 379 126 52 -1 -1 -1 -1 label : spot-1 0.58
418 11 875 382 127 52 -1 -1 -1 -1 label : spot-1 0.53
419 11 877 383 128 52 -1 -1 -1 -1 label : spot-1 0.53
420 11 880 384 133 55 -1 -1 -1 -1 label : spot-1 0.51
421 11 880 385 135 56 -1 -1 -1 -1 label : spot-1 0.51
424 11 884 388 151 59 -1 -1 -1 -1 label : spot-1 0.46
425 11 888 389 153 59 -1 -1 -1 -1 label : spot-1 0.46
458 12 994 421 265 54 -1 -1 -1 -1 label : spot-1 0.44
459 12 996 423 266 54 -1 -1 -1 -1 label : spot-1 0.44
460 12 1021 425 246 67 -1 -1 -1 -1 label : spot-1 0.44
461 12 1019 426 260 72 -1 -1 -1 -1 label : spot-1 0.44
479 15 125 354 137 38 -1 -1 -1 -1 label : spot-1 0.44
480 15 117 354 143 39 -1 -1 -1 -1 label : spot-1 0.43
481 15 114 354 146 40 -1 -1 -1 -1 label : spot-1 0.43
482 15 105 355 149 39 -1 -1 -1 -1 label : spot-1 0.44
483 15 104 355 147 40 -1 -1 -1 -1 label : spot-1 0.44
484 15 92 356 153 41 -1 -1 -1 -1 label : spot-1 0.54
485 15 88 357 156 41 -1 -1 -1 -1 label : spot-1 0.54
486 15 78 359 167 44 -1 -1 -1 -1 label : spot-1 0.45
487 15 76 359 169 46 -1 -1 -1 -1 label : spot-1 0.44
488 15 69 362 185 46 -1 -1 -1 -1 label : spot-1 0.44
489 15 70 362 182 47 -1 -1 -1 -1 label : spot-1 0.44
490 15 53 362 182 50 -1 -1 -1 -1 label : spot-1 0.45
491 15 46 362 184 51 -1 -1 -1 -1 label : spot-1 0.45
500 17 965 404 204 71 -1 -1 -1 -1 label : spot-1 0.59
501 17 968 405 205 72 -1 -1 -1 -1 label : spot-1 0.59
502 17 979 405 206 73 -1 -1 -1 -1 label : spot-1 0.57
503 17 984 406 205 72 -1 -1 -1 -1 label : spot-1 0.57
504 17 1004 407 200 78 -1 -1 -1 -1 label : spot-1 0.57
505 17 1007 407 205 80 -1 -1 -1 -1 label : spot-1 0.57
506 17 1000 410 234 83 -1 -1 -1 -1 label : spot-1 0.57
507 17 1001 411 237 84 -1 -1 -1 -1 label : spot-1 0.58
508 17 1017 411 244 81 -1 -1 -1 -1 label : spot-1 0.53
509 17 1028 412 237 80 -1 -1 -1 -1 label : spot-1 0.53
510 17 1035 416 241 83 -1 -1 -1 -1 label : spot-1 0.42
511 17 1038 417 241 85 -1 -1 -1 -1 label : spot-1 0.42
514 17 1043 419 233 97 -1 -1 -1 -1 label : spot-1 0.47
515 17 1038 419 241 102 -1 -1 -1 -1 label : spot-1 0.47
572 20 921 374 119 47 -1 -1 -1 -1 label : spot-1 0.50
573 20 922 373 120 49 -1 -1 -1 -1 label : spot-1 0.50
574 20 924 373 125 49 -1 -1 -1 -1 label : spot-1 0.51
575 20 925 373 126 49 -1 -1 -1 -1 label : spot-1 0.50
576 20 926 374 129 48 -1 -1 -1 -1 label : spot-1 0.44
577 20 927 374 128 49 -1 -1 -1 -1 label : spot-1 0.44
580 20 930 375 136 49 -1 -1 -1 -1 label : spot-1 0.44
581 20 932 375 137 50 -1 -1 -1 -1 label : spot-1 0.44
582 20 938 376 138 51 -1 -1 -1 -1 label : spot-1 0.52
583 20 939 376 140 51 -1 -1 -1 -1 label : spot-1 0.52
584 20 941 375 144 54 -1 -1 -1 -1 label : spot-1 0.53
585 20 941 375 146 55 -1 -1 -1 -1 label : spot-1 0.53
586 20 939 375 157 55 -1 -1 -1 -1 label : spot-1 0.60
587 20 940 375 158 56 -1 -1 -1 -1 label : spot-1 0.59
588 20 945 376 160 56 -1 -1 -1 -1 label : spot-1 0.58
589 20 947 376 161 57 -1 -1 -1 -1 label : spot-1 0.59
590 20 949 377 168 58 -1 -1 -1 -1 label : spot-1 0.59
591 20 950 377 170 59 -1 -1 -1 -1 label : spot-1 0.59
592 20 954 377 171 61 -1 -1 -1 -1 label : spot-1 0.59
593 20 954 377 174 63 -1 -1 -1 -1 label : spot-1 0.60
594 20 954 380 182 62 -1 -1 -1 -1 label : spot-1 0.58
595 20 956 380 181 63 -1 -1 -1 -1 label : spot-1 0.59
596 20 957 381 189 63 -1 -1 -1 -1 label : spot-1 0.62
597 20 958 381 191 64 -1 -1 -1 -1 label : spot-1 0.63
598 20 961 382 196 66 -1 -1 -1 -1 label : spot-1 0.65
599 20 961 383 199 66 -1 -1 -1 -1 label : spot-1 0.64
600 20 963 384 205 65 -1 -1 -1 -1 label : spot-1 0.57
601 20 965 385 204 64 -1 -1 -1 -1 label : spot-1 0.57
602 20 963 385 218 65 -1 -1 -1 -1 label : spot-1 0.61
603 20 965 386 218 64 -1 -1 -1 -1 label : spot-1 0.61
604 20 968 388 228 59 -1 -1 -1 -1 label : spot-1 0.50
605 20 975 389 220 56 -1 -1 -1 -1 label : spot-1 0.50
606 20 987 389 216 65 -1 -1 -1 -1 label : spot-1 0.63
607 20 986 390 225 67 -1 -1 -1 -1 label : spot-1 0.63
608 20 979 390 248 64 -1 -1 -1 -1 label : spot-1 0.49
609 20 983 390 242 62 -1 -1 -1 -1 label : spot-1 0.48
610 20 993 390 234 67 -1 -1 -1 -1 label : spot-1 0.56
611 20 992 390 239 70 -1 -1 -1 -1 label : spot-1 0.56
612 20 992 392 260 68 -1 -1 -1 -1 label : spot-1 0.44
613 20 997 392 258 68 -1 -1 -1 -1 label : spot-1 0.46
616 20 996 394 279 70 -1 -1 -1 -1 label : spot-1 0.46
617 20 998 394 281 71 -1 -1 -1 -1 label : spot-1 0.47
618 20 1076 397 186 79 -1 -1 -1 -1 label : spot-1 0.50
619 20 1084 398 193 82 -1 -1 -1 -1 label : spot-1 0.50
620 20 1085 397 194 85 -1 -1 -1 -1 label : spot-1 0.45
621 20 1082 397 197 86 -1 -1 -1 -1 label : spot-1 0.45
622 20 1042 396 237 87 -1 -1 -1 -1 label : spot-1 0.55
623 20 1036 396 243 87 -1 -1 -1 -1 label : spot-1 0.55
624 20 1073 396 201 90 -1 -1 -1 -1 label : spot-1 0.53
625 20 1078 397 201 91 -1 -1 -1 -1 label : spot-1 0.52
626 20 1076 397 203 92 -1 -1 -1 -1 label : spot-1 0.53
627 20 1077 398 202 91 -1 -1 -1 -1 label : spot-1 0.53
628 20 1090 397 189 92 -1 -1 -1 -1 label : spot-1 0.47
629 20 1096 397 183 91 -1 -1 -1 -1 label : spot-1 0.48
630 20 1114 397 163 93 -1 -1 -1 -1 label : spot-1 0.53
631 20 1117 398 162 93 -1 -1 -1 -1 label : spot-1 0.54
632 20 1129 398 150 92 -1 -1 -1 -1 label : spot-1 0.54
633 20 1132 399 147 90 -1 -1 -1 -1 label : spot-1 0.54
634 20 1135 400 144 90 -1 -1 -1 -1 label : spot-1 0.44
635 20 1136 400 143 90 -1 -1 -1 -1 label : spot-1 0.43
804 24 795 311 124 23 -1 -1 -1 -1 label : spot-2 0.47
805 24 795 312 122 22 -1 -1 -1 -1 label : spot-2 0.47
806 24 797 312 118 22 -1 -1 -1 -1 label : spot-2 0.49
807 24 797 313 118 21 -1 -1 -1 -1 label : spot-2 0.49
808 24 798 313 115 22 -1 -1 -1 -1 label : spot-2 0.48
809 24 798 313 115 22 -1 -1 -1 -1 label : spot-2 0.48
810 24 798 313 113 22 -1 -1 -1 -1 label : spot-2 0.46
811 24 798 313 113 22 -1 -1 -1 -1 label : spot-2 0.46
812 24 797 313 111 22 -1 -1 -1 -1 label : spot-2 0.48
813 24 797 313 110 22 -1 -1 -1 -1 label : spot-2 0.47
814 24 797 312 109 22 -1 -1 -1 -1 label : spot-2 0.42
815 24 796 312 109 22 -1 -1 -1 -1 label : spot-2 0.43
836 25 118 293 12 28 -1 -1 -1 -1 label : fireHydrant 0.52
837 25 117 292 12 30 -1 -1 -1 -1 label : fireHydrant 0.52
838 25 117 292 13 30 -1 -1 -1 -1 label : fireHydrant 0.50
839 25 116 292 13 30 -1 -1 -1 -1 label : fireHydrant 0.52
840 25 117 292 12 29 -1 -1 -1 -1 label : fireHydrant 0.50
841 25 116 292 12 29 -1 -1 -1 -1 label : fireHydrant 0.52
842 25 116 291 13 30 -1 -1 -1 -1 label : fireHydrant 0.49
843 25 115 291 13 29 -1 -1 -1 -1 label : fireHydrant 0.50
845 25 116 291 12 30 -1 -1 -1 -1 label : fireHydrant 0.43
894 26 116 296 11 25 -1 -1 -1 -1 label : fireHydrant 0.43
895 26 116 296 11 25 -1 -1 -1 -1 label : fireHydrant 0.46
896 26 117 295 10 26 -1 -1 -1 -1 label : fireHydrant 0.45
897 26 116 295 11 25 -1 -1 -1 -1 label : fireHydrant 0.45
898 26 116 294 12 26 -1 -1 -1 -1 label : fireHydrant 0.54
899 26 116 293 12 27 -1 -1 -1 -1 label : fireHydrant 0.53
900 26 115 294 13 27 -1 -1 -1 -1 label : fireHydrant 0.47
901 26 115 294 13 27 -1 -1 -1 -1 label : fireHydrant 0.47
902 26 116 294 11 27 -1 -1 -1 -1 label : fireHydrant 0.49
903 26 115 294 12 27 -1 -1 -1 -1 label : fireHydrant 0.50
904 26 115 294 13 27 -1 -1 -1 -1 label : fireHydrant 0.47
905 26 115 294 13 27 -1 -1 -1 -1 label : fireHydrant 0.47
906 26 115 294 12 27 -1 -1 -1 -1 label : fireHydrant 0.42
907 26 116 294 11 27 -1 -1 -1 -1 label : fireHydrant 0.45
946 27 112 296 13 29 -1 -1 -1 -1 label : fireHydrant 0.47
947 27 111 295 15 31 -1 -1 -1 -1 label : fireHydrant 0.47
988 28 103 296 11 25 -1 -1 -1 -1 label : fireHydrant 0.51
989 28 103 295 12 27 -1 -1 -1 -1 label : fireHydrant 0.51
990 28 103 295 13 27 -1 -1 -1 -1 label : fireHydrant 0.47
991 28 103 295 13 27 -1 -1 -1 -1 label : fireHydrant 0.45
994 28 103 294 12 27 -1 -1 -1 -1 label : fireHydrant 0.43
995 28 103 293 12 28 -1 -1 -1 -1 label : fireHydrant 0.44
1004 28 101 291 11 28 -1 -1 -1 -1 label : fireHydrant 0.47
1005 28 101 291 11 28 -1 -1 -1 -1 label : fireHydrant 0.48
1144 34 76 292 14 30 -1 -1 -1 -1 label : fireHydrant 0.49
1145 34 75 291 14 32 -1 -1 -1 -1 label : fireHydrant 0.49
1148 34 75 292 14 30 -1 -1 -1 -1 label : fireHydrant 0.48
1149 34 75 292 13 30 -1 -1 -1 -1 label : fireHydrant 0.47
1150 34 75 292 13 31 -1 -1 -1 -1 label : fireHydrant 0.48
1151 34 74 293 13 30 -1 -1 -1 -1 label : fireHydrant 0.48
1166 34 66 295 15 33 -1 -1 -1 -1 label : fireHydrant 0.46
1167 34 63 296 15 34 -1 -1 -1 -1 label : fireHydrant 0.46
1168 34 61 297 16 34 -1 -1 -1 -1 label : fireHydrant 0.52
1169 34 61 298 16 33 -1 -1 -1 -1 label : fireHydrant 0.52
1170 34 59 298 17 33 -1 -1 -1 -1 label : fireHydrant 0.55
1171 34 59 298 16 33 -1 -1 -1 -1 label : fireHydrant 0.55
1172 34 59 297 14 33 -1 -1 -1 -1 label : fireHydrant 0.57
1173 34 59 297 14 32 -1 -1 -1 -1 label : fireHydrant 0.57
1174 34 58 297 15 31 -1 -1 -1 -1 label : fireHydrant 0.50
1175 34 58 297 15 31 -1 -1 -1 -1 label : fireHydrant 0.50
