237 1 966 416 142 54 -1 -1 -1 -1 label : spot-0.45
238 1 965 417 141 53 -1 -1 -1 -1 label : spot-0.46
241 1 952 420 178 52 -1 -1 -1 -1 label : spot-0.48
242 1 953 421 179 52 -1 -1 -1 -1 label : spot-0.49
243 1 1006 417 125 55 -1 -1 -1 -1 label : spot-0.48
244 1 1014 416 127 56 -1 -1 -1 -1 label : spot-0.49
245 1 1023 416 129 56 -1 -1 -1 -1 label : spot-0.46
246 1 1026 417 129 55 -1 -1 -1 -1 label : spot-0.46
249 1 1040 417 135 57 -1 -1 -1 -1 label : spot-0.47
250 1 1045 418 137 57 -1 -1 -1 -1 label : spot-0.47
251 1 1048 418 147 60 -1 -1 -1 -1 label : spot-0.53
252 1 1050 419 149 60 -1 -1 -1 -1 label : spot-0.54
253 1 1044 420 171 61 -1 -1 -1 -1 label : spot-0.53
254 1 1047 420 169 62 -1 -1 -1 -1 label : spot-0.53
255 1 1047 421 181 64 -1 -1 -1 -1 label : spot-0.52
256 1 1052 422 179 64 -1 -1 -1 -1 label : spot-0.53
257 1 1057 422 189 65 -1 -1 -1 -1 label : spot-0.54
258 1 1059 423 192 64 -1 -1 -1 -1 label : spot-0.54
259 1 1048 426 226 60 -1 -1 -1 -1 label : spot-0.47
260 1 1054 427 219 58 -1 -1 -1 -1 label : spot-0.47
303 2 854 404 178 40 -1 -1 -1 -1 label : spot-0.50
304 2 856 403 177 40 -1 -1 -1 -1 label : spot-0.50
311 2 866 406 193 41 -1 -1 -1 -1 label : spot-0.49
312 2 872 407 194 41 -1 -1 -1 -1 label : spot-0.49
313 2 874 408 201 41 -1 -1 -1 -1 label : spot-0.48
314 2 875 408 202 42 -1 -1 -1 -1 label : spot-0.47
315 2 876 408 208 43 -1 -1 -1 -1 label : spot-0.48
316 2 876 409 210 43 -1 -1 -1 -1 label : spot-0.48
317 2 872 408 222 45 -1 -1 -1 -1 label : spot-0.47
318 2 871 408 225 45 -1 -1 -1 -1 label : spot-0.48
321 2 889 410 224 44 -1 -1 -1 -1 label : spot-0.61
322 2 897 410 221 45 -1 -1 -1 -1 label : spot-0.60
323 2 887 412 247 43 -1 -1 -1 -1 label : spot-0.61
324 2 889 413 245 42 -1 -1 -1 -1 label : spot-0.61
325 2 898 413 242 43 -1 -1 -1 -1 label : spot-0.55
326 2 900 413 244 44 -1 -1 -1 -1 label : spot-0.55
327 2 901 412 257 47 -1 -1 -1 -1 label : spot-0.56
328 2 901 412 263 48 -1 -1 -1 -1 label : spot-0.56
329 2 902 412 275 49 -1 -1 -1 -1 label : spot-0.64
330 2 903 413 277 49 -1 -1 -1 -1 label : spot-0.63
331 2 905 413 281 50 -1 -1 -1 -1 label : spot-0.61
332 2 905 413 284 50 -1 -1 -1 -1 label : spot-0.63
333 2 910 413 286 54 -1 -1 -1 -1 label : spot-0.58
334 2 908 414 293 54 -1 -1 -1 -1 label : spot-0.57
335 2 907 414 312 54 -1 -1 -1 -1 label : spot-0.58
336 2 912 415 308 54 -1 -1 -1 -1 label : spot-0.59
337 2 919 415 312 55 -1 -1 -1 -1 label : spot-0.60
338 2 921 415 315 56 -1 -1 -1 -1 label : spot-0.60
339 2 911 415 341 57 -1 -1 -1 -1 label : spot-0.58
340 2 912 415 342 57 -1 -1 -1 -1 label : spot-0.58
341 2 962 415 295 62 -1 -1 -1 -1 label : spot-0.45
343 2 976 416 294 64 -1 -1 -1 -1 label : spot-0.55
344 2 979 416 299 66 -1 -1 -1 -1 label : spot-0.56
345 2 968 416 311 65 -1 -1 -1 -1 label : spot-0.54
346 2 970 417 309 65 -1 -1 -1 -1 label : spot-0.54
347 2 954 417 325 65 -1 -1 -1 -1 label : spot-0.52
348 2 952 418 327 64 -1 -1 -1 -1 label : spot-0.52
349 2 964 418 312 65 -1 -1 -1 -1 label : spot-0.55
350 2 965 418 313 66 -1 -1 -1 -1 label : spot-0.56
351 2 983 418 290 67 -1 -1 -1 -1 label : spot-0.56
352 2 985 418 291 68 -1 -1 -1 -1 label : spot-0.55
353 2 994 418 279 73 -1 -1 -1 -1 label : spot-0.59
354 2 992 419 284 74 -1 -1 -1 -1 label : spot-0.60
355 2 995 419 283 75 -1 -1 -1 -1 label : spot-0.58
356 2 996 419 283 77 -1 -1 -1 -1 label : spot-0.57
357 2 987 419 292 77 -1 -1 -1 -1 label : spot-0.55
358 2 982 419 297 77 -1 -1 -1 -1 label : spot-0.55
359 2 1009 421 268 74 -1 -1 -1 -1 label : spot-0.51
360 2 1014 421 265 73 -1 -1 -1 -1 label : spot-0.51
363 2 1029 426 246 75 -1 -1 -1 -1 label : spot-0.55
364 2 1030 427 248 76 -1 -1 -1 -1 label : spot-0.56
365 2 1021 430 258 77 -1 -1 -1 -1 label : spot-0.59
366 2 1026 431 252 78 -1 -1 -1 -1 label : spot-0.59
367 2 1038 430 241 73 -1 -1 -1 -1 label : spot-0.56
368 2 1044 430 235 71 -1 -1 -1 -1 label : spot-0.55
369 2 1057 432 221 72 -1 -1 -1 -1 label : spot-0.59
370 2 1058 432 221 72 -1 -1 -1 -1 label : spot-0.59
371 2 1067 435 211 74 -1 -1 -1 -1 label : spot-0.49
372 2 1066 437 213 73 -1 -1 -1 -1 label : spot-0.50
373 2 1074 440 203 75 -1 -1 -1 -1 label : spot-0.50
374 2 1074 441 205 76 -1 -1 -1 -1 label : spot-0.50
375 2 1084 442 192 80 -1 -1 -1 -1 label : spot-0.55
376 2 1084 442 195 82 -1 -1 -1 -1 label : spot-0.55
377 2 1086 442 193 81 -1 -1 -1 -1 label : spot-0.53
378 2 1087 442 192 81 -1 -1 -1 -1 label : spot-0.53
441 5 250 440 146 30 -1 -1 -1 -1 label : invalidSpot-entrance 0.48
442 5 245 442 147 30 -1 -1 -1 -1 label : invalidSpot-entrance 0.48
443 5 240 443 148 30 -1 -1 -1 -1 label : invalidSpot-entrance 0.52
444 5 239 443 147 30 -1 -1 -1 -1 label : invalidSpot-entrance 0.52
445 5 227 444 167 30 -1 -1 -1 -1 label : invalidSpot-entrance 0.50
446 5 225 444 169 31 -1 -1 -1 -1 label : invalidSpot-entrance 0.50
447 5 219 447 168 33 -1 -1 -1 -1 label : invalidSpot-entrance 0.47
448 5 215 448 172 33 -1 -1 -1 -1 label : invalidSpot-entrance 0.47
533 7 1064 418 215 89 -1 -1 -1 -1 label : invalidspot-coloredCurb 0.50
534 7 1062 417 216 89 -1 -1 -1 -1 label : invalidspot-coloredCurb 0.50
535 7 1071 415 203 97 -1 -1 -1 -1 label : invalidspot-coloredCurb 0.48
536 7 1069 414 209 100 -1 -1 -1 -1 label : invalidspot-coloredCurb 0.48
537 7 1066 413 213 102 -1 -1 -1 -1 label : invalidspot-coloredCurb 0.46
538 7 1065 413 214 102 -1 -1 -1 -1 label : invalidspot-coloredCurb 0.46
