3 1 0 387 150 100 -1 -1 -1 -1 label : spot-0.23
3 2 886 289 92 37 -1 -1 -1 -1 label : spot-1 0.19
4 1 0 388 146 99 -1 -1 -1 -1 label : spot-0.23
4 2 887 289 90 37 -1 -1 -1 -1 label : spot-1 0.16
5 1 0 388 148 99 -1 -1 -1 -1 label : spot-0.23
5 2 887 289 90 37 -1 -1 -1 -1 label : spot-1 0.19
6 1 0 389 150 98 -1 -1 -1 -1 label : spot-0.23
6 2 886 289 91 36 -1 -1 -1 -1 label : spot-1 0.17
7 1 0 389 150 98 -1 -1 -1 -1 label : spot-0.23
7 2 887 289 90 36 -1 -1 -1 -1 label : spot-1 0.15
8 1 0 389 150 99 -1 -1 -1 -1 label : spot-0.23
8 2 888 289 88 35 -1 -1 -1 -1 label : spot-1 0.15
9 1 0 389 151 98 -1 -1 -1 -1 label : spot-0.23
9 2 888 289 88 35 -1 -1 -1 -1 label : spot-1 0.15
10 1 0 389 150 98 -1 -1 -1 -1 label : spot-0.23
10 2 888 289 88 35 -1 -1 -1 -1 label : spot-1 0.15
11 1 0 389 147 98 -1 -1 -1 -1 label : spot-0.22
11 2 887 289 90 36 -1 -1 -1 -1 label : spot-1 0.19
12 1 0 389 147 98 -1 -1 -1 -1 label : spot-0.22
12 2 887 289 90 36 -1 -1 -1 -1 label : spot-1 0.19
13 1 0 389 145 98 -1 -1 -1 -1 label : spot-0.21
13 2 887 289 90 36 -1 -1 -1 -1 label : spot-1 0.19
14 1 0 389 148 98 -1 -1 -1 -1 label : spot-0.23
14 2 886 289 92 37 -1 -1 -1 -1 label : spot-1 0.17
15 1 0 389 150 98 -1 -1 -1 -1 label : spot-0.24
15 2 887 289 90 37 -1 -1 -1 -1 label : spot-1 0.17
16 1 0 389 150 99 -1 -1 -1 -1 label : spot-0.24
16 2 887 289 90 37 -1 -1 -1 -1 label : spot-1 0.16
17 1 0 388 147 99 -1 -1 -1 -1 label : spot-0.23
17 2 887 289 91 37 -1 -1 -1 -1 label : spot-1 0.18
18 1 0 388 148 99 -1 -1 -1 -1 label : spot-0.24
18 2 887 289 91 37 -1 -1 -1 -1 label : spot-1 0.18
19 1 0 388 149 99 -1 -1 -1 -1 label : spot-0.24
19 2 886 289 91 36 -1 -1 -1 -1 label : spot-1 0.15
20 1 0 388 149 99 -1 -1 -1 -1 label : spot-0.23
20 2 886 289 91 36 -1 -1 -1 -1 label : spot-1 0.15
21 1 0 388 148 100 -1 -1 -1 -1 label : spot-0.23
21 2 886 289 91 36 -1 -1 -1 -1 label : spot-1 0.17
22 1 0 388 150 100 -1 -1 -1 -1 label : spot-0.24
22 2 886 289 91 35 -1 -1 -1 -1 label : spot-1 0.16
23 1 0 389 149 99 -1 -1 -1 -1 label : spot-0.23
23 2 887 289 90 35 -1 -1 -1 -1 label : spot-1 0.16
24 1 0 389 149 99 -1 -1 -1 -1 label : spot-0.23
24 2 887 289 90 35 -1 -1 -1 -1 label : spot-1 0.16
25 1 0 389 148 99 -1 -1 -1 -1 label : spot-0.22
25 2 887 289 90 35 -1 -1 -1 -1 label : spot-1 0.16
26 1 0 389 148 98 -1 -1 -1 -1 label : spot-0.21
26 2 887 289 90 35 -1 -1 -1 -1 label : spot-1 0.16
27 1 0 389 148 98 -1 -1 -1 -1 label : spot-0.22
27 2 887 289 90 35 -1 -1 -1 -1 label : spot-1 0.14
28 1 0 389 149 99 -1 -1 -1 -1 label : spot-0.23
28 2 887 289 90 35 -1 -1 -1 -1 label : spot-1 0.14
29 1 0 389 149 99 -1 -1 -1 -1 label : spot-0.22
29 2 887 289 90 36 -1 -1 -1 -1 label : spot-1 0.17
30 1 0 389 148 99 -1 -1 -1 -1 label : spot-0.23
30 2 887 290 90 35 -1 -1 -1 -1 label : spot-1 0.17
31 1 0 389 148 98 -1 -1 -1 -1 label : spot-0.23
31 2 887 290 90 35 -1 -1 -1 -1 label : spot-1 0.16
32 1 0 389 148 98 -1 -1 -1 -1 label : spot-0.23
32 2 887 289 91 37 -1 -1 -1 -1 label : spot-1 0.17
33 1 0 389 148 98 -1 -1 -1 -1 label : spot-0.23
33 2 887 289 91 37 -1 -1 -1 -1 label : spot-1 0.17
34 1 0 389 148 98 -1 -1 -1 -1 label : spot-0.23
34 2 887 289 92 37 -1 -1 -1 -1 label : spot-1 0.18
35 1 0 389 148 98 -1 -1 -1 -1 label : spot-0.21
35 2 887 289 92 37 -1 -1 -1 -1 label : spot-1 0.17
36 1 0 389 148 97 -1 -1 -1 -1 label : spot-0.21
36 2 888 289 91 37 -1 -1 -1 -1 label : spot-1 0.17
37 1 0 389 148 97 -1 -1 -1 -1 label : spot-0.21
37 2 887 289 91 36 -1 -1 -1 -1 label : spot-1 0.16
38 1 0 389 148 97 -1 -1 -1 -1 label : spot-0.21
38 2 888 290 89 35 -1 -1 -1 -1 label : spot-1 0.15
39 1 0 389 147 97 -1 -1 -1 -1 label : spot-0.21
39 2 888 289 89 36 -1 -1 -1 -1 label : spot-1 0.17
40 1 0 389 147 97 -1 -1 -1 -1 label : spot-0.21
40 2 888 289 89 36 -1 -1 -1 -1 label : spot-1 0.17
41 1 0 389 147 97 -1 -1 -1 -1 label : spot-0.22
41 2 887 289 90 36 -1 -1 -1 -1 label : spot-1 0.17
42 1 0 389 147 97 -1 -1 -1 -1 label : spot-0.21
42 2 886 289 91 37 -1 -1 -1 -1 label : spot-1 0.17
43 1 0 389 146 97 -1 -1 -1 -1 label : spot-0.21
43 2 886 289 91 36 -1 -1 -1 -1 label : spot-1 0.15
44 1 0 389 146 97 -1 -1 -1 -1 label : spot-0.22
44 2 887 289 89 36 -1 -1 -1 -1 label : spot-1 0.16
45 1 0 389 145 97 -1 -1 -1 -1 label : spot-0.22
45 2 887 289 90 36 -1 -1 -1 -1 label : spot-1 0.17
46 1 0 388 145 98 -1 -1 -1 -1 label : spot-0.22
46 2 888 289 88 36 -1 -1 -1 -1 label : spot-1 0.16
47 1 0 388 147 97 -1 -1 -1 -1 label : spot-0.22
47 2 887 289 89 36 -1 -1 -1 -1 label : spot-1 0.16
48 1 0 388 146 97 -1 -1 -1 -1 label : spot-0.22
48 2 887 289 89 36 -1 -1 -1 -1 label : spot-1 0.16
49 1 0 387 144 98 -1 -1 -1 -1 label : spot-0.22
49 2 887 289 90 37 -1 -1 -1 -1 label : spot-1 0.19
50 1 0 387 145 98 -1 -1 -1 -1 label : spot-0.22
50 2 887 289 90 37 -1 -1 -1 -1 label : spot-1 0.18
51 1 0 387 144 98 -1 -1 -1 -1 label : spot-0.21
51 2 888 289 89 37 -1 -1 -1 -1 label : spot-1 0.16
52 1 0 387 144 98 -1 -1 -1 -1 label : spot-0.21
52 2 888 289 89 37 -1 -1 -1 -1 label : spot-1 0.16
53 1 0 387 144 98 -1 -1 -1 -1 label : spot-0.22
53 2 887 289 89 36 -1 -1 -1 -1 label : spot-1 0.14
54 1 0 388 145 97 -1 -1 -1 -1 label : spot-0.22
54 2 887 289 88 36 -1 -1 -1 -1 label : spot-1 0.14
55 1 0 388 145 97 -1 -1 -1 -1 label : spot-0.21
55 2 887 289 88 36 -1 -1 -1 -1 label : spot-1 0.13
56 1 0 388 144 98 -1 -1 -1 -1 label : spot-0.21
56 2 887 289 88 36 -1 -1 -1 -1 label : spot-1 0.13
57 1 0 388 141 98 -1 -1 -1 -1 label : spot-0.20
57 2 887 289 88 37 -1 -1 -1 -1 label : spot-1 0.13
58 1 0 388 141 98 -1 -1 -1 -1 label : spot-0.20
58 2 887 289 88 37 -1 -1 -1 -1 label : spot-1 0.13
59 1 0 388 142 98 -1 -1 -1 -1 label : spot-0.21
59 2 887 289 88 37 -1 -1 -1 -1 label : spot-1 0.13
60 1 0 388 141 97 -1 -1 -1 -1 label : spot-0.21
60 2 887 289 88 37 -1 -1 -1 -1 label : spot-1 0.13
61 1 0 388 141 97 -1 -1 -1 -1 label : spot-0.21
61 2 887 289 88 37 -1 -1 -1 -1 label : spot-1 0.14
62 1 0 389 141 97 -1 -1 -1 -1 label : spot-0.20
62 2 887 289 89 37 -1 -1 -1 -1 label : spot-1 0.14
63 1 0 389 142 97 -1 -1 -1 -1 label : spot-0.20
63 2 887 289 89 37 -1 -1 -1 -1 label : spot-1 0.14
64 1 0 389 142 97 -1 -1 -1 -1 label : spot-0.20
64 2 887 289 89 37 -1 -1 -1 -1 label : spot-1 0.14
65 1 0 389 144 98 -1 -1 -1 -1 label : spot-0.21
65 2 886 289 90 37 -1 -1 -1 -1 label : spot-1 0.15
66 1 0 389 145 97 -1 -1 -1 -1 label : spot-0.21
66 2 886 289 90 37 -1 -1 -1 -1 label : spot-1 0.15
67 1 0 389 145 97 -1 -1 -1 -1 label : spot-0.21
67 2 886 289 90 37 -1 -1 -1 -1 label : spot-1 0.14
68 1 0 389 145 97 -1 -1 -1 -1 label : spot-0.21
68 2 886 289 90 37 -1 -1 -1 -1 label : spot-1 0.14
69 1 0 389 147 97 -1 -1 -1 -1 label : spot-0.22
69 2 886 289 91 37 -1 -1 -1 -1 label : spot-1 0.14
70 1 0 389 147 98 -1 -1 -1 -1 label : spot-0.22
70 2 886 289 91 37 -1 -1 -1 -1 label : spot-1 0.15
71 1 0 389 146 98 -1 -1 -1 -1 label : spot-0.21
71 2 887 289 89 37 -1 -1 -1 -1 label : spot-1 0.14
72 1 0 389 146 98 -1 -1 -1 -1 label : spot-0.21
72 2 886 289 90 37 -1 -1 -1 -1 label : spot-1 0.14
73 1 0 389 147 97 -1 -1 -1 -1 label : spot-0.21
73 2 886 289 89 37 -1 -1 -1 -1 label : spot-1 0.14
74 1 0 389 146 97 -1 -1 -1 -1 label : spot-0.21
74 2 887 289 88 37 -1 -1 -1 -1 label : spot-1 0.13
75 1 0 389 147 97 -1 -1 -1 -1 label : spot-0.21
75 2 887 289 87 37 -1 -1 -1 -1 label : spot-1 0.12
76 1 0 389 147 97 -1 -1 -1 -1 label : spot-0.21
76 2 887 289 87 37 -1 -1 -1 -1 label : spot-1 0.11
77 1 0 389 148 97 -1 -1 -1 -1 label : spot-0.21
77 2 885 289 89 36 -1 -1 -1 -1 label : spot-1 0.11
78 1 0 389 149 97 -1 -1 -1 -1 label : spot-0.22
78 2 886 289 88 36 -1 -1 -1 -1 label : spot-1 0.12
79 1 0 389 151 97 -1 -1 -1 -1 label : spot-0.22
79 2 886 289 88 36 -1 -1 -1 -1 label : spot-1 0.12
80 1 0 389 152 97 -1 -1 -1 -1 label : spot-0.22
80 2 886 289 89 36 -1 -1 -1 -1 label : spot-1 0.13
81 1 0 389 151 97 -1 -1 -1 -1 label : spot-0.22
81 2 886 289 88 36 -1 -1 -1 -1 label : spot-1 0.12
82 1 0 389 153 97 -1 -1 -1 -1 label : spot-0.22
82 2 886 290 88 35 -1 -1 -1 -1 label : spot-1 0.12
83 1 0 389 152 97 -1 -1 -1 -1 label : spot-0.23
83 2 887 289 86 36 -1 -1 -1 -1 label : spot-1 0.11
84 1 0 389 153 98 -1 -1 -1 -1 label : spot-0.23
84 2 887 289 86 36 -1 -1 -1 -1 label : spot-1 0.11
85 1 0 389 149 98 -1 -1 -1 -1 label : spot-0.22
85 2 887 289 86 36 -1 -1 -1 -1 label : spot-1 0.12
86 1 0 389 149 98 -1 -1 -1 -1 label : spot-0.22
86 2 886 289 88 36 -1 -1 -1 -1 label : spot-1 0.12
87 1 0 388 149 99 -1 -1 -1 -1 label : spot-0.22
87 2 886 289 88 36 -1 -1 -1 -1 label : spot-1 0.10
88 1 0 388 149 99 -1 -1 -1 -1 label : spot-0.22
88 2 886 289 88 36 -1 -1 -1 -1 label : spot-1 0.10
89 1 0 388 148 99 -1 -1 -1 -1 label : spot-0.21
89 2 886 289 88 36 -1 -1 -1 -1 label : spot-1 0.11
90 1 0 387 150 100 -1 -1 -1 -1 label : spot-0.22
90 2 886 289 88 35 -1 -1 -1 -1 label : spot-1 0.11
91 1 0 387 152 100 -1 -1 -1 -1 label : spot-0.23
92 1 0 387 152 100 -1 -1 -1 -1 label : spot-0.23
93 1 0 387 154 101 -1 -1 -1 -1 label : spot-0.24
93 2 886 289 87 35 -1 -1 -1 -1 label : spot-1 0.10
94 1 0 387 154 101 -1 -1 -1 -1 label : spot-0.24
94 2 885 289 88 35 -1 -1 -1 -1 label : spot-1 0.10
95 1 0 387 154 101 -1 -1 -1 -1 label : spot-0.24
95 2 886 288 86 36 -1 -1 -1 -1 label : spot-1 0.11
96 1 0 387 154 101 -1 -1 -1 -1 label : spot-0.24
96 2 886 288 85 36 -1 -1 -1 -1 label : spot-1 0.11
97 1 0 387 154 101 -1 -1 -1 -1 label : spot-0.25
97 2 885 288 86 36 -1 -1 -1 -1 label : spot-1 0.11
98 1 0 387 153 101 -1 -1 -1 -1 label : spot-0.24
98 2 885 288 86 36 -1 -1 -1 -1 label : spot-1 0.11
99 1 0 387 155 101 -1 -1 -1 -1 label : spot-0.24
99 2 885 288 88 36 -1 -1 -1 -1 label : spot-1 0.13
100 1 0 387 154 100 -1 -1 -1 -1 label : spot-0.24
100 2 885 288 88 36 -1 -1 -1 -1 label : spot-1 0.13
101 1 0 387 155 100 -1 -1 -1 -1 label : spot-0.25
101 2 885 288 90 37 -1 -1 -1 -1 label : spot-1 0.15
102 1 0 387 156 100 -1 -1 -1 -1 label : spot-0.25
102 2 886 288 88 37 -1 -1 -1 -1 label : spot-1 0.15
103 1 0 387 156 100 -1 -1 -1 -1 label : spot-0.25
103 2 885 288 90 37 -1 -1 -1 -1 label : spot-1 0.14
104 1 0 387 157 101 -1 -1 -1 -1 label : spot-0.25
104 2 886 288 89 38 -1 -1 -1 -1 label : spot-1 0.14
105 1 0 387 156 101 -1 -1 -1 -1 label : spot-0.25
105 2 886 288 89 38 -1 -1 -1 -1 label : spot-1 0.14
106 1 0 387 156 101 -1 -1 -1 -1 label : spot-0.26
106 2 885 288 90 38 -1 -1 -1 -1 label : spot-1 0.14
107 1 0 388 157 100 -1 -1 -1 -1 label : spot-0.26
107 2 885 288 90 38 -1 -1 -1 -1 label : spot-1 0.15
108 1 0 388 157 100 -1 -1 -1 -1 label : spot-0.26
108 2 885 288 90 38 -1 -1 -1 -1 label : spot-1 0.15
109 1 0 388 157 100 -1 -1 -1 -1 label : spot-0.27
109 2 887 288 86 38 -1 -1 -1 -1 label : spot-1 0.15
110 1 0 389 157 99 -1 -1 -1 -1 label : spot-0.27
110 2 887 288 86 38 -1 -1 -1 -1 label : spot-1 0.14
111 1 0 389 156 99 -1 -1 -1 -1 label : spot-0.27
111 2 885 288 87 37 -1 -1 -1 -1 label : spot-1 0.14
112 1 0 388 155 100 -1 -1 -1 -1 label : spot-0.27
112 2 885 288 87 37 -1 -1 -1 -1 label : spot-1 0.13
113 1 0 388 153 100 -1 -1 -1 -1 label : spot-0.25
113 2 885 288 87 37 -1 -1 -1 -1 label : spot-1 0.15
114 1 0 388 152 100 -1 -1 -1 -1 label : spot-0.24
114 2 885 288 87 36 -1 -1 -1 -1 label : spot-1 0.15
115 1 0 388 152 100 -1 -1 -1 -1 label : spot-0.25
115 2 886 288 87 37 -1 -1 -1 -1 label : spot-1 0.15
116 1 0 389 153 99 -1 -1 -1 -1 label : spot-0.26
116 2 885 288 89 37 -1 -1 -1 -1 label : spot-1 0.15
117 1 0 389 154 99 -1 -1 -1 -1 label : spot-0.25
117 2 885 288 89 37 -1 -1 -1 -1 label : spot-1 0.15
118 1 0 389 155 99 -1 -1 -1 -1 label : spot-0.26
118 2 886 288 88 37 -1 -1 -1 -1 label : spot-1 0.15
119 1 0 389 155 99 -1 -1 -1 -1 label : spot-0.26
119 2 885 288 89 37 -1 -1 -1 -1 label : spot-1 0.13
120 1 0 389 155 99 -1 -1 -1 -1 label : spot-0.26
120 2 885 288 89 37 -1 -1 -1 -1 label : spot-1 0.13
121 1 0 389 154 99 -1 -1 -1 -1 label : spot-0.26
121 2 886 288 87 37 -1 -1 -1 -1 label : spot-1 0.11
122 1 0 389 155 99 -1 -1 -1 -1 label : spot-0.26
122 2 886 288 87 36 -1 -1 -1 -1 label : spot-1 0.12
123 1 0 389 156 99 -1 -1 -1 -1 label : spot-0.26
123 2 886 288 86 36 -1 -1 -1 -1 label : spot-1 0.10
124 1 0 388 156 100 -1 -1 -1 -1 label : spot-0.26
124 2 887 288 85 36 -1 -1 -1 -1 label : spot-1 0.10
125 1 0 388 158 99 -1 -1 -1 -1 label : spot-0.26
125 2 887 288 84 36 -1 -1 -1 -1 label : spot-1 0.10
126 1 0 388 158 99 -1 -1 -1 -1 label : spot-0.26
127 1 0 388 156 99 -1 -1 -1 -1 label : spot-0.25
127 2 886 288 86 36 -1 -1 -1 -1 label : spot-1 0.11
128 1 0 388 156 99 -1 -1 -1 -1 label : spot-0.25
128 2 886 288 86 36 -1 -1 -1 -1 label : spot-1 0.11
129 1 0 388 153 99 -1 -1 -1 -1 label : spot-0.24
129 2 886 288 86 36 -1 -1 -1 -1 label : spot-1 0.12
130 1 0 388 152 100 -1 -1 -1 -1 label : spot-0.24
130 2 887 288 85 36 -1 -1 -1 -1 label : spot-1 0.11
131 1 0 389 153 99 -1 -1 -1 -1 label : spot-0.24
131 2 886 288 87 36 -1 -1 -1 -1 label : spot-1 0.14
132 1 0 389 152 99 -1 -1 -1 -1 label : spot-0.24
132 2 886 288 88 36 -1 -1 -1 -1 label : spot-1 0.14
133 1 0 389 152 99 -1 -1 -1 -1 label : spot-0.25
133 2 886 288 88 36 -1 -1 -1 -1 label : spot-1 0.15
134 1 0 389 153 99 -1 -1 -1 -1 label : spot-0.25
134 2 886 288 88 36 -1 -1 -1 -1 label : spot-1 0.14
135 1 0 389 153 99 -1 -1 -1 -1 label : spot-0.24
135 2 885 288 89 36 -1 -1 -1 -1 label : spot-1 0.14
136 1 0 389 153 98 -1 -1 -1 -1 label : spot-0.24
136 2 885 288 89 36 -1 -1 -1 -1 label : spot-1 0.13
137 1 0 389 151 99 -1 -1 -1 -1 label : spot-0.24
137 2 885 288 88 36 -1 -1 -1 -1 label : spot-1 0.14
138 1 0 389 151 99 -1 -1 -1 -1 label : spot-0.24
138 2 884 288 89 36 -1 -1 -1 -1 label : spot-1 0.14
139 1 0 389 153 99 -1 -1 -1 -1 label : spot-0.24
139 2 885 288 88 36 -1 -1 -1 -1 label : spot-1 0.12
140 1 0 389 152 99 -1 -1 -1 -1 label : spot-0.24
140 2 885 288 88 36 -1 -1 -1 -1 label : spot-1 0.12
141 1 0 389 150 99 -1 -1 -1 -1 label : spot-0.23
141 2 884 288 88 36 -1 -1 -1 -1 label : spot-1 0.11
142 1 0 389 149 99 -1 -1 -1 -1 label : spot-0.23
142 2 885 288 88 36 -1 -1 -1 -1 label : spot-1 0.13
143 1 1 391 133 95 -1 -1 -1 -1 label : spot-0.16
143 2 886 288 88 37 -1 -1 -1 -1 label : spot-1 0.15
144 1 0 391 131 94 -1 -1 -1 -1 label : spot-0.16
144 2 886 289 88 36 -1 -1 -1 -1 label : spot-1 0.15
145 1 1 389 121 95 -1 -1 -1 -1 label : spot-0.22
145 2 885 289 90 36 -1 -1 -1 -1 label : spot-1 0.17
146 1 0 388 121 96 -1 -1 -1 -1 label : spot-0.23
146 2 885 288 90 38 -1 -1 -1 -1 label : spot-1 0.16
147 1 0 389 130 94 -1 -1 -1 -1 label : spot-0.21
147 2 885 288 89 38 -1 -1 -1 -1 label : spot-1 0.16
148 1 0 389 131 94 -1 -1 -1 -1 label : spot-0.21
148 2 885 288 90 38 -1 -1 -1 -1 label : spot-1 0.15
149 1 1 388 121 94 -1 -1 -1 -1 label : spot-0.20
149 2 885 288 90 38 -1 -1 -1 -1 label : spot-1 0.17
150 1 0 388 121 94 -1 -1 -1 -1 label : spot-0.20
150 2 885 288 90 38 -1 -1 -1 -1 label : spot-1 0.16
151 1 0 389 111 88 -1 -1 -1 -1 label : invalidSpot-fireHydrant 0.17
151 2 885 289 91 37 -1 -1 -1 -1 label : spot-1 0.16
152 1 0 389 108 86 -1 -1 -1 -1 label : invalidSpot-fireHydrant 0.17
152 2 885 289 91 37 -1 -1 -1 -1 label : spot-1 0.16
153 1 0 390 106 84 -1 -1 -1 -1 label : invalidSpot-fireHydrant 0.23
153 2 885 290 91 36 -1 -1 -1 -1 label : spot-1 0.17
154 1 0 390 106 84 -1 -1 -1 -1 label : invalidSpot-fireHydrant 0.22
154 2 886 290 90 36 -1 -1 -1 -1 label : spot-1 0.17
155 1 0 391 106 82 -1 -1 -1 -1 label : invalidSpot-fireHydrant 0.31
155 2 886 290 89 36 -1 -1 -1 -1 label : spot-1 0.17
156 1 0 391 106 82 -1 -1 -1 -1 label : invalidSpot-fireHydrant 0.31
156 2 887 290 88 36 -1 -1 -1 -1 label : spot-1 0.17
157 1 0 392 106 82 -1 -1 -1 -1 label : invalidSpot-fireHydrant 0.31
157 2 887 290 89 36 -1 -1 -1 -1 label : spot-1 0.17
158 1 0 392 107 82 -1 -1 -1 -1 label : invalidSpot-fireHydrant 0.31
158 2 887 290 89 36 -1 -1 -1 -1 label : spot-1 0.18
159 1 0 391 106 84 -1 -1 -1 -1 label : invalidSpot-fireHydrant 0.30
159 2 886 290 91 36 -1 -1 -1 -1 label : spot-1 0.19
160 1 0 391 107 84 -1 -1 -1 -1 label : invalidSpot-fireHydrant 0.30
160 2 886 290 91 36 -1 -1 -1 -1 label : spot-1 0.18
161 1 0 391 108 84 -1 -1 -1 -1 label : invalidSpot-fireHydrant 0.32
161 2 886 290 91 36 -1 -1 -1 -1 label : spot-1 0.19
161 4 0 285 31 120 -1 -1 -1 -1 label : fireHydrant 0.15
162 1 0 391 108 84 -1 -1 -1 -1 label : invalidSpot-fireHydrant 0.32
162 2 886 290 90 36 -1 -1 -1 -1 label : spot-1 0.17
162 4 2 292 28 113 -1 -1 -1 -1 label : fireHydrant 0.14
163 1 0 391 106 85 -1 -1 -1 -1 label : invalidSpot-fireHydrant 0.26
163 2 886 290 90 36 -1 -1 -1 -1 label : spot-1 0.17
163 4 2 268 30 141 -1 -1 -1 -1 label : fireHydrant 0.13
164 1 0 391 105 85 -1 -1 -1 -1 label : invalidSpot-fireHydrant 0.26
164 2 886 290 90 36 -1 -1 -1 -1 label : spot-1 0.17
164 4 1 261 31 148 -1 -1 -1 -1 label : fireHydrant 0.13
165 1 0 391 106 85 -1 -1 -1 -1 label : invalidSpot-fireHydrant 0.28
165 2 886 290 89 36 -1 -1 -1 -1 label : spot-1 0.18
165 4 1 263 34 146 -1 -1 -1 -1 label : fireHydrant 0.17
166 1 0 391 106 85 -1 -1 -1 -1 label : invalidSpot-fireHydrant 0.28
166 2 885 290 91 36 -1 -1 -1 -1 label : spot-1 0.18
166 4 1 263 34 147 -1 -1 -1 -1 label : fireHydrant 0.16
167 1 0 391 106 85 -1 -1 -1 -1 label : invalidSpot-fireHydrant 0.27
167 2 887 290 88 36 -1 -1 -1 -1 label : spot-1 0.16
167 4 2 250 32 159 -1 -1 -1 -1 label : fireHydrant 0.11
168 1 0 391 105 85 -1 -1 -1 -1 label : invalidSpot-fireHydrant 0.27
168 2 887 290 88 36 -1 -1 -1 -1 label : spot-1 0.16
168 4 1 245 33 163 -1 -1 -1 -1 label : fireHydrant 0.11
169 1 0 391 105 87 -1 -1 -1 -1 label : invalidSpot-fireHydrant 0.19
169 2 886 290 89 35 -1 -1 -1 -1 label : spot-1 0.14
170 1 0 391 105 87 -1 -1 -1 -1 label : invalidSpot-fireHydrant 0.19
170 2 886 290 89 35 -1 -1 -1 -1 label : spot-1 0.14
171 1 0 391 127 91 -1 -1 -1 -1 label : spot-0.15
171 2 887 290 87 35 -1 -1 -1 -1 label : spot-1 0.15
172 1 0 391 133 92 -1 -1 -1 -1 label : spot-0.15
172 2 887 290 87 34 -1 -1 -1 -1 label : spot-1 0.15
173 1 1 390 127 94 -1 -1 -1 -1 label : spot-0.16
173 2 887 290 88 35 -1 -1 -1 -1 label : spot-1 0.16
174 1 1 390 126 95 -1 -1 -1 -1 label : spot-0.16
174 2 887 290 88 35 -1 -1 -1 -1 label : spot-1 0.15
175 1 2 390 109 92 -1 -1 -1 -1 label : invalidSpot-fireHydrant 0.28
175 2 886 290 89 35 -1 -1 -1 -1 label : spot-1 0.25
175 4 0 241 41 170 -1 -1 -1 -1 label : fireHydrant 0.15
176 1 0 389 108 92 -1 -1 -1 -1 label : invalidSpot-fireHydrant 0.28
176 2 886 290 89 36 -1 -1 -1 -1 label : spot-1 0.25
176 4 0 242 41 169 -1 -1 -1 -1 label : fireHydrant 0.15
177 1 0 389 106 92 -1 -1 -1 -1 label : invalidSpot-fireHydrant 0.27
177 2 885 289 90 37 -1 -1 -1 -1 label : spot-1 0.19
177 4 0 241 42 170 -1 -1 -1 -1 label : fireHydrant 0.11
178 1 0 389 106 92 -1 -1 -1 -1 label : invalidSpot-fireHydrant 0.27
178 2 885 289 90 37 -1 -1 -1 -1 label : spot-1 0.18
178 4 0 241 43 170 -1 -1 -1 -1 label : fireHydrant 0.12
179 1 0 391 127 93 -1 -1 -1 -1 label : spot-0.17
179 2 885 289 91 37 -1 -1 -1 -1 label : spot-1 0.12
179 4 0 240 43 172 -1 -1 -1 -1 label : fireHydrant 0.12
180 1 0 391 131 94 -1 -1 -1 -1 label : spot-0.17
180 2 885 289 91 37 -1 -1 -1 -1 label : spot-1 0.12
181 1 0 391 130 95 -1 -1 -1 -1 label : spot-0.17
181 2 885 289 91 37 -1 -1 -1 -1 label : spot-1 0.13
181 5 0 389 106 95 -1 -1 -1 -1 label : invalidSpot-fireHydrant 0.11
182 1 0 392 131 94 -1 -1 -1 -1 label : spot-0.17
182 2 885 289 91 36 -1 -1 -1 -1 label : spot-1 0.13
182 5 0 389 105 95 -1 -1 -1 -1 label : invalidSpot-fireHydrant 0.10
183 1 0 392 133 94 -1 -1 -1 -1 label : spot-0.18
183 2 886 290 90 35 -1 -1 -1 -1 label : spot-1 0.17
184 2 887 290 89 35 -1 -1 -1 -1 label : spot-1 0.19
184 5 0 389 105 93 -1 -1 -1 -1 label : invalidSpot-fireHydrant 0.17
185 2 887 290 89 35 -1 -1 -1 -1 label : spot-1 0.16
185 5 0 390 116 93 -1 -1 -1 -1 label : spot-1 0.12
186 2 887 290 89 35 -1 -1 -1 -1 label : spot-1 0.16
186 5 0 390 118 94 -1 -1 -1 -1 label : spot-1 0.12
187 2 886 290 90 35 -1 -1 -1 -1 label : spot-1 0.15
187 5 0 391 132 94 -1 -1 -1 -1 label : spot-1 0.14
188 2 886 290 90 35 -1 -1 -1 -1 label : spot-1 0.15
188 5 0 391 134 94 -1 -1 -1 -1 label : spot-1 0.14
189 2 887 290 89 35 -1 -1 -1 -1 label : spot-1 0.15
189 5 0 392 134 94 -1 -1 -1 -1 label : spot-1 0.13
190 2 887 290 88 34 -1 -1 -1 -1 label : spot-1 0.15
190 5 0 392 134 94 -1 -1 -1 -1 label : spot-1 0.13
191 2 887 290 89 35 -1 -1 -1 -1 label : spot-1 0.16
191 5 1 392 132 94 -1 -1 -1 -1 label : spot-1 0.14
192 2 887 290 89 35 -1 -1 -1 -1 label : spot-1 0.16
192 5 0 392 132 94 -1 -1 -1 -1 label : spot-1 0.14
193 2 886 290 91 35 -1 -1 -1 -1 label : spot-1 0.18
193 5 0 392 131 94 -1 -1 -1 -1 label : spot-1 0.16
194 2 886 290 91 36 -1 -1 -1 -1 label : spot-1 0.18
194 5 0 392 131 93 -1 -1 -1 -1 label : spot-1 0.15
195 2 886 290 91 36 -1 -1 -1 -1 label : spot-1 0.17
195 5 0 392 133 93 -1 -1 -1 -1 label : spot-1 0.16
196 2 886 290 90 36 -1 -1 -1 -1 label : spot-1 0.17
196 5 0 392 134 93 -1 -1 -1 -1 label : spot-1 0.15
197 2 886 290 90 36 -1 -1 -1 -1 label : spot-1 0.19
197 5 0 392 133 93 -1 -1 -1 -1 label : spot-1 0.17
198 2 885 290 92 37 -1 -1 -1 -1 label : spot-1 0.19
198 5 0 391 133 94 -1 -1 -1 -1 label : spot-1 0.18
199 1 0 389 107 90 -1 -1 -1 -1 label : invalidSpot-fireHydrant 0.15
199 2 886 289 91 37 -1 -1 -1 -1 label : spot-1 0.15
199 5 0 391 133 92 -1 -1 -1 -1 label : spot-1 0.14
200 1 0 388 106 90 -1 -1 -1 -1 label : invalidSpot-fireHydrant 0.15
200 2 887 289 89 37 -1 -1 -1 -1 label : spot-1 0.15
200 5 0 391 132 91 -1 -1 -1 -1 label : spot-1 0.14
201 1 0 389 107 89 -1 -1 -1 -1 label : invalidSpot-fireHydrant 0.17
201 2 886 289 89 37 -1 -1 -1 -1 label : spot-1 0.13
201 5 0 391 131 90 -1 -1 -1 -1 label : spot-1 0.12
202 1 0 389 107 89 -1 -1 -1 -1 label : invalidSpot-fireHydrant 0.17
202 2 886 290 89 36 -1 -1 -1 -1 label : spot-1 0.13
202 5 0 391 131 90 -1 -1 -1 -1 label : spot-1 0.13
203 1 0 389 108 88 -1 -1 -1 -1 label : invalidSpot-fireHydrant 0.16
203 2 886 290 90 36 -1 -1 -1 -1 label : spot-1 0.16
203 5 0 391 130 89 -1 -1 -1 -1 label : spot-1 0.14
204 1 0 389 108 88 -1 -1 -1 -1 label : invalidSpot-fireHydrant 0.16
204 2 886 290 90 36 -1 -1 -1 -1 label : spot-1 0.15
204 5 0 391 130 89 -1 -1 -1 -1 label : spot-1 0.13
205 1 0 388 109 89 -1 -1 -1 -1 label : invalidSpot-fireHydrant 0.17
205 2 887 290 88 35 -1 -1 -1 -1 label : spot-1 0.14
205 5 0 390 129 89 -1 -1 -1 -1 label : spot-1 0.12
206 1 0 388 109 89 -1 -1 -1 -1 label : invalidSpot-fireHydrant 0.16
206 2 886 290 89 35 -1 -1 -1 -1 label : spot-1 0.14
206 5 0 390 129 90 -1 -1 -1 -1 label : spot-1 0.13
207 1 0 388 109 89 -1 -1 -1 -1 label : invalidSpot-fireHydrant 0.21
207 2 887 290 88 35 -1 -1 -1 -1 label : spot-1 0.15
208 2 887 291 89 34 -1 -1 -1 -1 label : spot-1 0.21
208 5 0 389 139 93 -1 -1 -1 -1 label : spot-1 0.15
209 2 886 291 90 34 -1 -1 -1 -1 label : spot-1 0.25
209 5 0 388 141 94 -1 -1 -1 -1 label : spot-1 0.17
210 2 886 291 90 34 -1 -1 -1 -1 label : spot-1 0.26
210 5 0 388 142 94 -1 -1 -1 -1 label : spot-1 0.17
211 2 886 291 89 34 -1 -1 -1 -1 label : spot-1 0.23
211 5 0 388 143 94 -1 -1 -1 -1 label : spot-1 0.16
212 2 886 291 89 34 -1 -1 -1 -1 label : spot-1 0.22
212 5 0 388 142 95 -1 -1 -1 -1 label : spot-1 0.16
213 2 886 290 89 36 -1 -1 -1 -1 label : spot-1 0.20
213 5 0 389 141 94 -1 -1 -1 -1 label : spot-1 0.17
214 2 886 290 89 35 -1 -1 -1 -1 label : spot-1 0.19
214 5 0 389 140 93 -1 -1 -1 -1 label : spot-1 0.16
215 2 886 290 89 35 -1 -1 -1 -1 label : spot-1 0.19
215 5 0 389 142 93 -1 -1 -1 -1 label : spot-1 0.14
216 2 886 289 89 36 -1 -1 -1 -1 label : spot-1 0.19
216 5 0 389 142 93 -1 -1 -1 -1 label : spot-1 0.14
217 2 886 290 89 34 -1 -1 -1 -1 label : spot-1 0.20
217 5 0 388 144 94 -1 -1 -1 -1 label : spot-1 0.14
218 2 887 290 87 34 -1 -1 -1 -1 label : spot-1 0.20
218 5 0 388 145 95 -1 -1 -1 -1 label : spot-1 0.13
219 2 887 290 87 34 -1 -1 -1 -1 label : spot-1 0.20
219 5 1 388 137 94 -1 -1 -1 -1 label : spot-1 0.14
220 2 887 290 87 34 -1 -1 -1 -1 label : spot-1 0.20
220 5 0 388 137 94 -1 -1 -1 -1 label : spot-1 0.14
221 2 887 290 87 34 -1 -1 -1 -1 label : spot-1 0.20
221 5 2 387 121 94 -1 -1 -1 -1 label : spot-1 0.15
222 2 887 289 87 35 -1 -1 -1 -1 label : spot-1 0.20
222 5 0 387 120 94 -1 -1 -1 -1 label : spot-1 0.15
223 2 886 289 90 36 -1 -1 -1 -1 label : spot-1 0.23
223 5 0 386 118 94 -1 -1 -1 -1 label : spot-1 0.19
224 2 886 289 90 36 -1 -1 -1 -1 label : spot-1 0.23
224 5 0 385 118 95 -1 -1 -1 -1 label : spot-1 0.19
225 2 886 289 89 36 -1 -1 -1 -1 label : spot-1 0.25
225 5 0 385 118 95 -1 -1 -1 -1 label : spot-1 0.19
226 2 885 289 91 36 -1 -1 -1 -1 label : spot-1 0.24
226 5 0 385 118 95 -1 -1 -1 -1 label : spot-1 0.19
227 2 886 289 91 36 -1 -1 -1 -1 label : spot-1 0.23
227 5 0 386 119 94 -1 -1 -1 -1 label : spot-1 0.19
228 2 887 289 89 36 -1 -1 -1 -1 label : spot-1 0.23
228 5 0 386 119 94 -1 -1 -1 -1 label : spot-1 0.19
229 2 887 289 89 36 -1 -1 -1 -1 label : spot-1 0.21
229 5 0 386 119 95 -1 -1 -1 -1 label : spot-1 0.21
230 2 887 289 89 36 -1 -1 -1 -1 label : spot-1 0.22
230 5 0 386 119 95 -1 -1 -1 -1 label : spot-1 0.19
231 2 888 289 89 37 -1 -1 -1 -1 label : spot-1 0.22
231 5 0 386 120 95 -1 -1 -1 -1 label : spot-1 0.18
232 2 888 289 89 37 -1 -1 -1 -1 label : spot-1 0.22
232 5 0 386 120 95 -1 -1 -1 -1 label : spot-1 0.18
233 2 887 290 90 36 -1 -1 -1 -1 label : spot-1 0.22
233 5 0 387 121 95 -1 -1 -1 -1 label : spot-1 0.17
234 2 887 290 90 36 -1 -1 -1 -1 label : spot-1 0.23
234 5 0 387 121 95 -1 -1 -1 -1 label : spot-1 0.17
235 2 887 290 89 36 -1 -1 -1 -1 label : spot-1 0.23
235 5 0 387 122 96 -1 -1 -1 -1 label : spot-1 0.16
236 2 887 290 89 36 -1 -1 -1 -1 label : spot-1 0.23
236 5 0 387 122 96 -1 -1 -1 -1 label : spot-1 0.15
237 2 886 290 90 36 -1 -1 -1 -1 label : spot-1 0.24
237 5 0 387 122 96 -1 -1 -1 -1 label : spot-1 0.18
238 2 886 290 91 36 -1 -1 -1 -1 label : spot-1 0.24
238 5 0 388 129 95 -1 -1 -1 -1 label : spot-1 0.18
239 2 887 289 90 37 -1 -1 -1 -1 label : spot-1 0.25
239 5 0 388 131 96 -1 -1 -1 -1 label : spot-1 0.17
240 2 887 289 90 37 -1 -1 -1 -1 label : spot-1 0.25
240 5 0 389 131 95 -1 -1 -1 -1 label : spot-1 0.17
241 2 887 289 90 37 -1 -1 -1 -1 label : spot-1 0.26
241 5 0 389 135 93 -1 -1 -1 -1 label : spot-1 0.16
242 2 887 289 90 37 -1 -1 -1 -1 label : spot-1 0.25
242 5 0 389 134 92 -1 -1 -1 -1 label : spot-1 0.16
243 2 887 289 90 37 -1 -1 -1 -1 label : spot-1 0.25
243 5 0 389 133 90 -1 -1 -1 -1 label : spot-1 0.16
244 2 887 289 90 37 -1 -1 -1 -1 label : spot-1 0.25
244 5 0 389 133 90 -1 -1 -1 -1 label : spot-1 0.16
245 2 887 289 90 37 -1 -1 -1 -1 label : spot-1 0.24
245 5 0 388 133 92 -1 -1 -1 -1 label : spot-1 0.15
246 2 888 289 89 36 -1 -1 -1 -1 label : spot-1 0.24
246 5 0 388 133 92 -1 -1 -1 -1 label : spot-1 0.14
247 2 888 289 89 36 -1 -1 -1 -1 label : spot-1 0.22
247 5 0 388 141 93 -1 -1 -1 -1 label : spot-1 0.14
248 2 887 289 90 36 -1 -1 -1 -1 label : spot-1 0.22
248 5 0 388 142 93 -1 -1 -1 -1 label : spot-1 0.14
249 2 888 289 88 36 -1 -1 -1 -1 label : spot-1 0.22
249 5 0 388 144 93 -1 -1 -1 -1 label : spot-1 0.15
250 2 888 289 88 36 -1 -1 -1 -1 label : spot-1 0.22
250 5 0 388 145 93 -1 -1 -1 -1 label : spot-1 0.15
251 2 887 289 89 37 -1 -1 -1 -1 label : spot-1 0.25
251 5 1 388 140 94 -1 -1 -1 -1 label : spot-1 0.20
252 2 887 289 89 37 -1 -1 -1 -1 label : spot-1 0.25
252 5 0 388 142 94 -1 -1 -1 -1 label : spot-1 0.19
253 2 886 289 90 37 -1 -1 -1 -1 label : spot-1 0.25
253 5 0 388 141 94 -1 -1 -1 -1 label : spot-1 0.19
254 2 886 289 91 38 -1 -1 -1 -1 label : spot-1 0.26
254 5 0 388 142 95 -1 -1 -1 -1 label : spot-1 0.19
255 2 886 289 91 38 -1 -1 -1 -1 label : spot-1 0.25
255 5 1 387 135 97 -1 -1 -1 -1 label : spot-1 0.19
256 2 886 289 91 38 -1 -1 -1 -1 label : spot-1 0.25
256 5 0 386 136 98 -1 -1 -1 -1 label : spot-1 0.18
257 2 886 289 92 38 -1 -1 -1 -1 label : spot-1 0.24
257 5 0 386 138 99 -1 -1 -1 -1 label : spot-1 0.18
258 2 886 289 92 38 -1 -1 -1 -1 label : spot-1 0.24
258 5 0 386 139 99 -1 -1 -1 -1 label : spot-1 0.18
259 2 887 289 90 38 -1 -1 -1 -1 label : spot-1 0.25
259 5 0 386 141 99 -1 -1 -1 -1 label : spot-1 0.19
260 2 887 289 90 38 -1 -1 -1 -1 label : spot-1 0.25
260 5 0 386 143 99 -1 -1 -1 -1 label : spot-1 0.19
261 2 886 289 92 38 -1 -1 -1 -1 label : spot-1 0.26
261 5 0 386 144 99 -1 -1 -1 -1 label : spot-1 0.19
262 2 886 289 92 38 -1 -1 -1 -1 label : spot-1 0.26
262 5 0 386 144 99 -1 -1 -1 -1 label : spot-1 0.18
263 2 886 289 92 38 -1 -1 -1 -1 label : spot-1 0.25
263 5 1 386 138 99 -1 -1 -1 -1 label : spot-1 0.19
264 2 886 289 92 38 -1 -1 -1 -1 label : spot-1 0.24
264 5 0 386 140 99 -1 -1 -1 -1 label : spot-1 0.19
265 2 887 289 90 38 -1 -1 -1 -1 label : spot-1 0.25
265 5 2 385 124 99 -1 -1 -1 -1 label : spot-1 0.18
266 2 886 289 91 38 -1 -1 -1 -1 label : spot-1 0.25
266 5 0 385 123 99 -1 -1 -1 -1 label : spot-1 0.19
267 2 886 289 91 38 -1 -1 -1 -1 label : spot-1 0.25
267 5 0 384 121 100 -1 -1 -1 -1 label : spot-1 0.20
268 2 886 289 91 38 -1 -1 -1 -1 label : spot-1 0.25
268 5 0 385 131 99 -1 -1 -1 -1 label : spot-1 0.19
269 2 886 289 92 38 -1 -1 -1 -1 label : spot-1 0.24
269 5 1 385 122 100 -1 -1 -1 -1 label : spot-1 0.19
270 2 886 289 91 38 -1 -1 -1 -1 label : spot-1 0.25
270 5 0 384 123 101 -1 -1 -1 -1 label : spot-1 0.19
271 2 886 289 91 38 -1 -1 -1 -1 label : spot-1 0.25
271 5 0 384 121 102 -1 -1 -1 -1 label : spot-1 0.20
272 2 886 290 91 37 -1 -1 -1 -1 label : spot-1 0.25
272 5 0 384 121 102 -1 -1 -1 -1 label : spot-1 0.20
273 2 886 289 93 38 -1 -1 -1 -1 label : spot-1 0.26
273 5 0 384 121 103 -1 -1 -1 -1 label : spot-1 0.19
274 2 886 289 93 38 -1 -1 -1 -1 label : spot-1 0.25
274 5 0 384 120 103 -1 -1 -1 -1 label : spot-1 0.19
275 2 887 289 91 38 -1 -1 -1 -1 label : spot-1 0.25
275 5 0 383 121 104 -1 -1 -1 -1 label : spot-1 0.20
276 2 887 289 91 38 -1 -1 -1 -1 label : spot-1 0.25
276 5 0 383 122 103 -1 -1 -1 -1 label : spot-1 0.18
277 2 887 289 92 38 -1 -1 -1 -1 label : spot-1 0.24
277 5 0 383 121 104 -1 -1 -1 -1 label : spot-1 0.19
278 2 886 289 93 39 -1 -1 -1 -1 label : spot-1 0.23
278 5 0 383 121 104 -1 -1 -1 -1 label : spot-1 0.19
279 2 886 289 92 38 -1 -1 -1 -1 label : spot-1 0.23
279 5 0 383 123 105 -1 -1 -1 -1 label : spot-1 0.17
280 2 886 289 92 38 -1 -1 -1 -1 label : spot-1 0.23
280 5 0 383 124 105 -1 -1 -1 -1 label : spot-1 0.17
281 2 886 289 92 38 -1 -1 -1 -1 label : spot-1 0.23
281 5 0 383 124 105 -1 -1 -1 -1 label : spot-1 0.19
282 2 887 289 90 37 -1 -1 -1 -1 label : spot-1 0.23
282 5 0 383 124 105 -1 -1 -1 -1 label : spot-1 0.18
283 2 887 289 90 37 -1 -1 -1 -1 label : spot-1 0.23
283 5 0 383 125 106 -1 -1 -1 -1 label : spot-1 0.17
284 2 887 289 90 37 -1 -1 -1 -1 label : spot-1 0.23
284 5 0 383 125 106 -1 -1 -1 -1 label : spot-1 0.16
285 2 887 289 90 37 -1 -1 -1 -1 label : spot-1 0.24
285 5 0 383 126 106 -1 -1 -1 -1 label : spot-1 0.14
286 2 887 289 90 37 -1 -1 -1 -1 label : spot-1 0.24
286 5 0 383 126 106 -1 -1 -1 -1 label : spot-1 0.13
287 2 886 289 91 37 -1 -1 -1 -1 label : spot-1 0.24
287 5 0 385 137 104 -1 -1 -1 -1 label : spot-1 0.10
288 2 886 290 91 36 -1 -1 -1 -1 label : spot-1 0.24
288 5 0 385 139 104 -1 -1 -1 -1 label : spot-1 0.10
289 2 886 290 90 35 -1 -1 -1 -1 label : spot-1 0.24
289 5 0 385 138 105 -1 -1 -1 -1 label : spot-1 0.15
290 2 887 289 89 36 -1 -1 -1 -1 label : spot-1 0.24
290 5 0 386 140 105 -1 -1 -1 -1 label : spot-1 0.15
291 2 887 289 88 36 -1 -1 -1 -1 label : spot-1 0.24
291 5 0 385 142 106 -1 -1 -1 -1 label : spot-1 0.17
292 5 0 385 143 106 -1 -1 -1 -1 label : spot-1 0.24
292 6 907 254 11 34 -1 -1 -1 -1 label : fireHydrant 0.17
293 2 886 289 89 36 -1 -1 -1 -1 label : spot-1 0.23
293 5 3 383 126 107 -1 -1 -1 -1 label : spot-1 0.14
293 6 906 255 12 33 -1 -1 -1 -1 label : fireHydrant 0.12
294 2 886 289 89 36 -1 -1 -1 -1 label : spot-1 0.23
294 5 0 383 128 107 -1 -1 -1 -1 label : spot-1 0.14
294 6 906 255 12 33 -1 -1 -1 -1 label : fireHydrant 0.12
295 2 886 289 89 36 -1 -1 -1 -1 label : spot-1 0.22
295 5 0 385 138 105 -1 -1 -1 -1 label : spot-1 0.13
295 6 905 256 12 32 -1 -1 -1 -1 label : fireHydrant 0.12
296 2 885 289 90 36 -1 -1 -1 -1 label : spot-1 0.23
296 5 0 385 140 105 -1 -1 -1 -1 label : spot-1 0.13
296 6 905 257 12 31 -1 -1 -1 -1 label : fireHydrant 0.12
297 2 886 289 90 36 -1 -1 -1 -1 label : spot-1 0.23
297 5 0 385 140 105 -1 -1 -1 -1 label : spot-1 0.16
297 6 906 256 11 32 -1 -1 -1 -1 label : fireHydrant 0.11
298 2 887 289 89 36 -1 -1 -1 -1 label : spot-1 0.23
298 5 0 386 141 104 -1 -1 -1 -1 label : spot-1 0.16
298 6 906 256 11 32 -1 -1 -1 -1 label : fireHydrant 0.11
299 2 886 289 90 36 -1 -1 -1 -1 label : spot-1 0.22
299 5 0 386 143 104 -1 -1 -1 -1 label : spot-1 0.15
299 6 906 256 11 32 -1 -1 -1 -1 label : fireHydrant 0.11
300 2 886 289 90 36 -1 -1 -1 -1 label : spot-1 0.22
300 5 0 386 142 104 -1 -1 -1 -1 label : spot-1 0.15
300 6 906 256 11 32 -1 -1 -1 -1 label : fireHydrant 0.11
301 2 887 289 89 36 -1 -1 -1 -1 label : spot-1 0.22
301 5 0 387 140 102 -1 -1 -1 -1 label : spot-1 0.19
302 5 0 387 142 102 -1 -1 -1 -1 label : spot-1 0.23
302 6 907 257 10 31 -1 -1 -1 -1 label : fireHydrant 0.18
303 2 887 289 89 36 -1 -1 -1 -1 label : spot-1 0.23
303 5 0 387 145 103 -1 -1 -1 -1 label : spot-1 0.14
303 6 906 257 12 32 -1 -1 -1 -1 label : fireHydrant 0.10
304 2 887 289 89 36 -1 -1 -1 -1 label : spot-1 0.24
304 5 0 387 145 103 -1 -1 -1 -1 label : spot-1 0.15
304 6 906 257 12 32 -1 -1 -1 -1 label : fireHydrant 0.10
305 2 887 289 88 36 -1 -1 -1 -1 label : spot-1 0.23
305 5 0 387 146 104 -1 -1 -1 -1 label : spot-1 0.19
306 5 0 388 147 103 -1 -1 -1 -1 label : spot-1 0.23
306 6 907 256 11 33 -1 -1 -1 -1 label : fireHydrant 0.19
307 5 1 388 141 103 -1 -1 -1 -1 label : spot-1 0.22
307 6 907 256 10 33 -1 -1 -1 -1 label : fireHydrant 0.14
308 5 0 387 142 104 -1 -1 -1 -1 label : spot-1 0.22
308 6 907 256 10 33 -1 -1 -1 -1 label : fireHydrant 0.13
309 2 886 289 89 36 -1 -1 -1 -1 label : spot-1 0.22
309 5 2 386 128 104 -1 -1 -1 -1 label : spot-1 0.11
309 6 906 255 12 34 -1 -1 -1 -1 label : fireHydrant 0.11
310 2 886 289 88 36 -1 -1 -1 -1 label : spot-1 0.22
310 5 0 386 127 104 -1 -1 -1 -1 label : spot-1 0.11
311 2 886 289 88 36 -1 -1 -1 -1 label : spot-1 0.21
311 5 0 386 128 103 -1 -1 -1 -1 label : spot-1 0.10
312 2 885 289 89 36 -1 -1 -1 -1 label : spot-1 0.21
312 5 0 385 127 104 -1 -1 -1 -1 label : spot-1 0.10
313 2 885 289 89 36 -1 -1 -1 -1 label : spot-1 0.22
313 5 0 387 138 101 -1 -1 -1 -1 label : spot-1 0.11
314 5 0 387 141 101 -1 -1 -1 -1 label : spot-1 0.22
314 6 905 255 12 33 -1 -1 -1 -1 label : fireHydrant 0.11
315 5 0 387 144 100 -1 -1 -1 -1 label : spot-1 0.23
315 6 906 255 11 34 -1 -1 -1 -1 label : fireHydrant 0.14
316 5 0 387 145 100 -1 -1 -1 -1 label : spot-1 0.24
316 6 906 255 11 34 -1 -1 -1 -1 label : fireHydrant 0.14
317 5 0 387 151 100 -1 -1 -1 -1 label : spot-1 0.26
317 6 906 255 12 34 -1 -1 -1 -1 label : fireHydrant 0.14
318 5 0 387 150 101 -1 -1 -1 -1 label : spot-1 0.25
318 6 906 255 12 35 -1 -1 -1 -1 label : fireHydrant 0.14
319 5 0 388 150 100 -1 -1 -1 -1 label : spot-1 0.24
319 6 906 256 13 34 -1 -1 -1 -1 label : fireHydrant 0.12
320 5 0 388 148 100 -1 -1 -1 -1 label : spot-1 0.24
320 6 906 256 13 34 -1 -1 -1 -1 label : fireHydrant 0.12
321 5 1 388 144 100 -1 -1 -1 -1 label : spot-1 0.23
322 5 0 388 142 100 -1 -1 -1 -1 label : spot-1 0.23
323 5 0 388 144 100 -1 -1 -1 -1 label : spot-1 0.25
324 2 886 289 88 36 -1 -1 -1 -1 label : spot-1 0.24
324 5 0 388 144 100 -1 -1 -1 -1 label : spot-1 0.10
325 2 887 289 88 36 -1 -1 -1 -1 label : spot-1 0.25
325 5 0 388 143 100 -1 -1 -1 -1 label : spot-1 0.11
326 2 887 289 88 36 -1 -1 -1 -1 label : spot-1 0.25
326 5 0 388 143 100 -1 -1 -1 -1 label : spot-1 0.10
327 2 888 289 88 36 -1 -1 -1 -1 label : spot-1 0.24
327 5 0 388 142 99 -1 -1 -1 -1 label : spot-1 0.11
328 2 888 289 88 36 -1 -1 -1 -1 label : spot-1 0.24
328 5 0 388 142 99 -1 -1 -1 -1 label : spot-1 0.11
329 2 887 289 89 36 -1 -1 -1 -1 label : spot-1 0.23
329 5 0 388 139 99 -1 -1 -1 -1 label : spot-1 0.11
330 2 887 289 89 36 -1 -1 -1 -1 label : spot-1 0.24
330 5 0 388 140 99 -1 -1 -1 -1 label : spot-1 0.11
331 2 886 289 90 36 -1 -1 -1 -1 label : spot-1 0.23
331 5 0 388 140 99 -1 -1 -1 -1 label : spot-1 0.12
332 2 886 289 90 36 -1 -1 -1 -1 label : spot-1 0.24
332 5 0 388 140 99 -1 -1 -1 -1 label : spot-1 0.13
333 2 887 289 89 36 -1 -1 -1 -1 label : spot-1 0.24
333 5 0 388 139 99 -1 -1 -1 -1 label : spot-1 0.13
334 2 887 289 90 36 -1 -1 -1 -1 label : spot-1 0.24
334 5 0 388 137 100 -1 -1 -1 -1 label : spot-1 0.13
335 2 886 289 88 36 -1 -1 -1 -1 label : spot-1 0.24
335 5 0 388 141 100 -1 -1 -1 -1 label : spot-1 0.10
336 2 886 290 87 35 -1 -1 -1 -1 label : spot-1 0.24
336 5 0 388 141 100 -1 -1 -1 -1 label : spot-1 0.10
337 2 886 290 87 34 -1 -1 -1 -1 label : spot-1 0.25
338 5 0 387 143 102 -1 -1 -1 -1 label : spot-1 0.24
339 5 0 387 143 102 -1 -1 -1 -1 label : spot-1 0.25
340 5 0 386 144 103 -1 -1 -1 -1 label : spot-1 0.25
341 5 0 386 146 103 -1 -1 -1 -1 label : spot-1 0.26
342 5 0 386 146 103 -1 -1 -1 -1 label : spot-1 0.26
343 5 0 386 151 104 -1 -1 -1 -1 label : spot-1 0.27
344 5 0 386 151 104 -1 -1 -1 -1 label : spot-1 0.26
345 5 0 386 153 103 -1 -1 -1 -1 label : spot-1 0.27
346 5 0 386 151 103 -1 -1 -1 -1 label : spot-1 0.26
347 5 0 386 150 103 -1 -1 -1 -1 label : spot-1 0.26
348 5 0 386 150 103 -1 -1 -1 -1 label : spot-1 0.25
349 5 0 386 152 102 -1 -1 -1 -1 label : spot-1 0.26
350 5 0 386 151 102 -1 -1 -1 -1 label : spot-1 0.26
351 5 0 386 151 102 -1 -1 -1 -1 label : spot-1 0.25
352 5 0 386 150 102 -1 -1 -1 -1 label : spot-1 0.25
353 5 0 386 148 102 -1 -1 -1 -1 label : spot-1 0.24
354 5 0 386 146 102 -1 -1 -1 -1 label : spot-1 0.23
355 5 0 386 145 101 -1 -1 -1 -1 label : spot-1 0.23
355 7 907 258 11 33 -1 -1 -1 -1 label : fireHydrant 0.14
356 5 0 386 145 101 -1 -1 -1 -1 label : spot-1 0.23
356 7 907 258 11 33 -1 -1 -1 -1 label : fireHydrant 0.14
357 5 0 386 144 101 -1 -1 -1 -1 label : spot-1 0.23
357 7 907 258 11 33 -1 -1 -1 -1 label : fireHydrant 0.14
358 5 0 386 144 101 -1 -1 -1 -1 label : spot-1 0.24
358 7 907 257 11 34 -1 -1 -1 -1 label : fireHydrant 0.15
359 5 0 386 145 101 -1 -1 -1 -1 label : spot-1 0.24
359 7 907 257 11 34 -1 -1 -1 -1 label : fireHydrant 0.16
360 5 0 387 143 100 -1 -1 -1 -1 label : spot-1 0.24
360 7 907 256 11 34 -1 -1 -1 -1 label : fireHydrant 0.20
361 5 0 387 144 100 -1 -1 -1 -1 label : spot-1 0.24
361 7 908 256 10 34 -1 -1 -1 -1 label : fireHydrant 0.20
362 5 0 387 145 100 -1 -1 -1 -1 label : spot-1 0.25
362 7 907 256 12 34 -1 -1 -1 -1 label : fireHydrant 0.16
363 5 0 387 144 99 -1 -1 -1 -1 label : spot-1 0.25
363 7 907 256 12 34 -1 -1 -1 -1 label : fireHydrant 0.17
364 5 0 387 146 99 -1 -1 -1 -1 label : spot-1 0.26
364 7 907 256 11 33 -1 -1 -1 -1 label : fireHydrant 0.14
365 5 0 387 147 99 -1 -1 -1 -1 label : spot-1 0.25
365 7 907 256 11 33 -1 -1 -1 -1 label : fireHydrant 0.17
366 5 0 386 146 100 -1 -1 -1 -1 label : spot-1 0.25
366 7 907 255 11 34 -1 -1 -1 -1 label : fireHydrant 0.19
367 5 0 386 145 99 -1 -1 -1 -1 label : spot-1 0.25
367 7 907 255 11 34 -1 -1 -1 -1 label : fireHydrant 0.20
368 5 0 386 142 99 -1 -1 -1 -1 label : spot-1 0.24
368 7 906 254 13 35 -1 -1 -1 -1 label : fireHydrant 0.15
369 5 2 386 129 100 -1 -1 -1 -1 label : spot-1 0.24
369 7 906 254 13 35 -1 -1 -1 -1 label : fireHydrant 0.15
370 5 0 387 140 99 -1 -1 -1 -1 label : spot-1 0.24
370 7 906 254 13 35 -1 -1 -1 -1 label : fireHydrant 0.16
371 5 0 387 140 99 -1 -1 -1 -1 label : spot-1 0.25
371 7 906 254 13 35 -1 -1 -1 -1 label : fireHydrant 0.16
372 5 0 387 143 99 -1 -1 -1 -1 label : spot-1 0.25
372 7 906 254 13 35 -1 -1 -1 -1 label : fireHydrant 0.16
373 5 0 388 143 98 -1 -1 -1 -1 label : spot-1 0.24
373 7 906 254 13 35 -1 -1 -1 -1 label : fireHydrant 0.17
374 5 0 388 146 99 -1 -1 -1 -1 label : spot-1 0.24
374 7 906 254 13 35 -1 -1 -1 -1 label : fireHydrant 0.15
375 5 0 388 146 99 -1 -1 -1 -1 label : spot-1 0.24
375 7 907 254 11 35 -1 -1 -1 -1 label : fireHydrant 0.15
376 5 0 388 147 99 -1 -1 -1 -1 label : spot-1 0.24
376 7 906 254 12 35 -1 -1 -1 -1 label : fireHydrant 0.17
377 5 0 388 147 99 -1 -1 -1 -1 label : spot-1 0.24
377 7 906 254 13 35 -1 -1 -1 -1 label : fireHydrant 0.16
378 5 0 388 148 100 -1 -1 -1 -1 label : spot-1 0.25
378 7 907 254 11 35 -1 -1 -1 -1 label : fireHydrant 0.12
379 5 0 388 149 100 -1 -1 -1 -1 label : spot-1 0.25
379 7 907 254 11 35 -1 -1 -1 -1 label : fireHydrant 0.13
380 5 0 388 149 100 -1 -1 -1 -1 label : spot-1 0.24
380 7 906 254 12 35 -1 -1 -1 -1 label : fireHydrant 0.16
381 5 0 388 149 100 -1 -1 -1 -1 label : spot-1 0.25
381 7 906 254 11 35 -1 -1 -1 -1 label : fireHydrant 0.16
382 5 0 388 147 100 -1 -1 -1 -1 label : spot-1 0.24
383 5 0 388 146 101 -1 -1 -1 -1 label : spot-1 0.24
384 5 0 388 148 101 -1 -1 -1 -1 label : spot-1 0.25
385 5 0 388 148 101 -1 -1 -1 -1 label : spot-1 0.25
386 5 0 388 149 102 -1 -1 -1 -1 label : spot-1 0.24
387 5 0 388 149 102 -1 -1 -1 -1 label : spot-1 0.24
388 5 0 388 148 102 -1 -1 -1 -1 label : spot-1 0.23
389 5 0 388 149 102 -1 -1 -1 -1 label : spot-1 0.23
389 7 905 255 13 34 -1 -1 -1 -1 label : fireHydrant 0.11
390 5 0 388 145 101 -1 -1 -1 -1 label : spot-1 0.22
391 5 0 388 144 101 -1 -1 -1 -1 label : spot-1 0.22
391 7 906 256 11 33 -1 -1 -1 -1 label : fireHydrant 0.10
392 5 0 388 144 101 -1 -1 -1 -1 label : spot-1 0.23
392 7 906 256 12 33 -1 -1 -1 -1 label : fireHydrant 0.16
393 5 0 388 144 101 -1 -1 -1 -1 label : spot-1 0.23
393 7 907 256 10 34 -1 -1 -1 -1 label : fireHydrant 0.18
394 5 0 388 144 101 -1 -1 -1 -1 label : spot-1 0.23
394 7 907 256 10 34 -1 -1 -1 -1 label : fireHydrant 0.13
395 5 0 387 144 102 -1 -1 -1 -1 label : spot-1 0.22
395 7 906 257 12 33 -1 -1 -1 -1 label : fireHydrant 0.15
396 5 0 387 144 102 -1 -1 -1 -1 label : spot-1 0.22
396 7 906 257 12 33 -1 -1 -1 -1 label : fireHydrant 0.10
397 5 0 387 144 101 -1 -1 -1 -1 label : spot-1 0.22
397 7 907 257 10 33 -1 -1 -1 -1 label : fireHydrant 0.11
398 5 0 387 143 101 -1 -1 -1 -1 label : spot-1 0.21
399 5 0 387 143 101 -1 -1 -1 -1 label : spot-1 0.21
400 5 2 387 129 100 -1 -1 -1 -1 label : spot-1 0.21
401 5 0 387 129 100 -1 -1 -1 -1 label : spot-1 0.21
402 5 0 386 126 101 -1 -1 -1 -1 label : spot-1 0.20
403 5 0 386 126 101 -1 -1 -1 -1 label : spot-1 0.20
404 5 0 386 127 101 -1 -1 -1 -1 label : spot-1 0.20
405 5 0 386 127 101 -1 -1 -1 -1 label : spot-1 0.19
406 5 0 387 138 101 -1 -1 -1 -1 label : spot-1 0.20
406 7 907 258 10 32 -1 -1 -1 -1 label : fireHydrant 0.12
407 5 1 387 129 101 -1 -1 -1 -1 label : spot-1 0.20
408 5 0 387 141 101 -1 -1 -1 -1 label : spot-1 0.21
409 5 0 387 143 101 -1 -1 -1 -1 label : spot-1 0.21
410 5 0 387 142 101 -1 -1 -1 -1 label : spot-1 0.21
411 5 0 388 141 100 -1 -1 -1 -1 label : spot-1 0.21
412 5 0 388 142 100 -1 -1 -1 -1 label : spot-1 0.21
412 8 886 289 88 36 -1 -1 -1 -1 label : spot-1 0.11
413 5 0 388 143 99 -1 -1 -1 -1 label : spot-1 0.21
413 8 886 289 88 37 -1 -1 -1 -1 label : spot-1 0.12
414 5 0 388 143 99 -1 -1 -1 -1 label : spot-1 0.22
414 8 886 289 89 37 -1 -1 -1 -1 label : spot-1 0.14
415 5 0 388 144 99 -1 -1 -1 -1 label : spot-1 0.22
415 8 886 289 90 37 -1 -1 -1 -1 label : spot-1 0.13
416 5 0 388 144 99 -1 -1 -1 -1 label : spot-1 0.22
416 8 886 288 89 38 -1 -1 -1 -1 label : spot-1 0.11
417 5 0 388 144 99 -1 -1 -1 -1 label : spot-1 0.22
417 8 886 288 89 38 -1 -1 -1 -1 label : spot-1 0.11
418 5 0 388 142 99 -1 -1 -1 -1 label : spot-1 0.21
418 8 885 288 91 38 -1 -1 -1 -1 label : spot-1 0.12
419 5 0 388 143 99 -1 -1 -1 -1 label : spot-1 0.21
419 8 886 288 89 38 -1 -1 -1 -1 label : spot-1 0.11
420 5 0 388 143 99 -1 -1 -1 -1 label : spot-1 0.21
420 8 885 288 90 38 -1 -1 -1 -1 label : spot-1 0.12
421 5 0 388 143 99 -1 -1 -1 -1 label : spot-1 0.21
421 8 885 288 91 38 -1 -1 -1 -1 label : spot-1 0.12
422 5 0 388 142 100 -1 -1 -1 -1 label : spot-1 0.22
422 8 885 288 91 38 -1 -1 -1 -1 label : spot-1 0.13
423 5 0 388 143 100 -1 -1 -1 -1 label : spot-1 0.22
423 8 885 288 91 38 -1 -1 -1 -1 label : spot-1 0.13
424 5 0 388 144 100 -1 -1 -1 -1 label : spot-1 0.21
424 8 886 288 89 38 -1 -1 -1 -1 label : spot-1 0.13
425 5 0 388 144 100 -1 -1 -1 -1 label : spot-1 0.21
425 8 886 288 89 38 -1 -1 -1 -1 label : spot-1 0.13
426 5 0 388 146 100 -1 -1 -1 -1 label : spot-1 0.21
426 8 886 288 89 38 -1 -1 -1 -1 label : spot-1 0.15
427 5 0 388 145 99 -1 -1 -1 -1 label : spot-1 0.21
427 8 886 288 89 38 -1 -1 -1 -1 label : spot-1 0.15
428 5 0 388 146 99 -1 -1 -1 -1 label : spot-1 0.21
428 8 886 288 90 38 -1 -1 -1 -1 label : spot-1 0.16
429 5 0 388 146 99 -1 -1 -1 -1 label : spot-1 0.21
429 8 886 288 90 38 -1 -1 -1 -1 label : spot-1 0.15
430 5 0 388 145 99 -1 -1 -1 -1 label : spot-1 0.21
430 8 886 288 89 38 -1 -1 -1 -1 label : spot-1 0.15
431 5 0 388 145 99 -1 -1 -1 -1 label : spot-1 0.21
431 8 886 288 89 38 -1 -1 -1 -1 label : spot-1 0.14
432 5 0 387 146 100 -1 -1 -1 -1 label : spot-1 0.21
432 8 886 288 89 38 -1 -1 -1 -1 label : spot-1 0.13
433 5 0 387 146 100 -1 -1 -1 -1 label : spot-1 0.21
433 8 885 288 91 39 -1 -1 -1 -1 label : spot-1 0.14
434 5 0 388 147 99 -1 -1 -1 -1 label : spot-1 0.21
434 8 886 288 90 39 -1 -1 -1 -1 label : spot-1 0.15
435 5 0 388 148 99 -1 -1 -1 -1 label : spot-1 0.21
435 8 886 288 90 39 -1 -1 -1 -1 label : spot-1 0.14
436 5 0 388 155 100 -1 -1 -1 -1 label : spot-1 0.21
436 8 885 288 91 39 -1 -1 -1 -1 label : spot-1 0.14
437 5 0 389 156 99 -1 -1 -1 -1 label : spot-1 0.21
437 8 885 288 92 39 -1 -1 -1 -1 label : spot-1 0.14
438 5 0 389 153 99 -1 -1 -1 -1 label : spot-1 0.20
438 8 885 288 92 39 -1 -1 -1 -1 label : spot-1 0.14
439 5 0 389 153 100 -1 -1 -1 -1 label : spot-1 0.20
439 8 886 288 90 39 -1 -1 -1 -1 label : spot-1 0.14
440 5 0 388 151 101 -1 -1 -1 -1 label : spot-1 0.20
440 8 885 288 91 39 -1 -1 -1 -1 label : spot-1 0.14
441 5 0 388 152 101 -1 -1 -1 -1 label : spot-1 0.20
441 8 885 288 91 38 -1 -1 -1 -1 label : spot-1 0.12
442 5 0 388 152 102 -1 -1 -1 -1 label : spot-1 0.20
442 8 885 288 92 38 -1 -1 -1 -1 label : spot-1 0.15
443 5 0 387 152 103 -1 -1 -1 -1 label : spot-1 0.20
443 8 886 288 90 38 -1 -1 -1 -1 label : spot-1 0.15
444 5 0 387 152 103 -1 -1 -1 -1 label : spot-1 0.20
444 8 885 288 92 38 -1 -1 -1 -1 label : spot-1 0.16
445 5 0 387 152 103 -1 -1 -1 -1 label : spot-1 0.20
445 8 885 288 92 38 -1 -1 -1 -1 label : spot-1 0.16
446 5 0 387 152 103 -1 -1 -1 -1 label : spot-1 0.20
446 8 886 288 89 38 -1 -1 -1 -1 label : spot-1 0.15
447 5 0 387 153 103 -1 -1 -1 -1 label : spot-1 0.20
447 8 885 288 91 38 -1 -1 -1 -1 label : spot-1 0.15
448 5 0 388 152 102 -1 -1 -1 -1 label : spot-1 0.20
448 8 885 288 89 38 -1 -1 -1 -1 label : spot-1 0.13
449 5 0 388 153 102 -1 -1 -1 -1 label : spot-1 0.20
449 8 884 289 90 36 -1 -1 -1 -1 label : spot-1 0.14
450 5 0 388 151 102 -1 -1 -1 -1 label : spot-1 0.21
450 8 884 289 90 36 -1 -1 -1 -1 label : spot-1 0.14
451 5 0 388 150 102 -1 -1 -1 -1 label : spot-1 0.20
451 8 885 288 90 37 -1 -1 -1 -1 label : spot-1 0.14
452 5 0 388 149 102 -1 -1 -1 -1 label : spot-1 0.18
452 8 884 288 91 37 -1 -1 -1 -1 label : spot-1 0.14
453 5 0 387 149 103 -1 -1 -1 -1 label : spot-1 0.18
453 8 884 288 91 37 -1 -1 -1 -1 label : spot-1 0.13
454 5 0 387 151 103 -1 -1 -1 -1 label : spot-1 0.21
454 8 884 288 92 36 -1 -1 -1 -1 label : spot-1 0.12
455 5 0 387 152 103 -1 -1 -1 -1 label : spot-1 0.21
455 8 884 288 92 36 -1 -1 -1 -1 label : spot-1 0.11
456 5 0 387 154 103 -1 -1 -1 -1 label : spot-1 0.21
456 8 884 288 91 36 -1 -1 -1 -1 label : spot-1 0.11
457 5 0 387 154 102 -1 -1 -1 -1 label : spot-1 0.21
457 8 885 288 90 36 -1 -1 -1 -1 label : spot-1 0.11
458 5 0 387 155 102 -1 -1 -1 -1 label : spot-1 0.22
458 8 884 289 92 35 -1 -1 -1 -1 label : spot-1 0.12
459 5 0 387 156 103 -1 -1 -1 -1 label : spot-1 0.22
459 8 884 289 91 35 -1 -1 -1 -1 label : spot-1 0.12
460 5 0 387 157 103 -1 -1 -1 -1 label : spot-1 0.23
460 8 885 289 90 35 -1 -1 -1 -1 label : spot-1 0.10
461 5 0 387 158 102 -1 -1 -1 -1 label : spot-1 0.23
462 5 0 387 154 102 -1 -1 -1 -1 label : spot-1 0.22
463 5 0 387 153 102 -1 -1 -1 -1 label : spot-1 0.22
464 5 0 388 156 100 -1 -1 -1 -1 label : spot-1 0.22
465 5 0 388 156 100 -1 -1 -1 -1 label : spot-1 0.22
466 5 0 388 157 99 -1 -1 -1 -1 label : spot-1 0.20
466 9 906 257 10 33 -1 -1 -1 -1 label : fireHydrant 0.12
467 5 0 388 156 99 -1 -1 -1 -1 label : spot-1 0.20
467 9 906 257 11 33 -1 -1 -1 -1 label : fireHydrant 0.11
468 5 0 388 158 99 -1 -1 -1 -1 label : spot-1 0.22
469 5 0 388 158 99 -1 -1 -1 -1 label : spot-1 0.22
470 5 0 388 157 100 -1 -1 -1 -1 label : spot-1 0.22
471 5 0 389 157 99 -1 -1 -1 -1 label : spot-1 0.22
472 5 0 389 158 98 -1 -1 -1 -1 label : spot-1 0.21
473 5 0 389 157 98 -1 -1 -1 -1 label : spot-1 0.21
474 5 0 389 157 98 -1 -1 -1 -1 label : spot-1 0.21
475 5 0 389 158 98 -1 -1 -1 -1 label : spot-1 0.22
476 5 0 389 159 98 -1 -1 -1 -1 label : spot-1 0.22
477 5 0 389 159 97 -1 -1 -1 -1 label : spot-1 0.22
478 5 0 389 157 98 -1 -1 -1 -1 label : spot-1 0.19
478 8 884 289 91 36 -1 -1 -1 -1 label : spot-1 0.11
479 5 0 389 157 98 -1 -1 -1 -1 label : spot-1 0.21
480 5 0 389 157 98 -1 -1 -1 -1 label : spot-1 0.21
481 5 0 389 156 98 -1 -1 -1 -1 label : spot-1 0.21
481 8 883 288 93 38 -1 -1 -1 -1 label : spot-1 0.10
482 5 0 389 155 98 -1 -1 -1 -1 label : spot-1 0.20
482 8 883 288 93 38 -1 -1 -1 -1 label : spot-1 0.11
483 5 0 389 155 99 -1 -1 -1 -1 label : spot-1 0.21
484 5 0 388 152 100 -1 -1 -1 -1 label : spot-1 0.19
485 5 0 388 152 101 -1 -1 -1 -1 label : spot-1 0.19
486 5 0 388 153 101 -1 -1 -1 -1 label : spot-1 0.19
486 8 883 288 94 38 -1 -1 -1 -1 label : spot-1 0.10
487 5 0 388 153 101 -1 -1 -1 -1 label : spot-1 0.19
488 5 0 388 154 103 -1 -1 -1 -1 label : spot-1 0.20
488 8 884 288 91 38 -1 -1 -1 -1 label : spot-1 0.11
489 5 0 388 154 103 -1 -1 -1 -1 label : spot-1 0.20
489 8 884 288 91 38 -1 -1 -1 -1 label : spot-1 0.11
490 5 0 389 159 102 -1 -1 -1 -1 label : spot-1 0.21
490 8 883 287 93 38 -1 -1 -1 -1 label : spot-1 0.11
491 5 0 389 160 102 -1 -1 -1 -1 label : spot-1 0.22
492 5 0 389 163 102 -1 -1 -1 -1 label : spot-1 0.21
492 8 882 287 94 38 -1 -1 -1 -1 label : spot-1 0.11
493 5 0 388 163 103 -1 -1 -1 -1 label : spot-1 0.21
493 8 882 288 94 36 -1 -1 -1 -1 label : spot-1 0.11
494 5 1 388 156 103 -1 -1 -1 -1 label : spot-1 0.17
494 8 883 288 93 36 -1 -1 -1 -1 label : spot-1 0.12
495 5 0 388 156 103 -1 -1 -1 -1 label : spot-1 0.18
495 8 883 288 92 37 -1 -1 -1 -1 label : spot-1 0.12
496 5 0 387 157 104 -1 -1 -1 -1 label : spot-1 0.18
497 5 0 387 158 105 -1 -1 -1 -1 label : spot-1 0.18
498 5 0 386 158 105 -1 -1 -1 -1 label : spot-1 0.18
499 5 0 386 156 104 -1 -1 -1 -1 label : spot-1 0.17
500 5 0 386 161 104 -1 -1 -1 -1 label : spot-1 0.19
501 5 0 386 169 104 -1 -1 -1 -1 label : spot-1 0.22
501 8 882 288 94 37 -1 -1 -1 -1 label : spot-1 0.13
502 5 0 386 171 103 -1 -1 -1 -1 label : spot-1 0.23
502 8 882 288 94 37 -1 -1 -1 -1 label : spot-1 0.14
503 5 0 386 171 103 -1 -1 -1 -1 label : spot-1 0.24
503 8 883 289 92 35 -1 -1 -1 -1 label : spot-1 0.13
504 5 0 387 173 101 -1 -1 -1 -1 label : spot-1 0.25
504 8 882 289 94 35 -1 -1 -1 -1 label : spot-1 0.13
505 5 0 387 172 101 -1 -1 -1 -1 label : spot-1 0.24
505 8 881 289 95 35 -1 -1 -1 -1 label : spot-1 0.14
506 5 0 387 174 102 -1 -1 -1 -1 label : spot-1 0.24
506 8 882 289 94 35 -1 -1 -1 -1 label : spot-1 0.15
506 10 906 257 11 31 -1 -1 -1 -1 label : fireHydrant 0.12
507 5 0 387 174 102 -1 -1 -1 -1 label : spot-1 0.24
507 8 882 289 93 35 -1 -1 -1 -1 label : spot-1 0.16
507 10 906 257 11 31 -1 -1 -1 -1 label : fireHydrant 0.11
508 5 0 388 174 101 -1 -1 -1 -1 label : spot-1 0.25
508 8 882 289 93 34 -1 -1 -1 -1 label : spot-1 0.21
509 5 0 388 175 101 -1 -1 -1 -1 label : spot-1 0.25
509 10 906 257 10 30 -1 -1 -1 -1 label : fireHydrant 0.22
510 5 1 387 171 103 -1 -1 -1 -1 label : spot-1 0.21
510 10 907 258 10 30 -1 -1 -1 -1 label : fireHydrant 0.19
511 5 0 387 172 103 -1 -1 -1 -1 label : spot-1 0.20
511 10 907 258 10 30 -1 -1 -1 -1 label : fireHydrant 0.19
512 5 0 387 173 104 -1 -1 -1 -1 label : spot-1 0.21
512 10 907 258 10 30 -1 -1 -1 -1 label : fireHydrant 0.19
513 5 0 386 176 104 -1 -1 -1 -1 label : spot-1 0.22
513 10 907 258 10 30 -1 -1 -1 -1 label : fireHydrant 0.20
514 5 0 386 180 104 -1 -1 -1 -1 label : spot-1 0.21
514 10 906 258 11 30 -1 -1 -1 -1 label : fireHydrant 0.20
515 5 0 386 180 104 -1 -1 -1 -1 label : spot-1 0.21
515 10 906 258 11 30 -1 -1 -1 -1 label : fireHydrant 0.20
516 5 0 386 181 104 -1 -1 -1 -1 label : spot-1 0.26
516 10 906 258 10 31 -1 -1 -1 -1 label : fireHydrant 0.21
517 5 0 386 179 104 -1 -1 -1 -1 label : spot-1 0.28
517 10 906 258 10 31 -1 -1 -1 -1 label : fireHydrant 0.20
518 5 0 386 182 104 -1 -1 -1 -1 label : spot-1 0.28
518 10 906 258 10 31 -1 -1 -1 -1 label : fireHydrant 0.22
519 5 0 386 182 103 -1 -1 -1 -1 label : spot-1 0.27
519 10 907 258 10 31 -1 -1 -1 -1 label : fireHydrant 0.21
520 5 0 386 188 102 -1 -1 -1 -1 label : spot-1 0.23
520 10 906 258 11 31 -1 -1 -1 -1 label : fireHydrant 0.21
521 5 0 386 187 102 -1 -1 -1 -1 label : spot-1 0.23
521 10 906 258 11 31 -1 -1 -1 -1 label : fireHydrant 0.20
522 5 0 386 192 101 -1 -1 -1 -1 label : spot-1 0.24
522 10 907 258 9 31 -1 -1 -1 -1 label : fireHydrant 0.20
523 5 0 386 193 101 -1 -1 -1 -1 label : spot-1 0.23
523 10 907 258 9 31 -1 -1 -1 -1 label : fireHydrant 0.20
524 5 2 386 181 101 -1 -1 -1 -1 label : spot-1 0.20
524 10 907 258 10 31 -1 -1 -1 -1 label : fireHydrant 0.18
525 5 1 386 179 101 -1 -1 -1 -1 label : spot-1 0.20
525 10 907 258 10 31 -1 -1 -1 -1 label : fireHydrant 0.19
526 5 0 386 181 101 -1 -1 -1 -1 label : spot-1 0.18
526 10 906 258 11 31 -1 -1 -1 -1 label : fireHydrant 0.13
527 5 0 386 182 101 -1 -1 -1 -1 label : spot-1 0.18
527 10 906 258 11 31 -1 -1 -1 -1 label : fireHydrant 0.13
528 5 0 386 182 101 -1 -1 -1 -1 label : spot-1 0.17
528 10 906 258 11 31 -1 -1 -1 -1 label : fireHydrant 0.15
529 5 0 386 180 101 -1 -1 -1 -1 label : spot-1 0.17
529 10 905 258 11 31 -1 -1 -1 -1 label : fireHydrant 0.16
530 5 0 387 180 100 -1 -1 -1 -1 label : spot-1 0.19
530 10 906 258 11 31 -1 -1 -1 -1 label : fireHydrant 0.17
531 5 0 387 180 100 -1 -1 -1 -1 label : spot-1 0.20
531 10 906 258 11 31 -1 -1 -1 -1 label : fireHydrant 0.17
532 5 1 386 176 102 -1 -1 -1 -1 label : spot-1 0.26
532 10 907 257 10 32 -1 -1 -1 -1 label : fireHydrant 0.16
533 5 0 386 178 102 -1 -1 -1 -1 label : spot-1 0.27
533 10 906 257 12 33 -1 -1 -1 -1 label : fireHydrant 0.16
534 5 0 386 176 102 -1 -1 -1 -1 label : spot-1 0.31
534 8 872 287 90 32 -1 -1 -1 -1 label : invalidSpot-fireHydrant 0.16
534 10 907 257 10 33 -1 -1 -1 -1 label : fireHydrant 0.11
535 5 0 385 178 103 -1 -1 -1 -1 label : spot-1 0.29
535 8 871 286 90 32 -1 -1 -1 -1 label : invalidSpot-fireHydrant 0.16
536 5 3 386 155 101 -1 -1 -1 -1 label : spot-1 0.28
536 10 906 258 12 32 -1 -1 -1 -1 label : fireHydrant 0.13
537 5 0 386 157 101 -1 -1 -1 -1 label : spot-1 0.28
537 10 906 258 12 32 -1 -1 -1 -1 label : fireHydrant 0.13
538 5 1 386 144 100 -1 -1 -1 -1 label : spot-1 0.25
538 10 907 259 10 31 -1 -1 -1 -1 label : fireHydrant 0.12
539 5 0 386 145 100 -1 -1 -1 -1 label : spot-1 0.26
539 10 907 259 10 31 -1 -1 -1 -1 label : fireHydrant 0.13
540 5 0 387 141 98 -1 -1 -1 -1 label : spot-1 0.30
540 8 868 286 93 32 -1 -1 -1 -1 label : invalidSpot-fireHydrant 0.12
540 10 907 259 9 31 -1 -1 -1 -1 label : fireHydrant 0.10
541 5 0 387 140 98 -1 -1 -1 -1 label : spot-1 0.30
541 8 868 286 94 32 -1 -1 -1 -1 label : invalidSpot-fireHydrant 0.12
541 10 907 259 9 31 -1 -1 -1 -1 label : fireHydrant 0.10
542 5 1 385 128 96 -1 -1 -1 -1 label : spot-1 0.31
542 8 869 286 92 32 -1 -1 -1 -1 label : invalidSpot-fireHydrant 0.11
542 10 906 259 11 31 -1 -1 -1 -1 label : fireHydrant 0.10
543 5 2 383 110 94 -1 -1 -1 -1 label : spot-1 0.25
543 8 869 286 92 32 -1 -1 -1 -1 label : invalidSpot-fireHydrant 0.11
544 5 1 383 105 93 -1 -1 -1 -1 label : spot-1 0.18
545 10 907 258 11 32 -1 -1 -1 -1 label : fireHydrant 0.18
546 10 908 258 10 32 -1 -1 -1 -1 label : fireHydrant 0.20
547 10 907 258 11 32 -1 -1 -1 -1 label : fireHydrant 0.19
548 8 864 285 104 35 -1 -1 -1 -1 label : spot-1 0.11
548 10 907 258 12 32 -1 -1 -1 -1 label : fireHydrant 0.11
549 8 863 285 105 35 -1 -1 -1 -1 label : spot-1 0.11
549 10 907 258 12 32 -1 -1 -1 -1 label : fireHydrant 0.10
550 8 863 285 106 36 -1 -1 -1 -1 label : spot-1 0.14
550 10 907 258 13 33 -1 -1 -1 -1 label : fireHydrant 0.11
551 8 862 285 107 36 -1 -1 -1 -1 label : spot-1 0.14
552 8 860 284 111 37 -1 -1 -1 -1 label : spot-1 0.15
552 11 860 285 114 37 -1 -1 -1 -1 label : spot-2 0.12
553 8 859 284 112 37 -1 -1 -1 -1 label : spot-1 0.14
553 11 859 284 116 38 -1 -1 -1 -1 label : spot-2 0.12
554 8 858 284 114 37 -1 -1 -1 -1 label : spot-1 0.16
554 11 858 284 117 38 -1 -1 -1 -1 label : spot-2 0.12
555 8 858 284 114 37 -1 -1 -1 -1 label : spot-1 0.16
555 11 858 284 117 38 -1 -1 -1 -1 label : spot-2 0.12
556 8 856 284 113 37 -1 -1 -1 -1 label : spot-1 0.14
556 11 856 284 117 37 -1 -1 -1 -1 label : spot-2 0.13
557 8 856 284 112 37 -1 -1 -1 -1 label : spot-1 0.14
557 11 855 284 116 37 -1 -1 -1 -1 label : spot-2 0.13
558 8 854 284 115 37 -1 -1 -1 -1 label : spot-1 0.16
558 11 855 284 116 37 -1 -1 -1 -1 label : spot-2 0.13
559 8 854 284 115 37 -1 -1 -1 -1 label : spot-1 0.16
559 11 854 284 117 37 -1 -1 -1 -1 label : spot-2 0.13
560 8 853 284 116 37 -1 -1 -1 -1 label : spot-1 0.17
561 11 854 284 118 38 -1 -1 -1 -1 label : spot-2 0.17
562 11 856 284 114 38 -1 -1 -1 -1 label : spot-2 0.18
563 8 856 284 111 37 -1 -1 -1 -1 label : spot-1 0.18
563 11 855 284 115 38 -1 -1 -1 -1 label : spot-2 0.14
564 8 857 284 105 38 -1 -1 -1 -1 label : spot-2 0.17
565 8 857 284 105 38 -1 -1 -1 -1 label : spot-2 0.16
566 8 855 285 107 37 -1 -1 -1 -1 label : spot-2 0.16
566 11 855 285 109 37 -1 -1 -1 -1 label : spot-1 0.13
567 8 855 285 107 37 -1 -1 -1 -1 label : spot-2 0.17
567 11 855 285 108 37 -1 -1 -1 -1 label : spot-1 0.13
568 8 854 285 110 38 -1 -1 -1 -1 label : spot-2 0.21
569 8 853 286 111 37 -1 -1 -1 -1 label : spot-2 0.21
570 8 851 286 107 36 -1 -1 -1 -1 label : spot-2 0.19
571 8 851 286 104 35 -1 -1 -1 -1 label : spot-2 0.19
572 8 852 287 109 37 -1 -1 -1 -1 label : spot-2 0.16
573 8 851 287 112 38 -1 -1 -1 -1 label : spot-2 0.17
578 8 850 290 115 37 -1 -1 -1 -1 label : spot-2 0.16
579 8 850 290 114 38 -1 -1 -1 -1 label : spot-2 0.14
580 8 850 293 119 36 -1 -1 -1 -1 label : spot-2 0.14
581 8 853 294 114 35 -1 -1 -1 -1 label : spot-2 0.15
582 8 854 294 114 35 -1 -1 -1 -1 label : spot-2 0.19
582 12 908 270 12 31 -1 -1 -1 -1 label : fireHydrant 0.10
583 8 855 295 113 35 -1 -1 -1 -1 label : spot-2 0.18
583 12 908 271 11 30 -1 -1 -1 -1 label : fireHydrant 0.10
584 8 856 295 113 36 -1 -1 -1 -1 label : spot-2 0.19
585 8 856 295 114 37 -1 -1 -1 -1 label : spot-2 0.19
586 8 855 295 118 37 -1 -1 -1 -1 label : spot-2 0.21
586 11 857 294 121 41 -1 -1 -1 -1 label : spot-1 0.11
587 8 855 295 118 38 -1 -1 -1 -1 label : spot-2 0.20
587 11 857 295 122 41 -1 -1 -1 -1 label : spot-1 0.11
588 8 854 295 121 38 -1 -1 -1 -1 label : spot-2 0.26
589 8 854 296 121 38 -1 -1 -1 -1 label : spot-2 0.25
590 8 852 296 127 38 -1 -1 -1 -1 label : spot-2 0.30
591 8 852 296 127 39 -1 -1 -1 -1 label : spot-2 0.29
592 8 852 296 128 39 -1 -1 -1 -1 label : spot-2 0.31
593 8 852 296 128 39 -1 -1 -1 -1 label : spot-2 0.31
594 8 851 296 129 40 -1 -1 -1 -1 label : spot-2 0.28
595 8 851 296 130 40 -1 -1 -1 -1 label : spot-2 0.27
596 8 851 296 131 40 -1 -1 -1 -1 label : spot-2 0.21
597 8 851 297 131 39 -1 -1 -1 -1 label : spot-2 0.21
598 8 854 296 126 39 -1 -1 -1 -1 label : spot-2 0.18
598 11 857 297 127 41 -1 -1 -1 -1 label : spot-1 0.11
599 8 854 296 127 39 -1 -1 -1 -1 label : spot-2 0.18
599 11 858 297 126 41 -1 -1 -1 -1 label : spot-1 0.11
600 8 854 296 127 39 -1 -1 -1 -1 label : spot-2 0.18
600 11 857 297 128 41 -1 -1 -1 -1 label : spot-1 0.10
601 8 853 296 128 39 -1 -1 -1 -1 label : spot-2 0.17
601 11 858 297 127 41 -1 -1 -1 -1 label : spot-1 0.10
602 8 854 296 128 39 -1 -1 -1 -1 label : spot-2 0.12
602 11 860 297 125 41 -1 -1 -1 -1 label : spot-1 0.11
603 8 855 296 127 39 -1 -1 -1 -1 label : spot-2 0.12
603 11 860 297 125 41 -1 -1 -1 -1 label : spot-1 0.11
648 13 870 294 162 47 -1 -1 -1 -1 label : invalidspot-coloredCurb 0.11
649 13 869 293 164 49 -1 -1 -1 -1 label : invalidspot-coloredCurb 0.11
661 14 973 314 93 46 -1 -1 -1 -1 label : invalidspot-coloredCurb 0.14
662 14 974 313 93 47 -1 -1 -1 -1 label : invalidspot-coloredCurb 0.16
663 14 976 314 92 47 -1 -1 -1 -1 label : invalidspot-coloredCurb 0.16
664 14 972 313 98 48 -1 -1 -1 -1 label : invalidspot-coloredCurb 0.16
665 14 972 313 99 48 -1 -1 -1 -1 label : invalidspot-coloredCurb 0.16
666 14 976 312 96 49 -1 -1 -1 -1 label : invalidspot-coloredCurb 0.11
667 14 977 312 97 50 -1 -1 -1 -1 label : invalidspot-coloredCurb 0.11
668 13 864 293 156 47 -1 -1 -1 -1 label : spot-2 0.12
669 13 864 293 154 46 -1 -1 -1 -1 label : spot-2 0.11
670 13 864 293 150 46 -1 -1 -1 -1 label : spot-2 0.10
671 13 863 293 150 45 -1 -1 -1 -1 label : spot-2 0.10
672 13 863 294 148 44 -1 -1 -1 -1 label : spot-2 0.12
672 14 985 313 100 52 -1 -1 -1 -1 label : invalidspot-coloredCurb 0.11
673 13 864 294 144 44 -1 -1 -1 -1 label : spot-2 0.13
673 14 986 313 100 53 -1 -1 -1 -1 label : invalidspot-coloredCurb 0.12
674 13 864 294 143 44 -1 -1 -1 -1 label : spot-2 0.16
674 14 985 314 103 54 -1 -1 -1 -1 label : invalidspot-coloredCurb 0.10
675 13 864 295 143 43 -1 -1 -1 -1 label : spot-2 0.16
675 14 986 314 102 55 -1 -1 -1 -1 label : invalidspot-coloredCurb 0.10
676 13 864 295 142 43 -1 -1 -1 -1 label : spot-2 0.17
677 14 984 315 113 56 -1 -1 -1 -1 label : invalidspot-coloredCurb 0.17
678 13 863 297 196 52 -1 -1 -1 -1 label : invalidspot-coloredCurb 0.16
678 14 997 315 101 58 -1 -1 -1 -1 label : invalidspot-coloredCurb 0.10
679 13 863 297 200 53 -1 -1 -1 -1 label : invalidspot-coloredCurb 0.16
680 13 867 297 177 50 -1 -1 -1 -1 label : invalidspot-coloredCurb 0.16
680 14 1007 316 95 59 -1 -1 -1 -1 label : invalidspot-coloredCurb 0.11
681 13 865 297 179 50 -1 -1 -1 -1 label : invalidspot-coloredCurb 0.17
681 14 1009 316 94 60 -1 -1 -1 -1 label : invalidspot-coloredCurb 0.12
682 13 868 296 170 50 -1 -1 -1 -1 label : invalidspot-coloredCurb 0.16
682 14 1010 317 96 58 -1 -1 -1 -1 label : invalidspot-coloredCurb 0.12
683 13 868 296 166 49 -1 -1 -1 -1 label : invalidspot-coloredCurb 0.16
683 14 1012 317 94 59 -1 -1 -1 -1 label : invalidspot-coloredCurb 0.12
684 13 868 296 175 51 -1 -1 -1 -1 label : invalidspot-coloredCurb 0.14
684 14 1013 317 101 61 -1 -1 -1 -1 label : invalidspot-coloredCurb 0.13
685 13 869 296 175 51 -1 -1 -1 -1 label : invalidspot-coloredCurb 0.14
685 14 1014 317 104 62 -1 -1 -1 -1 label : invalidspot-coloredCurb 0.13
686 13 867 296 186 54 -1 -1 -1 -1 label : invalidspot-coloredCurb 0.16
686 14 1012 317 111 63 -1 -1 -1 -1 label : invalidspot-coloredCurb 0.16
687 13 868 296 182 54 -1 -1 -1 -1 label : invalidspot-coloredCurb 0.18
687 14 1014 317 110 64 -1 -1 -1 -1 label : invalidspot-coloredCurb 0.14
688 13 866 297 208 59 -1 -1 -1 -1 label : invalidspot-coloredCurb 0.23
688 14 1002 316 130 66 -1 -1 -1 -1 label : invalidspot-coloredCurb 0.19
689 13 866 297 213 60 -1 -1 -1 -1 label : invalidspot-coloredCurb 0.22
689 14 1001 316 132 66 -1 -1 -1 -1 label : invalidspot-coloredCurb 0.18
690 13 865 294 181 53 -1 -1 -1 -1 label : spot-2 0.18
690 14 1009 317 129 68 -1 -1 -1 -1 label : invalidspot-coloredCurb 0.13
691 13 865 294 167 49 -1 -1 -1 -1 label : spot-2 0.18
691 14 1012 318 128 68 -1 -1 -1 -1 label : invalidspot-coloredCurb 0.13
692 13 864 294 167 48 -1 -1 -1 -1 label : spot-2 0.27
692 14 1003 315 146 72 -1 -1 -1 -1 label : invalidspot-coloredCurb 0.20
693 14 1001 314 149 74 -1 -1 -1 -1 label : invalidspot-coloredCurb 0.28
693 17 864 296 217 64 -1 -1 -1 -1 label : invalidspot-coloredCurb 0.21
694 14 992 313 163 76 -1 -1 -1 -1 label : invalidspot-coloredCurb 0.30
694 17 868 298 268 79 -1 -1 -1 -1 label : invalidspot-coloredCurb 0.19
695 14 989 312 167 78 -1 -1 -1 -1 label : invalidspot-coloredCurb 0.30
695 17 868 298 287 85 -1 -1 -1 -1 label : invalidspot-coloredCurb 0.20
696 13 867 296 180 55 -1 -1 -1 -1 label : invalidspot-coloredCurb 0.24
696 14 1028 320 128 77 -1 -1 -1 -1 label : invalidspot-coloredCurb 0.14
697 13 868 296 183 57 -1 -1 -1 -1 label : invalidspot-coloredCurb 0.22
697 14 1035 323 128 76 -1 -1 -1 -1 label : invalidspot-coloredCurb 0.14
698 13 870 297 192 59 -1 -1 -1 -1 label : invalidspot-coloredCurb 0.22
698 14 998 315 176 81 -1 -1 -1 -1 label : invalidspot-coloredCurb 0.11
699 13 871 297 195 60 -1 -1 -1 -1 label : invalidspot-coloredCurb 0.21
699 14 991 312 180 83 -1 -1 -1 -1 label : invalidspot-coloredCurb 0.11
700 13 871 298 197 60 -1 -1 -1 -1 label : invalidspot-coloredCurb 0.19
700 14 1013 319 163 81 -1 -1 -1 -1 label : invalidspot-coloredCurb 0.17
701 14 1020 322 160 80 -1 -1 -1 -1 label : invalidspot-coloredCurb 0.19
702 13 871 297 190 56 -1 -1 -1 -1 label : invalidspot-coloredCurb 0.18
702 14 1024 324 165 81 -1 -1 -1 -1 label : invalidspot-coloredCurb 0.11
702 18 1004 314 133 76 -1 -1 -1 -1 label : invalidspot-coloredCurb 0.10
703 13 871 297 187 55 -1 -1 -1 -1 label : invalidspot-coloredCurb 0.19
703 14 1026 325 165 81 -1 -1 -1 -1 label : invalidspot-coloredCurb 0.11
703 18 1003 315 136 75 -1 -1 -1 -1 label : invalidspot-coloredCurb 0.10
704 13 872 297 187 55 -1 -1 -1 -1 label : invalidspot-coloredCurb 0.24
704 14 1025 327 175 81 -1 -1 -1 -1 label : invalidspot-coloredCurb 0.13
705 14 1027 328 174 81 -1 -1 -1 -1 label : invalidspot-coloredCurb 0.22
705 17 928 311 272 89 -1 -1 -1 -1 label : invalidspot-coloredCurb 0.13
706 14 1033 329 175 82 -1 -1 -1 -1 label : invalidspot-coloredCurb 0.26
706 17 920 312 290 91 -1 -1 -1 -1 label : invalidspot-coloredCurb 0.12
707 14 1036 330 175 82 -1 -1 -1 -1 label : invalidspot-coloredCurb 0.26
707 17 919 312 292 92 -1 -1 -1 -1 label : invalidspot-coloredCurb 0.12
708 14 1029 329 191 86 -1 -1 -1 -1 label : invalidspot-coloredCurb 0.18
708 17 908 311 311 96 -1 -1 -1 -1 label : invalidspot-coloredCurb 0.10
709 14 1028 329 194 87 -1 -1 -1 -1 label : invalidspot-coloredCurb 0.18
709 17 902 309 318 98 -1 -1 -1 -1 label : invalidspot-coloredCurb 0.11
710 14 1028 330 203 86 -1 -1 -1 -1 label : invalidspot-coloredCurb 0.21
710 17 902 310 326 100 -1 -1 -1 -1 label : invalidspot-coloredCurb 0.16
711 14 1030 331 202 85 -1 -1 -1 -1 label : invalidspot-coloredCurb 0.23
711 19 387 283 19 40 -1 -1 -1 -1 label : fireHydrant 0.16
712 14 1030 329 211 92 -1 -1 -1 -1 label : invalidspot-coloredCurb 0.20
712 17 907 310 331 107 -1 -1 -1 -1 label : invalidspot-coloredCurb 0.11
713 14 1029 329 217 94 -1 -1 -1 -1 label : invalidspot-coloredCurb 0.20
713 17 907 310 334 108 -1 -1 -1 -1 label : invalidspot-coloredCurb 0.11
714 14 1035 329 225 97 -1 -1 -1 -1 label : invalidspot-coloredCurb 0.34
715 14 1036 330 228 97 -1 -1 -1 -1 label : invalidspot-coloredCurb 0.36
716 14 1029 330 246 105 -1 -1 -1 -1 label : invalidspot-coloredCurb 0.40
717 14 1027 330 252 108 -1 -1 -1 -1 label : invalidspot-coloredCurb 0.40
718 14 1032 328 245 116 -1 -1 -1 -1 label : invalidspot-coloredCurb 0.43
719 14 1030 329 249 117 -1 -1 -1 -1 label : invalidspot-coloredCurb 0.43
720 14 1071 333 198 126 -1 -1 -1 -1 label : invalidspot-coloredCurb 0.38
720 17 940 324 339 115 -1 -1 -1 -1 label : invalidspot-coloredCurb 0.17
720 20 364 319 59 33 -1 -1 -1 -1 label : invalidspot-coloredCurb 0.11
721 14 1073 334 204 130 -1 -1 -1 -1 label : invalidspot-coloredCurb 0.38
721 17 942 325 337 115 -1 -1 -1 -1 label : invalidspot-coloredCurb 0.18
721 20 363 319 61 34 -1 -1 -1 -1 label : invalidspot-coloredCurb 0.10
722 14 1035 331 244 127 -1 -1 -1 -1 label : invalidspot-coloredCurb 0.40
722 17 944 326 335 117 -1 -1 -1 -1 label : invalidspot-coloredCurb 0.33
723 14 1031 330 248 125 -1 -1 -1 -1 label : invalidspot-coloredCurb 0.40
723 20 361 319 62 36 -1 -1 -1 -1 label : invalidspot-coloredCurb 0.33
724 14 1037 329 242 129 -1 -1 -1 -1 label : invalidspot-coloredCurb 0.39
724 19 373 281 18 42 -1 -1 -1 -1 label : fireHydrant 0.27
724 20 359 319 65 34 -1 -1 -1 -1 label : invalidspot-coloredCurb 0.15
725 14 1037 329 242 130 -1 -1 -1 -1 label : invalidspot-coloredCurb 0.39
725 19 372 280 18 44 -1 -1 -1 -1 label : fireHydrant 0.28
725 20 360 319 63 34 -1 -1 -1 -1 label : invalidspot-coloredCurb 0.14
726 14 1063 330 207 140 -1 -1 -1 -1 label : invalidspot-coloredCurb 0.39
726 17 941 320 338 124 -1 -1 -1 -1 label : invalidspot-coloredCurb 0.19
726 19 371 280 18 44 -1 -1 -1 -1 label : fireHydrant 0.11
727 14 1063 330 213 144 -1 -1 -1 -1 label : invalidspot-coloredCurb 0.39
727 17 939 319 340 124 -1 -1 -1 -1 label : invalidspot-coloredCurb 0.19
727 20 357 318 66 36 -1 -1 -1 -1 label : invalidspot-coloredCurb 0.11
728 13 871 297 154 51 -1 -1 -1 -1 label : spot-2 0.39
728 14 1053 333 226 138 -1 -1 -1 -1 label : invalidspot-coloredCurb 0.14
728 17 940 319 339 126 -1 -1 -1 -1 label : invalidspot-coloredCurb 0.11
729 13 870 298 154 49 -1 -1 -1 -1 label : spot-2 0.39
729 14 1054 334 225 136 -1 -1 -1 -1 label : invalidspot-coloredCurb 0.24
729 20 351 317 73 38 -1 -1 -1 -1 label : invalidspot-coloredCurb 0.11
730 13 870 298 153 49 -1 -1 -1 -1 label : spot-2 0.40
730 14 1056 336 223 132 -1 -1 -1 -1 label : invalidspot-coloredCurb 0.20
731 14 1057 336 222 132 -1 -1 -1 -1 label : invalidspot-coloredCurb 0.40
731 20 346 318 76 38 -1 -1 -1 -1 label : invalidspot-coloredCurb 0.20
732 13 869 299 209 61 -1 -1 -1 -1 label : spot-2 0.35
732 14 1067 339 211 132 -1 -1 -1 -1 label : invalidspot-coloredCurb 0.17
732 20 344 319 78 38 -1 -1 -1 -1 label : invalidspot-coloredCurb 0.10
733 13 870 299 215 63 -1 -1 -1 -1 label : spot-2 0.35
733 14 1069 339 210 134 -1 -1 -1 -1 label : invalidspot-coloredCurb 0.16
733 20 344 319 78 39 -1 -1 -1 -1 label : invalidspot-coloredCurb 0.10
734 13 862 300 235 65 -1 -1 -1 -1 label : spot-2 0.32
734 14 1065 340 214 135 -1 -1 -1 -1 label : invalidspot-coloredCurb 0.14
734 20 343 320 77 39 -1 -1 -1 -1 label : invalidspot-coloredCurb 0.12
735 13 861 300 238 66 -1 -1 -1 -1 label : spot-2 0.32
735 14 1065 340 214 137 -1 -1 -1 -1 label : invalidspot-coloredCurb 0.14
735 17 896 313 380 141 -1 -1 -1 -1 label : invalidspot-coloredCurb 0.12
735 20 342 320 77 40 -1 -1 -1 -1 label : invalidspot-coloredCurb 0.10
736 13 857 300 251 66 -1 -1 -1 -1 label : spot-2 0.28
736 14 1074 341 204 137 -1 -1 -1 -1 label : invalidspot-coloredCurb 0.13
736 17 893 312 384 143 -1 -1 -1 -1 label : invalidspot-coloredCurb 0.11
737 13 857 300 252 66 -1 -1 -1 -1 label : spot-2 0.28
737 14 1078 341 201 138 -1 -1 -1 -1 label : invalidspot-coloredCurb 0.13
737 20 340 321 79 39 -1 -1 -1 -1 label : invalidspot-coloredCurb 0.11
738 13 860 300 243 67 -1 -1 -1 -1 label : spot-2 0.29
738 14 1063 338 216 137 -1 -1 -1 -1 label : invalidspot-coloredCurb 0.12
738 20 335 321 86 38 -1 -1 -1 -1 label : invalidspot-coloredCurb 0.11
739 13 860 300 243 67 -1 -1 -1 -1 label : spot-2 0.29
739 14 1061 337 218 136 -1 -1 -1 -1 label : invalidspot-coloredCurb 0.12
739 20 335 321 86 38 -1 -1 -1 -1 label : invalidspot-coloredCurb 0.11
740 13 862 300 235 67 -1 -1 -1 -1 label : spot-2 0.34
740 14 1065 337 213 140 -1 -1 -1 -1 label : invalidspot-coloredCurb 0.12
741 13 862 300 233 67 -1 -1 -1 -1 label : spot-2 0.34
741 14 1064 338 215 140 -1 -1 -1 -1 label : invalidspot-coloredCurb 0.12
742 13 862 301 235 67 -1 -1 -1 -1 label : spot-2 0.30
743 14 1060 339 219 139 -1 -1 -1 -1 label : invalidspot-coloredCurb 0.30
744 14 1059 338 220 141 -1 -1 -1 -1 label : invalidspot-coloredCurb 0.35
745 14 1058 338 221 142 -1 -1 -1 -1 label : invalidspot-coloredCurb 0.35
746 13 856 301 258 70 -1 -1 -1 -1 label : spot-2 0.30
746 14 1073 341 205 138 -1 -1 -1 -1 label : invalidspot-coloredCurb 0.10
747 13 855 301 262 71 -1 -1 -1 -1 label : spot-2 0.31
748 14 1085 341 192 139 -1 -1 -1 -1 label : invalidspot-coloredCurb 0.26
748 17 886 314 391 143 -1 -1 -1 -1 label : invalidspot-coloredCurb 0.12
749 14 1086 341 193 139 -1 -1 -1 -1 label : invalidspot-coloredCurb 0.26
749 17 887 314 390 143 -1 -1 -1 -1 label : invalidspot-coloredCurb 0.12
750 13 858 301 261 74 -1 -1 -1 -1 label : spot-2 0.37
750 14 1114 344 161 137 -1 -1 -1 -1 label : invalidspot-coloredCurb 0.12
750 17 886 314 391 143 -1 -1 -1 -1 label : invalidspot-coloredCurb 0.12
751 13 857 301 265 75 -1 -1 -1 -1 label : spot-2 0.31
752 14 1098 344 181 133 -1 -1 -1 -1 label : invalidspot-coloredCurb 0.32
753 14 1099 345 180 131 -1 -1 -1 -1 label : invalidspot-coloredCurb 0.32
754 14 1100 345 179 131 -1 -1 -1 -1 label : invalidspot-coloredCurb 0.33
754 20 291 325 129 49 -1 -1 -1 -1 label : spot-1 0.32
755 14 1101 345 178 131 -1 -1 -1 -1 label : invalidspot-coloredCurb 0.33
755 20 290 326 130 49 -1 -1 -1 -1 label : spot-1 0.32
756 14 1099 345 180 133 -1 -1 -1 -1 label : invalidspot-coloredCurb 0.36
756 20 280 328 152 44 -1 -1 -1 -1 label : spot-1 0.34
757 14 1099 345 180 133 -1 -1 -1 -1 label : invalidspot-coloredCurb 0.36
757 20 283 328 147 43 -1 -1 -1 -1 label : spot-1 0.33
758 13 872 304 242 74 -1 -1 -1 -1 label : invalidspot-coloredCurb 0.35
758 14 1112 344 164 138 -1 -1 -1 -1 label : invalidspot-coloredCurb 0.31
758 17 952 331 323 136 -1 -1 -1 -1 label : invalidspot-coloredCurb 0.14
758 20 278 330 149 39 -1 -1 -1 -1 label : spot-1 0.12
758 23 880 303 100 38 -1 -1 -1 -1 label : invalidspot-coloredCurb 0.12
759 13 872 305 242 73 -1 -1 -1 -1 label : invalidspot-coloredCurb 0.34
759 14 1113 344 166 139 -1 -1 -1 -1 label : invalidspot-coloredCurb 0.32
759 17 952 331 324 137 -1 -1 -1 -1 label : invalidspot-coloredCurb 0.14
759 20 279 331 145 38 -1 -1 -1 -1 label : spot-1 0.12
759 23 881 303 100 38 -1 -1 -1 -1 label : invalidspot-coloredCurb 0.11
760 13 872 305 243 73 -1 -1 -1 -1 label : invalidspot-coloredCurb 0.45
760 14 1118 345 161 139 -1 -1 -1 -1 label : invalidspot-coloredCurb 0.30
761 14 1119 345 160 140 -1 -1 -1 -1 label : invalidspot-coloredCurb 0.45
761 20 272 330 145 43 -1 -1 -1 -1 label : spot-1 0.30
762 14 1100 346 179 136 -1 -1 -1 -1 label : invalidspot-coloredCurb 0.45
762 20 268 330 148 44 -1 -1 -1 -1 label : spot-1 0.24
763 14 1096 346 183 136 -1 -1 -1 -1 label : invalidspot-coloredCurb 0.45
763 20 267 330 149 44 -1 -1 -1 -1 label : spot-1 0.24
763 23 881 303 102 38 -1 -1 -1 -1 label : invalidspot-coloredCurb 0.10
764 14 1073 342 206 144 -1 -1 -1 -1 label : invalidspot-coloredCurb 0.41
764 17 900 319 379 143 -1 -1 -1 -1 label : invalidspot-coloredCurb 0.25
764 20 264 331 150 45 -1 -1 -1 -1 label : spot-1 0.18
764 23 885 304 103 38 -1 -1 -1 -1 label : invalidspot-coloredCurb 0.13
765 14 1066 342 213 144 -1 -1 -1 -1 label : invalidspot-coloredCurb 0.41
765 17 897 318 382 143 -1 -1 -1 -1 label : invalidspot-coloredCurb 0.24
765 20 262 331 152 46 -1 -1 -1 -1 label : spot-1 0.18
765 23 885 304 104 38 -1 -1 -1 -1 label : invalidspot-coloredCurb 0.12
766 13 882 308 303 98 -1 -1 -1 -1 label : invalidspot-coloredCurb 0.48
766 14 1089 343 188 138 -1 -1 -1 -1 label : invalidspot-coloredCurb 0.26
766 17 951 328 320 132 -1 -1 -1 -1 label : invalidspot-coloredCurb 0.19
766 20 255 332 158 47 -1 -1 -1 -1 label : spot-1 0.18
766 23 886 304 107 40 -1 -1 -1 -1 label : invalidspot-coloredCurb 0.10
767 13 883 309 308 100 -1 -1 -1 -1 label : invalidspot-coloredCurb 0.48
767 14 1093 343 186 137 -1 -1 -1 -1 label : invalidspot-coloredCurb 0.26
767 17 965 332 309 128 -1 -1 -1 -1 label : invalidspot-coloredCurb 0.20
767 20 253 332 160 48 -1 -1 -1 -1 label : spot-1 0.18
767 23 887 304 107 40 -1 -1 -1 -1 label : invalidspot-coloredCurb 0.10
768 13 884 309 313 102 -1 -1 -1 -1 label : invalidspot-coloredCurb 0.49
768 14 1126 347 148 132 -1 -1 -1 -1 label : invalidspot-coloredCurb 0.23
768 17 942 331 337 125 -1 -1 -1 -1 label : invalidspot-coloredCurb 0.20
768 20 244 332 173 48 -1 -1 -1 -1 label : spot-1 0.14
769 14 1133 350 145 129 -1 -1 -1 -1 label : invalidspot-coloredCurb 0.50
769 17 937 331 341 124 -1 -1 -1 -1 label : invalidspot-coloredCurb 0.22
769 20 243 333 173 47 -1 -1 -1 -1 label : spot-1 0.19
769 23 887 305 103 40 -1 -1 -1 -1 label : invalidspot-coloredCurb 0.14
770 13 876 312 341 104 -1 -1 -1 -1 label : invalidspot-coloredCurb 0.39
770 14 1139 351 140 125 -1 -1 -1 -1 label : invalidspot-coloredCurb 0.22
770 17 948 332 328 118 -1 -1 -1 -1 label : invalidspot-coloredCurb 0.19
770 20 238 333 177 49 -1 -1 -1 -1 label : spot-1 0.15
770 23 886 306 101 38 -1 -1 -1 -1 label : invalidspot-coloredCurb 0.15
771 13 877 313 339 103 -1 -1 -1 -1 label : invalidspot-coloredCurb 0.39
771 14 1140 352 139 123 -1 -1 -1 -1 label : invalidspot-coloredCurb 0.22
771 17 953 332 322 116 -1 -1 -1 -1 label : invalidspot-coloredCurb 0.19
771 20 235 333 181 50 -1 -1 -1 -1 label : spot-1 0.15
771 23 886 306 99 38 -1 -1 -1 -1 label : invalidspot-coloredCurb 0.15
772 13 872 316 349 95 -1 -1 -1 -1 label : invalidspot-coloredCurb 0.28
772 14 1126 351 153 125 -1 -1 -1 -1 label : invalidspot-coloredCurb 0.26
772 17 945 331 330 117 -1 -1 -1 -1 label : invalidspot-coloredCurb 0.16
772 20 231 333 182 53 -1 -1 -1 -1 label : spot-1 0.11
772 23 883 306 105 38 -1 -1 -1 -1 label : invalidspot-coloredCurb 0.10
773 13 879 317 336 92 -1 -1 -1 -1 label : invalidspot-coloredCurb 0.28
773 14 1127 352 152 123 -1 -1 -1 -1 label : invalidspot-coloredCurb 0.27
773 17 938 331 337 117 -1 -1 -1 -1 label : invalidspot-coloredCurb 0.16
773 20 228 333 185 54 -1 -1 -1 -1 label : spot-1 0.11
774 13 879 317 341 94 -1 -1 -1 -1 label : invalidspot-coloredCurb 0.32
774 14 1083 349 196 140 -1 -1 -1 -1 label : invalidspot-coloredCurb 0.28
774 17 944 331 330 118 -1 -1 -1 -1 label : invalidspot-coloredCurb 0.18
774 20 224 333 184 57 -1 -1 -1 -1 label : spot-1 0.13
775 14 1074 349 205 143 -1 -1 -1 -1 label : invalidspot-coloredCurb 0.34
775 17 944 332 330 117 -1 -1 -1 -1 label : invalidspot-coloredCurb 0.28
775 20 220 334 188 57 -1 -1 -1 -1 label : spot-1 0.18
775 23 891 306 96 40 -1 -1 -1 -1 label : invalidspot-coloredCurb 0.13
776 14 1065 348 214 147 -1 -1 -1 -1 label : invalidspot-coloredCurb 0.27
776 17 950 333 323 119 -1 -1 -1 -1 label : invalidspot-coloredCurb 0.20
776 20 213 334 197 57 -1 -1 -1 -1 label : spot-1 0.17
776 23 892 306 96 41 -1 -1 -1 -1 label : invalidspot-coloredCurb 0.16
777 14 1062 348 217 148 -1 -1 -1 -1 label : invalidspot-coloredCurb 0.27
777 17 948 333 326 120 -1 -1 -1 -1 label : invalidspot-coloredCurb 0.20
777 20 213 334 194 57 -1 -1 -1 -1 label : spot-1 0.17
777 23 893 306 97 41 -1 -1 -1 -1 label : invalidspot-coloredCurb 0.16
778 14 1077 349 200 143 -1 -1 -1 -1 label : invalidspot-coloredCurb 0.34
778 17 941 333 337 116 -1 -1 -1 -1 label : invalidspot-coloredCurb 0.23
778 20 206 334 204 60 -1 -1 -1 -1 label : spot-1 0.16
779 14 1081 350 197 141 -1 -1 -1 -1 label : invalidspot-coloredCurb 0.34
779 17 944 333 331 113 -1 -1 -1 -1 label : invalidspot-coloredCurb 0.23
779 20 204 335 205 60 -1 -1 -1 -1 label : spot-1 0.16
780 14 1087 350 192 133 -1 -1 -1 -1 label : invalidspot-coloredCurb 0.26
780 17 978 337 292 110 -1 -1 -1 -1 label : invalidspot-coloredCurb 0.25
780 20 197 335 213 60 -1 -1 -1 -1 label : spot-1 0.21
781 14 1077 350 202 129 -1 -1 -1 -1 label : invalidspot-coloredCurb 0.26
781 17 981 337 289 109 -1 -1 -1 -1 label : invalidspot-coloredCurb 0.25
781 20 195 335 214 60 -1 -1 -1 -1 label : spot-1 0.22
782 14 1080 348 199 127 -1 -1 -1 -1 label : invalidspot-coloredCurb 0.35
782 17 937 328 339 118 -1 -1 -1 -1 label : invalidspot-coloredCurb 0.20
782 20 186 335 231 58 -1 -1 -1 -1 label : spot-2 0.17
783 14 1080 348 199 124 -1 -1 -1 -1 label : invalidspot-coloredCurb 0.35
783 17 934 326 339 119 -1 -1 -1 -1 label : invalidspot-coloredCurb 0.21
783 20 187 335 228 57 -1 -1 -1 -1 label : spot-2 0.17
784 14 1061 346 218 119 -1 -1 -1 -1 label : invalidspot-coloredCurb 0.31
784 17 913 322 363 123 -1 -1 -1 -1 label : invalidspot-coloredCurb 0.29
784 20 182 335 233 57 -1 -1 -1 -1 label : spot-2 0.20
785 14 1058 345 221 117 -1 -1 -1 -1 label : invalidspot-coloredCurb 0.31
785 17 908 321 368 124 -1 -1 -1 -1 label : invalidspot-coloredCurb 0.29
785 20 182 335 232 57 -1 -1 -1 -1 label : spot-2 0.21
786 13 885 309 376 128 -1 -1 -1 -1 label : spot-2 0.29
786 14 1061 345 216 119 -1 -1 -1 -1 label : invalidspot-coloredCurb 0.28
786 17 894 318 384 127 -1 -1 -1 -1 label : invalidspot-coloredCurb 0.20
786 20 177 334 236 58 -1 -1 -1 -1 label : spot-2 0.18
787 13 883 308 380 130 -1 -1 -1 -1 label : spot-2 0.29
787 14 1060 345 218 120 -1 -1 -1 -1 label : invalidspot-coloredCurb 0.28
787 17 891 317 386 128 -1 -1 -1 -1 label : invalidspot-coloredCurb 0.19
787 20 175 334 238 59 -1 -1 -1 -1 label : spot-2 0.18
788 13 879 308 383 133 -1 -1 -1 -1 label : spot-2 0.34
788 14 1074 351 205 108 -1 -1 -1 -1 label : invalidspot-coloredCurb 0.25
788 17 882 315 397 127 -1 -1 -1 -1 label : invalidspot-coloredCurb 0.12
788 20 164 335 250 58 -1 -1 -1 -1 label : spot-2 0.10
789 13 877 307 385 135 -1 -1 -1 -1 label : spot-2 0.35
789 14 1082 353 197 103 -1 -1 -1 -1 label : invalidspot-coloredCurb 0.24
789 17 881 314 397 127 -1 -1 -1 -1 label : invalidspot-coloredCurb 0.12
789 20 164 335 247 58 -1 -1 -1 -1 label : spot-2 0.10
790 13 869 307 405 131 -1 -1 -1 -1 label : spot-2 0.28
790 14 1115 359 159 98 -1 -1 -1 -1 label : invalidspot-coloredCurb 0.26
790 17 876 313 402 127 -1 -1 -1 -1 label : invalidspot-coloredCurb 0.11
791 13 872 307 400 129 -1 -1 -1 -1 label : spot-2 0.28
791 14 1122 362 154 96 -1 -1 -1 -1 label : invalidspot-coloredCurb 0.27
791 20 153 336 259 59 -1 -1 -1 -1 label : spot-2 0.11
792 13 872 308 401 129 -1 -1 -1 -1 label : spot-2 0.29
792 14 1127 363 149 94 -1 -1 -1 -1 label : invalidspot-coloredCurb 0.26
793 13 871 308 402 130 -1 -1 -1 -1 label : spot-2 0.29
793 20 147 337 267 61 -1 -1 -1 -1 label : spot-2 0.25
794 13 868 308 406 129 -1 -1 -1 -1 label : spot-2 0.33
794 14 1103 361 176 99 -1 -1 -1 -1 label : invalidspot-coloredCurb 0.16
794 20 143 337 265 66 -1 -1 -1 -1 label : spot-2 0.11
795 13 869 308 403 128 -1 -1 -1 -1 label : spot-2 0.33
795 14 1100 361 179 99 -1 -1 -1 -1 label : invalidspot-coloredCurb 0.15
795 20 139 338 270 66 -1 -1 -1 -1 label : spot-2 0.11
796 13 882 307 382 133 -1 -1 -1 -1 label : spot-2 0.25
796 14 1091 359 188 106 -1 -1 -1 -1 label : invalidspot-coloredCurb 0.21
796 17 888 315 390 136 -1 -1 -1 -1 label : invalidspot-coloredCurb 0.16
796 20 130 338 280 69 -1 -1 -1 -1 label : spot-2 0.14
797 13 881 307 386 134 -1 -1 -1 -1 label : spot-2 0.24
797 14 1087 357 192 110 -1 -1 -1 -1 label : invalidspot-coloredCurb 0.20
797 17 889 315 390 136 -1 -1 -1 -1 label : invalidspot-coloredCurb 0.16
797 20 127 339 283 69 -1 -1 -1 -1 label : spot-2 0.14
798 13 1044 342 206 120 -1 -1 -1 -1 label : invalidspot-coloredCurb 0.38
798 14 1155 369 112 102 -1 -1 -1 -1 label : invalidspot-coloredCurb 0.21
798 17 886 311 380 132 -1 -1 -1 -1 label : spot-2 0.13
798 20 116 340 294 69 -1 -1 -1 -1 label : spot-2 0.11
799 13 1076 355 195 115 -1 -1 -1 -1 label : invalidspot-coloredCurb 0.38
799 14 1167 374 109 99 -1 -1 -1 -1 label : invalidspot-coloredCurb 0.21
799 17 886 309 376 131 -1 -1 -1 -1 label : spot-2 0.13
799 20 115 340 293 69 -1 -1 -1 -1 label : spot-2 0.11
800 13 1094 360 181 114 -1 -1 -1 -1 label : invalidspot-coloredCurb 0.28
800 14 1173 376 104 98 -1 -1 -1 -1 label : invalidspot-coloredCurb 0.21
801 17 879 310 395 151 -1 -1 -1 -1 label : spot-2 0.28
801 20 107 341 278 69 -1 -1 -1 -1 label : spot-2 0.21
802 17 881 312 394 158 -1 -1 -1 -1 label : spot-2 0.35
802 20 97 341 288 70 -1 -1 -1 -1 label : spot-2 0.34
803 17 879 313 400 161 -1 -1 -1 -1 label : spot-2 0.35
803 20 96 342 288 70 -1 -1 -1 -1 label : spot-2 0.34
804 17 871 313 408 157 -1 -1 -1 -1 label : spot-2 0.30
804 20 80 343 306 72 -1 -1 -1 -1 label : spot-2 0.25
805 17 871 312 408 156 -1 -1 -1 -1 label : spot-2 0.31
805 20 76 343 309 73 -1 -1 -1 -1 label : spot-2 0.25
806 17 899 315 374 158 -1 -1 -1 -1 label : spot-2 0.21
806 20 69 344 323 74 -1 -1 -1 -1 label : spot-2 0.15
807 17 901 316 377 159 -1 -1 -1 -1 label : spot-2 0.21
807 20 67 344 328 75 -1 -1 -1 -1 label : spot-2 0.16
808 17 903 317 376 157 -1 -1 -1 -1 label : spot-2 0.19
808 20 59 345 323 77 -1 -1 -1 -1 label : spot-2 0.14
809 17 906 317 373 156 -1 -1 -1 -1 label : spot-2 0.19
809 20 54 346 324 77 -1 -1 -1 -1 label : spot-2 0.14
810 17 906 319 373 153 -1 -1 -1 -1 label : spot-2 0.22
810 20 37 347 348 79 -1 -1 -1 -1 label : spot-2 0.19
811 17 907 319 372 152 -1 -1 -1 -1 label : spot-2 0.22
811 20 34 348 351 79 -1 -1 -1 -1 label : spot-2 0.19
812 17 916 320 362 151 -1 -1 -1 -1 label : spot-2 0.30
812 20 20 351 362 81 -1 -1 -1 -1 label : spot-2 0.15
813 17 916 320 363 152 -1 -1 -1 -1 label : spot-2 0.30
813 20 15 352 365 82 -1 -1 -1 -1 label : spot-2 0.15
814 17 919 319 357 160 -1 -1 -1 -1 label : spot-2 0.41
814 20 18 354 333 99 -1 -1 -1 -1 label : spot-2 0.20
815 17 916 319 363 163 -1 -1 -1 -1 label : spot-2 0.41
815 20 3 354 354 105 -1 -1 -1 -1 label : spot-2 0.21
816 17 908 319 371 161 -1 -1 -1 -1 label : spot-2 0.43
816 20 0 355 355 107 -1 -1 -1 -1 label : spot-2 0.15
817 17 908 319 371 160 -1 -1 -1 -1 label : spot-2 0.44
817 20 0 355 354 109 -1 -1 -1 -1 label : spot-2 0.15
818 17 908 320 371 160 -1 -1 -1 -1 label : spot-2 0.36
819 20 0 355 355 98 -1 -1 -1 -1 label : spot-2 0.36
820 20 0 354 349 98 -1 -1 -1 -1 label : spot-2 0.42
821 20 0 354 349 98 -1 -1 -1 -1 label : spot-2 0.44
822 17 870 320 409 122 -1 -1 -1 -1 label : spot-2 0.45
822 20 0 355 359 96 -1 -1 -1 -1 label : spot-2 0.14
823 17 876 320 401 118 -1 -1 -1 -1 label : spot-2 0.45
823 20 0 355 358 96 -1 -1 -1 -1 label : spot-2 0.14
824 17 880 320 392 111 -1 -1 -1 -1 label : spot-2 0.46
824 20 0 357 354 98 -1 -1 -1 -1 label : spot-2 0.13
825 17 883 320 385 109 -1 -1 -1 -1 label : spot-2 0.47
825 20 0 358 356 98 -1 -1 -1 -1 label : spot-2 0.14
826 17 886 321 377 109 -1 -1 -1 -1 label : spot-2 0.38
826 20 3 358 347 106 -1 -1 -1 -1 label : spot-2 0.17
827 17 884 321 380 109 -1 -1 -1 -1 label : spot-2 0.37
827 20 0 359 354 107 -1 -1 -1 -1 label : spot-2 0.16
828 17 884 322 378 106 -1 -1 -1 -1 label : spot-2 0.33
829 20 0 361 347 102 -1 -1 -1 -1 label : spot-2 0.33
830 17 903 325 369 125 -1 -1 -1 -1 label : spot-2 0.21
830 20 0 361 339 101 -1 -1 -1 -1 label : spot-2 0.13
831 17 885 325 394 126 -1 -1 -1 -1 label : spot-2 0.21
831 20 0 362 337 100 -1 -1 -1 -1 label : spot-2 0.13
832 17 898 326 375 134 -1 -1 -1 -1 label : spot-2 0.25
832 20 1 360 325 102 -1 -1 -1 -1 label : spot-2 0.17
833 17 896 326 382 137 -1 -1 -1 -1 label : spot-2 0.26
833 20 0 360 326 101 -1 -1 -1 -1 label : spot-2 0.16
834 17 886 324 390 148 -1 -1 -1 -1 label : spot-2 0.27
834 20 0 359 335 95 -1 -1 -1 -1 label : spot-2 0.11
835 17 879 323 399 153 -1 -1 -1 -1 label : spot-2 0.28
835 20 0 359 331 92 -1 -1 -1 -1 label : spot-2 0.11
836 17 876 322 403 147 -1 -1 -1 -1 label : spot-2 0.26
836 20 3 359 321 95 -1 -1 -1 -1 label : spot-2 0.13
837 17 881 322 398 144 -1 -1 -1 -1 label : spot-2 0.26
837 20 0 359 326 97 -1 -1 -1 -1 label : spot-2 0.14
838 17 888 323 391 136 -1 -1 -1 -1 label : invalidspot-coloredCurb 0.19
838 20 5 360 310 102 -1 -1 -1 -1 label : spot-2 0.16
839 17 895 324 384 132 -1 -1 -1 -1 label : invalidspot-coloredCurb 0.19
839 20 1 360 316 105 -1 -1 -1 -1 label : spot-2 0.15
840 17 888 323 391 126 -1 -1 -1 -1 label : spot-2 0.22
840 20 0 361 312 103 -1 -1 -1 -1 label : spot-2 0.17
841 17 889 323 389 123 -1 -1 -1 -1 label : spot-2 0.22
841 20 0 361 310 103 -1 -1 -1 -1 label : spot-2 0.17
842 17 895 322 367 121 -1 -1 -1 -1 label : spot-2 0.21
842 20 0 361 317 102 -1 -1 -1 -1 label : spot-2 0.13
843 17 894 322 365 119 -1 -1 -1 -1 label : spot-2 0.21
843 20 0 361 316 101 -1 -1 -1 -1 label : spot-2 0.13
844 17 894 322 362 117 -1 -1 -1 -1 label : spot-2 0.15
844 20 0 362 305 98 -1 -1 -1 -1 label : spot-2 0.14
845 17 896 322 358 116 -1 -1 -1 -1 label : spot-2 0.15
845 20 0 363 303 97 -1 -1 -1 -1 label : spot-2 0.14
846 17 893 323 365 116 -1 -1 -1 -1 label : spot-2 0.18
846 20 0 364 296 94 -1 -1 -1 -1 label : spot-2 0.13
847 17 894 323 364 116 -1 -1 -1 -1 label : spot-2 0.19
847 20 0 364 293 93 -1 -1 -1 -1 label : spot-2 0.13
848 17 918 326 345 128 -1 -1 -1 -1 label : invalidspot-coloredCurb 0.13
848 20 1 365 301 99 -1 -1 -1 -1 label : spot-2 0.11
849 17 919 327 355 132 -1 -1 -1 -1 label : invalidspot-coloredCurb 0.13
849 20 0 365 307 101 -1 -1 -1 -1 label : spot-2 0.12
850 17 921 328 356 134 -1 -1 -1 -1 label : invalidspot-coloredCurb 0.16
851 17 921 328 358 136 -1 -1 -1 -1 label : invalidspot-coloredCurb 0.16
852 17 936 328 340 139 -1 -1 -1 -1 label : invalidspot-coloredCurb 0.22
852 20 0 367 307 98 -1 -1 -1 -1 label : spot-2 0.12
853 17 937 328 342 140 -1 -1 -1 -1 label : invalidspot-coloredCurb 0.21
853 20 0 368 306 96 -1 -1 -1 -1 label : spot-2 0.12
854 17 939 328 339 145 -1 -1 -1 -1 label : invalidspot-coloredCurb 0.23
855 17 937 328 342 147 -1 -1 -1 -1 label : invalidspot-coloredCurb 0.23
856 17 933 328 346 147 -1 -1 -1 -1 label : invalidspot-coloredCurb 0.30
857 17 932 328 347 147 -1 -1 -1 -1 label : invalidspot-coloredCurb 0.29
858 17 947 330 325 161 -1 -1 -1 -1 label : spot-2 0.29
859 17 943 331 335 167 -1 -1 -1 -1 label : spot-2 0.28
860 17 925 331 354 146 -1 -1 -1 -1 label : invalidspot-coloredCurb 0.32
861 17 936 332 343 136 -1 -1 -1 -1 label : invalidspot-coloredCurb 0.33
862 17 951 332 328 132 -1 -1 -1 -1 label : invalidspot-coloredCurb 0.37
862 20 1 378 212 90 -1 -1 -1 -1 label : invalidspot-coloredCurb 0.11
863 17 956 333 323 130 -1 -1 -1 -1 label : invalidspot-coloredCurb 0.37
863 20 0 379 210 90 -1 -1 -1 -1 label : invalidspot-coloredCurb 0.11
864 17 955 333 324 127 -1 -1 -1 -1 label : invalidspot-coloredCurb 0.26
864 20 0 380 208 89 -1 -1 -1 -1 label : invalidspot-coloredCurb 0.10
865 17 956 334 323 126 -1 -1 -1 -1 label : invalidspot-coloredCurb 0.25
865 20 0 381 207 88 -1 -1 -1 -1 label : invalidspot-coloredCurb 0.10
866 17 991 336 280 128 -1 -1 -1 -1 label : invalidspot-coloredCurb 0.32
867 17 995 336 282 129 -1 -1 -1 -1 label : invalidspot-coloredCurb 0.32
868 17 967 340 312 119 -1 -1 -1 -1 label : invalidspot-coloredCurb 0.18
869 17 967 341 312 116 -1 -1 -1 -1 label : invalidspot-coloredCurb 0.18
870 17 1043 343 218 128 -1 -1 -1 -1 label : invalidspot-coloredCurb 0.17
871 17 1049 344 226 132 -1 -1 -1 -1 label : invalidspot-coloredCurb 0.17
872 17 987 343 292 130 -1 -1 -1 -1 label : invalidspot-coloredCurb 0.22
873 17 979 343 300 129 -1 -1 -1 -1 label : invalidspot-coloredCurb 0.21
874 17 961 347 318 139 -1 -1 -1 -1 label : spot-2 0.12
875 17 953 348 326 144 -1 -1 -1 -1 label : spot-2 0.12
876 17 951 351 328 141 -1 -1 -1 -1 label : spot-2 0.13
876 20 0 386 168 83 -1 -1 -1 -1 label : invalidspot-coloredCurb 0.11
877 17 951 353 328 139 -1 -1 -1 -1 label : spot-2 0.13
877 20 0 386 169 83 -1 -1 -1 -1 label : invalidspot-coloredCurb 0.11
878 17 949 351 330 131 -1 -1 -1 -1 label : invalidspot-coloredCurb 0.12
878 20 0 386 166 84 -1 -1 -1 -1 label : invalidspot-coloredCurb 0.11
879 17 954 350 325 128 -1 -1 -1 -1 label : invalidspot-coloredCurb 0.12
879 20 0 387 166 83 -1 -1 -1 -1 label : invalidspot-coloredCurb 0.11
880 17 970 349 307 125 -1 -1 -1 -1 label : invalidspot-coloredCurb 0.27
880 20 0 388 158 81 -1 -1 -1 -1 label : invalidspot-coloredCurb 0.11
881 17 973 349 305 124 -1 -1 -1 -1 label : invalidspot-coloredCurb 0.27
881 20 0 389 155 80 -1 -1 -1 -1 label : invalidspot-coloredCurb 0.11
882 17 968 352 307 135 -1 -1 -1 -1 label : spot-2 0.15
883 17 963 353 315 140 -1 -1 -1 -1 label : spot-2 0.14
884 17 1031 352 238 132 -1 -1 -1 -1 label : invalidspot-coloredCurb 0.14
884 20 0 392 114 69 -1 -1 -1 -1 label : invalidspot-coloredCurb 0.10
885 17 1044 352 233 128 -1 -1 -1 -1 label : invalidspot-coloredCurb 0.13
885 20 0 393 110 67 -1 -1 -1 -1 label : invalidspot-coloredCurb 0.10
886 17 997 352 282 120 -1 -1 -1 -1 label : invalidspot-coloredCurb 0.29
886 20 1 393 105 72 -1 -1 -1 -1 label : invalidspot-coloredCurb 0.14
887 17 994 352 285 117 -1 -1 -1 -1 label : invalidspot-coloredCurb 0.29
887 20 0 394 106 73 -1 -1 -1 -1 label : invalidspot-coloredCurb 0.14
888 17 1067 349 196 127 -1 -1 -1 -1 label : invalidspot-coloredCurb 0.33
889 17 1075 348 200 130 -1 -1 -1 -1 label : invalidspot-coloredCurb 0.33
890 17 1080 350 199 127 -1 -1 -1 -1 label : invalidspot-coloredCurb 0.27
891 17 1082 350 197 126 -1 -1 -1 -1 label : invalidspot-coloredCurb 0.28
892 17 1089 350 190 125 -1 -1 -1 -1 label : invalidspot-coloredCurb 0.30
893 17 1089 351 190 124 -1 -1 -1 -1 label : invalidspot-coloredCurb 0.30
894 17 1092 353 187 120 -1 -1 -1 -1 label : invalidspot-coloredCurb 0.15
895 17 1094 354 185 119 -1 -1 -1 -1 label : invalidspot-coloredCurb 0.15
896 17 1086 358 193 128 -1 -1 -1 -1 label : invalidspot-coloredCurb 0.15
896 33 300 327 21 59 -1 -1 -1 -1 label : fireHydrant 0.15
897 17 1081 360 198 131 -1 -1 -1 -1 label : invalidspot-coloredCurb 0.15
897 33 300 328 20 59 -1 -1 -1 -1 label : fireHydrant 0.15
898 17 1101 362 176 129 -1 -1 -1 -1 label : invalidspot-coloredCurb 0.15
898 33 297 328 22 61 -1 -1 -1 -1 label : fireHydrant 0.15
898 35 1194 299 17 49 -1 -1 -1 -1 label : fireHydrant 0.11
899 17 1105 363 174 128 -1 -1 -1 -1 label : invalidspot-coloredCurb 0.15
899 33 296 329 22 61 -1 -1 -1 -1 label : fireHydrant 0.15
899 35 1197 301 16 47 -1 -1 -1 -1 label : fireHydrant 0.11
900 17 1121 360 158 117 -1 -1 -1 -1 label : invalidspot-coloredCurb 0.26
900 33 295 329 23 61 -1 -1 -1 -1 label : fireHydrant 0.26
901 17 1127 358 152 114 -1 -1 -1 -1 label : invalidspot-coloredCurb 0.26
901 35 903 300 10 33 -1 -1 -1 -1 label : fireHydrant 0.25
902 17 1131 359 148 116 -1 -1 -1 -1 label : invalidspot-coloredCurb 0.39
902 35 849 300 11 30 -1 -1 -1 -1 label : fireHydrant 0.33
903 17 1131 359 148 117 -1 -1 -1 -1 label : invalidspot-coloredCurb 0.39
903 35 836 300 10 30 -1 -1 -1 -1 label : fireHydrant 0.33
904 17 1137 361 142 109 -1 -1 -1 -1 label : invalidspot-coloredCurb 0.34
904 33 289 329 23 65 -1 -1 -1 -1 label : fireHydrant 0.27
904 35 833 299 11 31 -1 -1 -1 -1 label : fireHydrant 0.20
905 17 1141 362 138 106 -1 -1 -1 -1 label : invalidspot-coloredCurb 0.33
905 33 288 329 23 65 -1 -1 -1 -1 label : fireHydrant 0.27
905 35 835 299 10 32 -1 -1 -1 -1 label : fireHydrant 0.20
906 17 1152 363 127 102 -1 -1 -1 -1 label : invalidspot-coloredCurb 0.30
906 33 287 329 23 65 -1 -1 -1 -1 label : fireHydrant 0.20
906 35 837 301 11 30 -1 -1 -1 -1 label : fireHydrant 0.16
907 17 1154 364 125 99 -1 -1 -1 -1 label : invalidspot-coloredCurb 0.30
907 35 840 301 11 31 -1 -1 -1 -1 label : fireHydrant 0.20
908 17 1168 366 109 101 -1 -1 -1 -1 label : invalidspot-coloredCurb 0.44
908 35 842 302 12 31 -1 -1 -1 -1 label : fireHydrant 0.20
908 39 959 317 11 33 -1 -1 -1 -1 label : fireHydrant 0.17
909 17 1170 367 109 101 -1 -1 -1 -1 label : invalidspot-coloredCurb 0.40
909 35 844 302 12 31 -1 -1 -1 -1 label : fireHydrant 0.20
909 39 960 317 11 33 -1 -1 -1 -1 label : fireHydrant 0.17
910 17 1175 368 104 99 -1 -1 -1 -1 label : invalidspot-coloredCurb 0.50
910 33 281 332 23 69 -1 -1 -1 -1 label : fireHydrant 0.26
910 35 846 303 12 30 -1 -1 -1 -1 label : fireHydrant 0.20
910 39 961 317 11 33 -1 -1 -1 -1 label : fireHydrant 0.10
911 17 1176 368 103 98 -1 -1 -1 -1 label : invalidspot-coloredCurb 0.42
911 33 280 333 23 69 -1 -1 -1 -1 label : fireHydrant 0.26
911 35 847 303 12 30 -1 -1 -1 -1 label : fireHydrant 0.19
911 39 962 317 11 33 -1 -1 -1 -1 label : fireHydrant 0.10
912 17 1183 369 96 98 -1 -1 -1 -1 label : invalidspot-coloredCurb 0.44
912 33 278 332 25 71 -1 -1 -1 -1 label : fireHydrant 0.33
912 35 849 304 12 30 -1 -1 -1 -1 label : fireHydrant 0.30
912 39 963 317 10 35 -1 -1 -1 -1 label : fireHydrant 0.20
913 17 1185 369 94 98 -1 -1 -1 -1 label : invalidspot-coloredCurb 0.43
913 33 278 332 24 71 -1 -1 -1 -1 label : fireHydrant 0.33
913 35 850 304 12 30 -1 -1 -1 -1 label : fireHydrant 0.30
913 39 964 317 10 35 -1 -1 -1 -1 label : fireHydrant 0.20
914 17 1194 370 85 93 -1 -1 -1 -1 label : invalidspot-coloredCurb 0.29
914 33 278 331 24 75 -1 -1 -1 -1 label : fireHydrant 0.21
914 35 842 304 11 30 -1 -1 -1 -1 label : fireHydrant 0.11
915 17 1197 371 82 91 -1 -1 -1 -1 label : invalidspot-coloredCurb 0.28
915 33 278 331 24 76 -1 -1 -1 -1 label : fireHydrant 0.21
915 39 964 318 10 36 -1 -1 -1 -1 label : fireHydrant 0.11
916 17 1208 370 70 91 -1 -1 -1 -1 label : invalidspot-coloredCurb 0.14
917 17 1209 370 70 91 -1 -1 -1 -1 label : invalidspot-coloredCurb 0.14
918 17 1214 370 65 90 -1 -1 -1 -1 label : invalidspot-coloredCurb 0.25
919 33 272 335 22 73 -1 -1 -1 -1 label : fireHydrant 0.25
920 33 270 337 24 74 -1 -1 -1 -1 label : fireHydrant 0.15
921 33 269 338 25 74 -1 -1 -1 -1 label : fireHydrant 0.14
922 33 267 336 23 76 -1 -1 -1 -1 label : fireHydrant 0.29
923 33 265 336 24 76 -1 -1 -1 -1 label : fireHydrant 0.29
924 33 262 334 25 81 -1 -1 -1 -1 label : fireHydrant 0.11
925 33 261 334 25 82 -1 -1 -1 -1 label : fireHydrant 0.11
926 33 257 336 26 79 -1 -1 -1 -1 label : fireHydrant 0.11
927 33 256 336 26 78 -1 -1 -1 -1 label : fireHydrant 0.11
930 39 866 311 11 30 -1 -1 -1 -1 label : fireHydrant 0.11
931 39 863 310 11 30 -1 -1 -1 -1 label : fireHydrant 0.10
932 39 864 310 11 31 -1 -1 -1 -1 label : fireHydrant 0.14
933 39 864 309 12 32 -1 -1 -1 -1 label : fireHydrant 0.14
934 39 865 310 12 32 -1 -1 -1 -1 label : fireHydrant 0.16
935 39 865 310 12 32 -1 -1 -1 -1 label : fireHydrant 0.16
940 40 839 347 53 38 -1 -1 -1 -1 label : invalidspot-coloredCurb 0.11
941 40 840 348 53 38 -1 -1 -1 -1 label : invalidspot-coloredCurb 0.11
944 39 874 312 10 28 -1 -1 -1 -1 label : fireHydrant 0.16
944 40 838 349 51 35 -1 -1 -1 -1 label : invalidspot-coloredCurb 0.14
945 39 876 312 10 27 -1 -1 -1 -1 label : fireHydrant 0.16
945 40 838 350 50 34 -1 -1 -1 -1 label : invalidspot-coloredCurb 0.14
946 39 875 312 10 27 -1 -1 -1 -1 label : fireHydrant 0.17
947 40 839 350 54 37 -1 -1 -1 -1 label : invalidspot-coloredCurb 0.17
948 39 877 312 11 29 -1 -1 -1 -1 label : fireHydrant 0.27
948 40 840 351 55 38 -1 -1 -1 -1 label : invalidspot-coloredCurb 0.17
949 39 877 313 11 28 -1 -1 -1 -1 label : fireHydrant 0.27
949 40 841 351 54 39 -1 -1 -1 -1 label : invalidspot-coloredCurb 0.16
950 39 878 313 11 30 -1 -1 -1 -1 label : fireHydrant 0.29
950 40 841 351 54 40 -1 -1 -1 -1 label : invalidspot-coloredCurb 0.11
951 39 878 313 11 31 -1 -1 -1 -1 label : fireHydrant 0.30
952 39 880 313 11 32 -1 -1 -1 -1 label : fireHydrant 0.34
952 40 839 353 59 39 -1 -1 -1 -1 label : invalidspot-coloredCurb 0.10
953 39 880 314 11 31 -1 -1 -1 -1 label : fireHydrant 0.34
953 40 839 354 58 38 -1 -1 -1 -1 label : invalidspot-coloredCurb 0.10
954 39 880 314 12 32 -1 -1 -1 -1 label : fireHydrant 0.38
954 40 839 354 61 38 -1 -1 -1 -1 label : invalidspot-coloredCurb 0.14
955 40 839 354 61 39 -1 -1 -1 -1 label : invalidspot-coloredCurb 0.38
956 39 882 313 10 31 -1 -1 -1 -1 label : fireHydrant 0.33
956 40 838 353 60 39 -1 -1 -1 -1 label : invalidspot-coloredCurb 0.20
956 41 1192 373 86 41 -1 -1 -1 -1 label : invalidspot-coloredCurb 0.12
957 39 883 313 9 31 -1 -1 -1 -1 label : fireHydrant 0.31
957 40 838 353 60 38 -1 -1 -1 -1 label : invalidspot-coloredCurb 0.21
957 41 1195 374 84 40 -1 -1 -1 -1 label : invalidspot-coloredCurb 0.12
958 39 884 312 11 31 -1 -1 -1 -1 label : fireHydrant 0.32
958 40 839 352 63 39 -1 -1 -1 -1 label : invalidspot-coloredCurb 0.20
958 41 1197 375 82 40 -1 -1 -1 -1 label : invalidspot-coloredCurb 0.14
959 39 884 312 11 31 -1 -1 -1 -1 label : fireHydrant 0.32
959 40 839 352 64 40 -1 -1 -1 -1 label : invalidspot-coloredCurb 0.20
959 41 1197 376 82 39 -1 -1 -1 -1 label : invalidspot-coloredCurb 0.14
960 39 885 311 11 30 -1 -1 -1 -1 label : fireHydrant 0.30
960 40 840 350 63 41 -1 -1 -1 -1 label : invalidspot-coloredCurb 0.11
961 39 885 311 11 30 -1 -1 -1 -1 label : fireHydrant 0.30
961 40 840 350 63 41 -1 -1 -1 -1 label : invalidspot-coloredCurb 0.11
962 39 885 309 12 32 -1 -1 -1 -1 label : fireHydrant 0.27
962 40 839 350 67 40 -1 -1 -1 -1 label : invalidspot-coloredCurb 0.12
