10 1 734 380 184 103 -1 -1 -1 -1 label : spot-0.55
11 1 730 384 220 100 -1 -1 -1 -1 label : spot-0.56
12 1 726 388 259 83 -1 -1 -1 -1 label : spot-0.61
13 1 736 391 291 75 -1 -1 -1 -1 label : spot-0.57
14 1 750 394 305 76 -1 -1 -1 -1 label : spot-0.64
18 2 780 413 488 148 -1 -1 -1 -1 label : spot-0.68
19 2 782 415 497 154 -1 -1 -1 -1 label : spot-0.68
20 2 786 420 493 153 -1 -1 -1 -1 label : spot-0.72
21 2 793 423 486 148 -1 -1 -1 -1 label : spot-0.56
22 2 802 425 477 145 -1 -1 -1 -1 label : spot-0.53
26 2 835 431 443 142 -1 -1 -1 -1 label : spot-1 0.53
27 2 852 435 427 139 -1 -1 -1 -1 label : spot-1 0.58
28 2 870 440 407 142 -1 -1 -1 -1 label : spot-1 0.66
29 2 888 446 389 144 -1 -1 -1 -1 label : spot-1 0.64
30 2 902 450 375 148 -1 -1 -1 -1 label : spot-1 0.59
31 2 935 457 343 143 -1 -1 -1 -1 label : spot-1 0.51
