3 1 981 439 61 105 -1 -1 -1 -1 label : fireHydrant 0.29
3 2 673 470 261 76 -1 -1 -1 -1 label : spot-0.24
4 1 983 440 61 105 -1 -1 -1 -1 label : fireHydrant 0.29
4 2 671 469 277 80 -1 -1 -1 -1 label : spot-0.23
5 1 985 440 61 105 -1 -1 -1 -1 label : fireHydrant 0.12
6 2 672 468 230 62 -1 -1 -1 -1 label : spot-0.13
7 1 999 437 61 106 -1 -1 -1 -1 label : fireHydrant 0.29
7 2 679 470 182 52 -1 -1 -1 -1 label : invalidSpot-entrance 0.10
8 1 1000 437 62 106 -1 -1 -1 -1 label : fireHydrant 0.30
8 2 681 470 167 49 -1 -1 -1 -1 label : invalidSpot-entrance 0.11
9 1 1005 434 66 111 -1 -1 -1 -1 label : fireHydrant 0.19
10 1 1006 434 67 112 -1 -1 -1 -1 label : fireHydrant 0.18
11 1 1013 432 66 114 -1 -1 -1 -1 label : fireHydrant 0.33
12 1 1015 431 66 115 -1 -1 -1 -1 label : fireHydrant 0.33
13 1 1021 432 70 111 -1 -1 -1 -1 label : fireHydrant 0.24
13 4 676 461 261 78 -1 -1 -1 -1 label : spot-2 0.23
14 1 1024 433 70 109 -1 -1 -1 -1 label : fireHydrant 0.23
14 4 677 460 250 75 -1 -1 -1 -1 label : spot-2 0.23
15 1 1030 431 74 113 -1 -1 -1 -1 label : fireHydrant 0.25
15 4 683 461 279 85 -1 -1 -1 -1 label : spot-2 0.19
16 1 1033 430 74 115 -1 -1 -1 -1 label : fireHydrant 0.25
16 4 685 461 289 89 -1 -1 -1 -1 label : spot-2 0.20
17 1 1040 429 76 114 -1 -1 -1 -1 label : fireHydrant 0.41
17 4 686 459 255 75 -1 -1 -1 -1 label : spot-2 0.32
18 1 1043 429 76 113 -1 -1 -1 -1 label : fireHydrant 0.41
18 4 690 458 235 70 -1 -1 -1 -1 label : spot-2 0.30
19 1 1052 430 75 114 -1 -1 -1 -1 label : fireHydrant 0.28
19 4 683 457 236 66 -1 -1 -1 -1 label : spot-2 0.26
20 1 1055 431 76 114 -1 -1 -1 -1 label : fireHydrant 0.27
20 4 687 457 231 66 -1 -1 -1 -1 label : spot-2 0.26
21 1 1064 434 75 117 -1 -1 -1 -1 label : fireHydrant 0.25
21 4 683 456 247 67 -1 -1 -1 -1 label : spot-2 0.18
22 1 1067 435 75 118 -1 -1 -1 -1 label : fireHydrant 0.24
22 4 683 455 249 68 -1 -1 -1 -1 label : spot-2 0.18
23 1 1072 435 75 119 -1 -1 -1 -1 label : fireHydrant 0.25
23 4 686 456 296 87 -1 -1 -1 -1 label : spot-2 0.21
24 4 685 456 321 95 -1 -1 -1 -1 label : spot-2 0.26
25 4 679 457 325 89 -1 -1 -1 -1 label : spot-2 0.30
26 4 683 457 314 86 -1 -1 -1 -1 label : spot-2 0.30
27 4 685 455 308 86 -1 -1 -1 -1 label : spot-2 0.26
28 4 685 454 307 86 -1 -1 -1 -1 label : spot-2 0.27
29 4 692 452 298 88 -1 -1 -1 -1 label : spot-2 0.15
29 7 700 453 445 155 -1 -1 -1 -1 label : spot-2 0.12
30 4 691 451 308 90 -1 -1 -1 -1 label : spot-2 0.16
30 7 698 452 460 160 -1 -1 -1 -1 label : spot-2 0.14
31 4 698 449 308 90 -1 -1 -1 -1 label : spot-2 0.18
31 7 702 447 429 152 -1 -1 -1 -1 label : spot-2 0.12
32 4 700 447 309 92 -1 -1 -1 -1 label : spot-2 0.18
32 7 704 446 419 149 -1 -1 -1 -1 label : spot-2 0.12
33 4 695 445 316 90 -1 -1 -1 -1 label : spot-2 0.23
34 4 695 444 314 90 -1 -1 -1 -1 label : spot-2 0.23
35 4 698 445 267 84 -1 -1 -1 -1 label : spot-2 0.20
35 7 689 443 444 130 -1 -1 -1 -1 label : spot-2 0.14
36 4 686 444 324 88 -1 -1 -1 -1 label : spot-2 0.20
37 4 688 441 360 98 -1 -1 -1 -1 label : spot-2 0.31
38 4 689 440 370 102 -1 -1 -1 -1 label : spot-2 0.32
39 4 691 438 359 102 -1 -1 -1 -1 label : spot-2 0.32
40 4 688 437 360 102 -1 -1 -1 -1 label : spot-2 0.34
41 4 698 436 336 104 -1 -1 -1 -1 label : spot-2 0.24
41 7 692 439 507 133 -1 -1 -1 -1 label : spot-2 0.12
42 4 696 436 339 104 -1 -1 -1 -1 label : spot-2 0.25
42 7 695 438 505 135 -1 -1 -1 -1 label : spot-2 0.13
43 4 690 436 344 101 -1 -1 -1 -1 label : spot-2 0.21
43 7 701 439 494 141 -1 -1 -1 -1 label : spot-2 0.19
44 4 692 436 338 99 -1 -1 -1 -1 label : spot-2 0.21
44 7 697 439 500 142 -1 -1 -1 -1 label : spot-2 0.20
45 4 697 436 312 95 -1 -1 -1 -1 label : spot-2 0.21
45 7 687 438 525 135 -1 -1 -1 -1 label : spot-2 0.16
46 4 697 436 305 94 -1 -1 -1 -1 label : spot-2 0.21
46 7 693 438 515 131 -1 -1 -1 -1 label : spot-2 0.16
47 4 695 436 310 95 -1 -1 -1 -1 label : spot-2 0.27
47 7 694 437 511 130 -1 -1 -1 -1 label : spot-2 0.16
48 4 694 436 311 95 -1 -1 -1 -1 label : spot-2 0.27
48 7 695 437 508 128 -1 -1 -1 -1 label : spot-2 0.16
49 4 694 436 311 95 -1 -1 -1 -1 label : spot-2 0.19
50 7 698 436 492 126 -1 -1 -1 -1 label : spot-2 0.20
51 7 702 436 493 125 -1 -1 -1 -1 label : spot-2 0.21
52 7 704 436 491 124 -1 -1 -1 -1 label : spot-2 0.21
53 7 706 435 473 122 -1 -1 -1 -1 label : spot-2 0.17
54 7 703 434 479 123 -1 -1 -1 -1 label : spot-2 0.18
55 4 698 432 334 96 -1 -1 -1 -1 label : spot-2 0.27
55 7 700 435 494 123 -1 -1 -1 -1 label : spot-2 0.10
56 4 699 431 334 96 -1 -1 -1 -1 label : spot-2 0.27
56 7 702 434 493 125 -1 -1 -1 -1 label : spot-2 0.11
57 4 703 431 330 97 -1 -1 -1 -1 label : spot-2 0.21
57 7 700 435 511 122 -1 -1 -1 -1 label : spot-2 0.12
58 4 701 431 334 97 -1 -1 -1 -1 label : spot-2 0.21
58 7 703 435 507 121 -1 -1 -1 -1 label : spot-2 0.12
59 4 702 431 335 96 -1 -1 -1 -1 label : spot-2 0.24
60 7 707 434 477 123 -1 -1 -1 -1 label : spot-2 0.24
61 7 704 434 495 127 -1 -1 -1 -1 label : spot-2 0.26
62 7 705 434 494 128 -1 -1 -1 -1 label : spot-2 0.26
63 7 706 433 482 127 -1 -1 -1 -1 label : spot-2 0.24
64 7 704 433 484 125 -1 -1 -1 -1 label : spot-2 0.26
65 7 700 433 521 127 -1 -1 -1 -1 label : spot-2 0.41
66 7 704 433 523 127 -1 -1 -1 -1 label : spot-2 0.42
67 7 705 435 547 126 -1 -1 -1 -1 label : spot-2 0.33
68 7 710 436 547 125 -1 -1 -1 -1 label : spot-2 0.34
69 7 719 434 537 132 -1 -1 -1 -1 label : spot-2 0.38
70 7 715 434 548 135 -1 -1 -1 -1 label : spot-2 0.36
71 7 716 434 551 136 -1 -1 -1 -1 label : spot-2 0.27
72 7 715 434 555 136 -1 -1 -1 -1 label : spot-2 0.28
73 7 721 434 517 135 -1 -1 -1 -1 label : spot-2 0.20
74 7 716 434 514 134 -1 -1 -1 -1 label : spot-2 0.19
75 7 722 433 492 139 -1 -1 -1 -1 label : spot-2 0.27
76 7 718 433 498 141 -1 -1 -1 -1 label : spot-2 0.27
77 7 709 436 517 134 -1 -1 -1 -1 label : spot-2 0.17
78 7 715 437 507 131 -1 -1 -1 -1 label : spot-2 0.17
79 7 722 437 488 132 -1 -1 -1 -1 label : spot-2 0.24
80 7 720 436 487 132 -1 -1 -1 -1 label : spot-2 0.24
81 4 721 435 285 77 -1 -1 -1 -1 label : spot-2 0.16
81 7 726 436 461 130 -1 -1 -1 -1 label : spot-2 0.12
82 4 722 436 283 75 -1 -1 -1 -1 label : spot-2 0.16
82 7 725 436 457 129 -1 -1 -1 -1 label : spot-2 0.12
83 4 727 437 280 78 -1 -1 -1 -1 label : spot-2 0.16
83 7 726 437 455 130 -1 -1 -1 -1 label : spot-2 0.11
84 4 724 437 282 76 -1 -1 -1 -1 label : spot-2 0.15
84 7 726 437 456 129 -1 -1 -1 -1 label : spot-2 0.11
85 4 724 437 281 76 -1 -1 -1 -1 label : spot-2 0.19
86 4 726 438 278 74 -1 -1 -1 -1 label : spot-2 0.19
87 4 736 439 266 75 -1 -1 -1 -1 label : spot-2 0.12
88 4 737 439 267 76 -1 -1 -1 -1 label : spot-2 0.12
91 4 733 440 280 77 -1 -1 -1 -1 label : spot-2 0.13
91 7 735 441 415 116 -1 -1 -1 -1 label : spot-2 0.13
92 4 733 440 281 77 -1 -1 -1 -1 label : spot-2 0.13
92 7 737 442 405 112 -1 -1 -1 -1 label : spot-2 0.13
93 4 734 440 281 78 -1 -1 -1 -1 label : spot-2 0.36
94 7 733 441 469 130 -1 -1 -1 -1 label : spot-2 0.37
95 7 737 441 421 114 -1 -1 -1 -1 label : spot-2 0.16
96 7 741 442 397 107 -1 -1 -1 -1 label : spot-2 0.15
97 7 742 440 430 118 -1 -1 -1 -1 label : spot-2 0.25
98 7 742 440 438 121 -1 -1 -1 -1 label : spot-2 0.26
99 7 735 440 430 107 -1 -1 -1 -1 label : spot-2 0.20
100 7 744 440 398 101 -1 -1 -1 -1 label : spot-2 0.20
101 7 745 439 391 100 -1 -1 -1 -1 label : spot-2 0.32
102 7 745 439 388 98 -1 -1 -1 -1 label : spot-2 0.31
103 7 749 439 371 98 -1 -1 -1 -1 label : spot-2 0.26
104 7 750 439 365 98 -1 -1 -1 -1 label : spot-2 0.26
105 7 747 440 380 99 -1 -1 -1 -1 label : spot-2 0.19
106 7 749 440 379 100 -1 -1 -1 -1 label : spot-2 0.18
107 7 750 438 367 101 -1 -1 -1 -1 label : spot-2 0.38
108 7 748 438 368 101 -1 -1 -1 -1 label : spot-2 0.39
109 7 747 437 383 104 -1 -1 -1 -1 label : spot-2 0.28
110 7 747 437 391 105 -1 -1 -1 -1 label : spot-2 0.27
111 7 749 437 400 107 -1 -1 -1 -1 label : spot-2 0.25
112 7 750 437 401 108 -1 -1 -1 -1 label : spot-2 0.26
113 7 746 439 462 116 -1 -1 -1 -1 label : spot-2 0.33
114 7 751 440 470 119 -1 -1 -1 -1 label : spot-2 0.35
115 7 754 440 475 125 -1 -1 -1 -1 label : spot-2 0.50
116 7 751 441 487 126 -1 -1 -1 -1 label : spot-2 0.49
117 7 753 441 480 129 -1 -1 -1 -1 label : spot-2 0.58
118 7 750 441 484 129 -1 -1 -1 -1 label : spot-2 0.58
119 7 747 442 499 126 -1 -1 -1 -1 label : spot-2 0.54
120 7 751 442 494 126 -1 -1 -1 -1 label : spot-2 0.54
121 7 753 445 502 128 -1 -1 -1 -1 label : spot-2 0.56
122 7 752 446 509 130 -1 -1 -1 -1 label : spot-2 0.57
123 7 757 447 488 130 -1 -1 -1 -1 label : spot-2 0.60
124 7 756 448 486 129 -1 -1 -1 -1 label : spot-2 0.60
125 7 756 448 489 132 -1 -1 -1 -1 label : spot-2 0.62
126 7 755 448 490 133 -1 -1 -1 -1 label : spot-2 0.63
127 7 756 450 484 129 -1 -1 -1 -1 label : spot-2 0.49
128 7 758 450 473 128 -1 -1 -1 -1 label : spot-2 0.49
129 7 755 451 400 103 -1 -1 -1 -1 label : spot-1 0.28
130 7 759 451 362 94 -1 -1 -1 -1 label : spot-1 0.29
131 7 760 452 350 90 -1 -1 -1 -1 label : spot-1 0.51
131 8 763 455 426 114 -1 -1 -1 -1 label : spot-2 0.31
132 8 759 455 460 123 -1 -1 -1 -1 label : spot-2 0.49
133 8 757 457 490 127 -1 -1 -1 -1 label : spot-2 0.52
134 8 758 457 500 130 -1 -1 -1 -1 label : spot-2 0.53
135 7 761 456 387 104 -1 -1 -1 -1 label : spot-1 0.42
135 8 756 457 484 123 -1 -1 -1 -1 label : spot-2 0.11
136 7 761 456 392 107 -1 -1 -1 -1 label : spot-1 0.41
136 8 758 457 470 120 -1 -1 -1 -1 label : spot-2 0.12
137 7 766 459 405 105 -1 -1 -1 -1 label : spot-1 0.40
137 8 760 459 469 119 -1 -1 -1 -1 label : spot-2 0.25
138 7 771 460 403 105 -1 -1 -1 -1 label : spot-1 0.40
138 8 761 459 475 121 -1 -1 -1 -1 label : spot-2 0.25
139 7 769 460 410 109 -1 -1 -1 -1 label : spot-2 0.29
139 8 765 459 420 111 -1 -1 -1 -1 label : spot-1 0.26
140 7 766 460 422 112 -1 -1 -1 -1 label : spot-2 0.32
140 8 771 459 381 107 -1 -1 -1 -1 label : spot-1 0.25
141 7 763 459 477 123 -1 -1 -1 -1 label : spot-2 0.41
141 8 766 460 404 104 -1 -1 -1 -1 label : spot-1 0.12
142 7 764 459 494 127 -1 -1 -1 -1 label : spot-2 0.40
142 8 769 460 403 104 -1 -1 -1 -1 label : spot-1 0.14
143 7 767 461 483 124 -1 -1 -1 -1 label : spot-1 0.45
144 7 768 462 479 123 -1 -1 -1 -1 label : spot-1 0.45
145 7 772 461 459 122 -1 -1 -1 -1 label : spot-1 0.50
146 7 772 461 445 119 -1 -1 -1 -1 label : spot-1 0.53
147 7 771 461 454 119 -1 -1 -1 -1 label : spot-2 0.31
147 8 774 461 415 113 -1 -1 -1 -1 label : spot-1 0.25
148 7 772 460 467 121 -1 -1 -1 -1 label : spot-2 0.34
148 8 774 461 417 113 -1 -1 -1 -1 label : spot-1 0.21
149 7 773 461 485 124 -1 -1 -1 -1 label : spot-2 0.47
149 8 771 459 392 101 -1 -1 -1 -1 label : spot-1 0.13
150 7 774 461 490 125 -1 -1 -1 -1 label : spot-2 0.48
150 8 774 459 373 95 -1 -1 -1 -1 label : spot-1 0.14
151 7 773 462 497 126 -1 -1 -1 -1 label : spot-2 0.35
151 8 770 460 408 106 -1 -1 -1 -1 label : spot-1 0.35
152 7 773 462 498 126 -1 -1 -1 -1 label : spot-2 0.37
152 8 768 461 425 110 -1 -1 -1 -1 label : spot-1 0.34
153 7 773 462 503 127 -1 -1 -1 -1 label : spot-2 0.56
154 8 776 461 452 109 -1 -1 -1 -1 label : spot-1 0.56
155 8 783 462 434 105 -1 -1 -1 -1 label : spot-1 0.55
156 8 784 462 428 103 -1 -1 -1 -1 label : spot-1 0.56
157 8 784 464 443 106 -1 -1 -1 -1 label : spot-1 0.56
158 8 784 464 448 107 -1 -1 -1 -1 label : spot-1 0.56
159 8 784 465 465 111 -1 -1 -1 -1 label : spot-1 0.54
160 8 783 466 472 111 -1 -1 -1 -1 label : spot-1 0.55
161 8 793 466 463 121 -1 -1 -1 -1 label : spot-1 0.56
162 8 788 467 475 124 -1 -1 -1 -1 label : spot-1 0.56
163 8 782 467 478 115 -1 -1 -1 -1 label : spot-1 0.53
164 8 788 467 460 110 -1 -1 -1 -1 label : spot-1 0.54
165 8 793 469 450 108 -1 -1 -1 -1 label : spot-1 0.51
166 8 794 469 447 108 -1 -1 -1 -1 label : spot-1 0.50
167 8 803 470 425 109 -1 -1 -1 -1 label : spot-1 0.44
168 8 801 471 429 109 -1 -1 -1 -1 label : spot-1 0.42
169 8 801 472 417 103 -1 -1 -1 -1 label : spot-1 0.30
170 8 802 473 414 101 -1 -1 -1 -1 label : spot-1 0.31
171 8 813 474 358 95 -1 -1 -1 -1 label : spot-1 0.35
172 8 811 474 351 93 -1 -1 -1 -1 label : spot-1 0.36
173 8 813 475 358 95 -1 -1 -1 -1 label : spot-1 0.45
174 8 813 476 362 96 -1 -1 -1 -1 label : spot-1 0.44
175 8 807 478 427 107 -1 -1 -1 -1 label : spot-1 0.47
176 8 809 478 445 113 -1 -1 -1 -1 label : spot-1 0.50
177 8 813 478 447 116 -1 -1 -1 -1 label : spot-1 0.37
178 8 813 478 451 117 -1 -1 -1 -1 label : spot-1 0.36
179 8 817 478 442 114 -1 -1 -1 -1 label : spot-1 0.46
180 8 821 479 435 113 -1 -1 -1 -1 label : spot-1 0.44
181 8 823 482 443 119 -1 -1 -1 -1 label : spot-1 0.47
182 8 822 483 450 122 -1 -1 -1 -1 label : spot-1 0.47
183 8 823 484 452 123 -1 -1 -1 -1 label : spot-1 0.49
184 8 822 484 454 123 -1 -1 -1 -1 label : spot-1 0.49
185 8 827 485 447 120 -1 -1 -1 -1 label : spot-1 0.42
186 8 829 484 443 121 -1 -1 -1 -1 label : spot-1 0.42
187 8 842 487 430 123 -1 -1 -1 -1 label : spot-1 0.13
188 8 843 488 431 125 -1 -1 -1 -1 label : spot-1 0.13
189 8 850 488 421 131 -1 -1 -1 -1 label : spot-1 0.16
190 8 846 488 430 132 -1 -1 -1 -1 label : spot-1 0.17
191 8 839 490 440 125 -1 -1 -1 -1 label : spot-1 0.28
192 8 843 491 435 119 -1 -1 -1 -1 label : spot-1 0.27
193 8 848 492 417 118 -1 -1 -1 -1 label : spot-1 0.33
194 8 848 493 416 118 -1 -1 -1 -1 label : spot-1 0.32
195 8 857 493 404 125 -1 -1 -1 -1 label : spot-1 0.24
196 8 855 493 411 130 -1 -1 -1 -1 label : spot-1 0.25
197 8 855 494 419 133 -1 -1 -1 -1 label : spot-1 0.18
198 8 855 495 422 134 -1 -1 -1 -1 label : spot-1 0.18
199 8 867 497 401 147 -1 -1 -1 -1 label : spot-1 0.22
200 8 862 499 412 151 -1 -1 -1 -1 label : spot-1 0.22
201 8 866 499 407 160 -1 -1 -1 -1 label : spot-1 0.12
202 8 864 499 413 164 -1 -1 -1 -1 label : spot-1 0.11
309 12 985 541 294 178 -1 -1 -1 -1 label : spot-1 0.11
310 12 986 542 293 177 -1 -1 -1 -1 label : spot-1 0.11
