32 8 972 437 66 24 -1 -1 -1 -1 label : spot-1 0.31
41 8 913 436 73 22 -1 -1 -1 -1 label : spot-1 0.31
56 8 807 426 89 25 -1 -1 -1 -1 label : spot-1 0.44
57 8 795 425 93 25 -1 -1 -1 -1 label : spot-1 0.34
61 13 233 436 68 32 -1 -1 -1 -1 label : invalidSpot-entrance 0.38
62 13 221 436 67 37 -1 -1 -1 -1 label : invalidSpot-entrance 0.32
63 8 785 432 87 22 -1 -1 -1 -1 label : invalidSpot-entrance 0.42
63 13 209 438 75 37 -1 -1 -1 -1 label : invalidSpot-entrance 0.32
65 8 778 432 93 25 -1 -1 -1 -1 label : spot-1 0.37
66 8 775 432 98 27 -1 -1 -1 -1 label : spot-1 0.37
67 8 772 432 103 28 -1 -1 -1 -1 label : spot-1 0.37
68 8 770 433 106 28 -1 -1 -1 -1 label : spot-1 0.34
70 8 769 433 107 29 -1 -1 -1 -1 label : spot-1 0.38
71 8 767 433 113 30 -1 -1 -1 -1 label : spot-1 0.37
72 8 769 433 113 29 -1 -1 -1 -1 label : spot-1 0.33
73 8 769 433 116 29 -1 -1 -1 -1 label : spot-1 0.32
74 8 770 434 118 28 -1 -1 -1 -1 label : spot-1 0.30
79 8 773 434 125 30 -1 -1 -1 -1 label : spot-1 0.32
80 8 773 434 132 30 -1 -1 -1 -1 label : spot-1 0.36
81 8 773 434 137 31 -1 -1 -1 -1 label : spot-1 0.35
82 8 777 434 134 33 -1 -1 -1 -1 label : spot-1 0.53
83 8 775 434 143 35 -1 -1 -1 -1 label : spot-1 0.49
84 8 774 435 152 35 -1 -1 -1 -1 label : spot-1 0.45
85 8 774 435 155 34 -1 -1 -1 -1 label : spot-1 0.35
86 8 776 435 158 34 -1 -1 -1 -1 label : spot-1 0.37
87 8 778 435 159 35 -1 -1 -1 -1 label : spot-1 0.34
89 8 782 436 161 37 -1 -1 -1 -1 label : spot-1 0.30
94 8 778 436 198 34 -1 -1 -1 -1 label : spot-1 0.32
116 21 825 440 372 76 -1 -1 -1 -1 label : spot-2 0.52
117 21 829 439 376 87 -1 -1 -1 -1 label : spot-2 0.55
117 22 87 432 276 71 -1 -1 -1 -1 label : spot-2 0.54
118 21 828 440 400 95 -1 -1 -1 -1 label : spot-2 0.52
118 22 73 432 294 72 -1 -1 -1 -1 label : spot-2 0.47
119 21 822 442 432 94 -1 -1 -1 -1 label : spot-2 0.46
119 22 64 432 300 78 -1 -1 -1 -1 label : spot-2 0.46
120 21 827 444 446 97 -1 -1 -1 -1 label : spot-2 0.49
120 22 44 437 311 75 -1 -1 -1 -1 label : spot-2 0.43
121 21 837 447 439 105 -1 -1 -1 -1 label : spot-2 0.34
121 22 31 437 318 81 -1 -1 -1 -1 label : spot-2 0.32
122 21 834 449 445 108 -1 -1 -1 -1 label : spot-2 0.44
122 22 7 439 352 80 -1 -1 -1 -1 label : spot-2 0.35
123 21 834 450 445 113 -1 -1 -1 -1 label : spot-2 0.54
124 22 8 442 327 106 -1 -1 -1 -1 label : spot-2 0.46
125 21 836 451 443 112 -1 -1 -1 -1 label : spot-2 0.59
125 22 0 440 345 108 -1 -1 -1 -1 label : spot-2 0.53
126 21 835 452 444 108 -1 -1 -1 -1 label : spot-2 0.47
126 22 0 443 336 103 -1 -1 -1 -1 label : spot-2 0.45
127 21 835 453 444 111 -1 -1 -1 -1 label : spot-2 0.44
128 21 842 455 437 105 -1 -1 -1 -1 label : spot-2 0.50
128 22 0 444 330 118 -1 -1 -1 -1 label : spot-2 0.42
129 21 848 457 431 101 -1 -1 -1 -1 label : spot-2 0.53
129 22 0 443 335 124 -1 -1 -1 -1 label : spot-2 0.40
130 21 856 456 423 105 -1 -1 -1 -1 label : spot-2 0.47
130 22 0 445 341 114 -1 -1 -1 -1 label : spot-2 0.42
131 21 858 457 421 106 -1 -1 -1 -1 label : spot-2 0.36
136 22 0 449 345 99 -1 -1 -1 -1 label : spot-2 0.39
137 22 0 450 347 100 -1 -1 -1 -1 label : spot-2 0.39
139 22 0 452 316 85 -1 -1 -1 -1 label : spot-2 0.37
140 22 0 455 307 82 -1 -1 -1 -1 label : spot-2 0.47
141 22 0 456 306 80 -1 -1 -1 -1 label : spot-2 0.44
142 22 1 458 300 81 -1 -1 -1 -1 label : spot-2 0.50
143 22 6 460 281 87 -1 -1 -1 -1 label : spot-2 0.51
144 22 0 461 291 89 -1 -1 -1 -1 label : spot-2 0.47
145 22 0 463 291 84 -1 -1 -1 -1 label : spot-2 0.42
146 22 0 465 285 82 -1 -1 -1 -1 label : spot-2 0.47
147 22 0 466 284 78 -1 -1 -1 -1 label : spot-2 0.42
148 22 0 467 281 74 -1 -1 -1 -1 label : spot-2 0.47
149 22 0 467 274 72 -1 -1 -1 -1 label : spot-2 0.58
150 22 3 468 264 76 -1 -1 -1 -1 label : spot-2 0.61
151 22 7 467 252 85 -1 -1 -1 -1 label : spot-2 0.48
152 22 0 468 264 81 -1 -1 -1 -1 label : spot-2 0.46
154 22 0 470 252 71 -1 -1 -1 -1 label : spot-1 0.34
155 22 2 471 235 70 -1 -1 -1 -1 label : spot-1 0.38
156 22 4 473 223 71 -1 -1 -1 -1 label : spot-1 0.32
157 22 0 474 226 71 -1 -1 -1 -1 label : spot-1 0.32
169 30 816 439 119 43 -1 -1 -1 -1 label : spot-1 0.45
170 30 817 439 124 44 -1 -1 -1 -1 label : spot-1 0.40
171 30 818 440 128 45 -1 -1 -1 -1 label : spot-1 0.38
172 30 834 441 117 46 -1 -1 -1 -1 label : spot-1 0.31
173 30 834 442 129 48 -1 -1 -1 -1 label : spot-1 0.42
174 30 836 444 137 47 -1 -1 -1 -1 label : spot-1 0.36
175 30 838 447 142 47 -1 -1 -1 -1 label : spot-1 0.49
176 30 839 449 151 48 -1 -1 -1 -1 label : spot-1 0.51
177 30 842 451 152 51 -1 -1 -1 -1 label : spot-1 0.51
178 30 841 453 162 53 -1 -1 -1 -1 label : spot-1 0.57
179 30 847 454 162 55 -1 -1 -1 -1 label : spot-1 0.58
180 30 851 454 170 59 -1 -1 -1 -1 label : spot-1 0.52
181 30 853 455 181 61 -1 -1 -1 -1 label : spot-1 0.56
182 30 858 455 186 62 -1 -1 -1 -1 label : spot-1 0.60
183 30 866 454 190 65 -1 -1 -1 -1 label : spot-1 0.59
184 30 874 454 196 66 -1 -1 -1 -1 label : spot-1 0.61
185 30 875 455 213 65 -1 -1 -1 -1 label : spot-1 0.63
186 30 884 459 218 63 -1 -1 -1 -1 label : spot-1 0.55
187 30 886 462 234 56 -1 -1 -1 -1 label : spot-1 0.55
188 30 904 464 226 62 -1 -1 -1 -1 label : spot-1 0.59
189 30 913 466 227 70 -1 -1 -1 -1 label : spot-1 0.60
190 30 911 470 254 75 -1 -1 -1 -1 label : spot-1 0.67
191 30 919 473 263 78 -1 -1 -1 -1 label : spot-1 0.58
192 30 931 476 266 83 -1 -1 -1 -1 label : spot-1 0.66
193 30 921 480 302 83 -1 -1 -1 -1 label : spot-1 0.62
194 30 939 482 297 92 -1 -1 -1 -1 label : spot-1 0.67
195 30 934 485 334 94 -1 -1 -1 -1 label : spot-1 0.59
196 30 930 489 349 85 -1 -1 -1 -1 label : spot-1 0.35
197 30 952 493 327 84 -1 -1 -1 -1 label : spot-1 0.46
198 30 1015 498 252 87 -1 -1 -1 -1 label : invalidspot-coloredCurb 0.33
199 30 983 499 296 83 -1 -1 -1 -1 label : invalidspot-coloredCurb 0.44
200 30 1024 502 251 84 -1 -1 -1 -1 label : invalidspot-coloredCurb 0.32
319 32 360 409 64 23 -1 -1 -1 -1 label : invalidspot-coloredCurb 0.40
320 32 352 411 77 25 -1 -1 -1 -1 label : invalidspot-coloredCurb 0.34
328 33 322 414 61 26 -1 -1 -1 -1 label : invalidspot-coloredCurb 0.38
329 33 317 414 64 26 -1 -1 -1 -1 label : invalidspot-coloredCurb 0.38
