74 5 720 388 559 151 -1 -1 -1 -1 label : spot-2 0.49
75 5 728 389 546 151 -1 -1 -1 -1 label : spot-2 0.48
76 5 728 391 546 151 -1 -1 -1 -1 label : spot-2 0.48
77 5 726 394 549 153 -1 -1 -1 -1 label : spot-2 0.49
78 5 727 396 550 150 -1 -1 -1 -1 label : spot-2 0.49
78 6 631 339 129 35 -1 -1 -1 -1 label : spot-2 0.45
81 6 627 339 142 39 -1 -1 -1 -1 label : spot-2 0.47
84 6 631 340 153 40 -1 -1 -1 -1 label : spot-2 0.50
85 6 633 338 158 41 -1 -1 -1 -1 label : spot-2 0.56
86 5 780 399 495 156 -1 -1 -1 -1 label : spot-2 0.58
86 6 637 337 157 41 -1 -1 -1 -1 label : spot-2 0.46
87 5 783 399 496 157 -1 -1 -1 -1 label : spot-2 0.63
87 6 634 334 163 44 -1 -1 -1 -1 label : spot-2 0.49
88 5 788 399 491 156 -1 -1 -1 -1 label : spot-2 0.60
88 6 634 333 167 45 -1 -1 -1 -1 label : spot-2 0.46
89 5 792 400 487 156 -1 -1 -1 -1 label : spot-2 0.59
90 5 797 401 482 147 -1 -1 -1 -1 label : spot-2 0.64
90 6 631 331 182 47 -1 -1 -1 -1 label : spot-2 0.51
91 5 805 403 474 143 -1 -1 -1 -1 label : spot-2 0.59
91 6 630 332 188 48 -1 -1 -1 -1 label : spot-2 0.47
92 5 810 404 469 142 -1 -1 -1 -1 label : spot-2 0.54
93 6 633 334 193 50 -1 -1 -1 -1 label : spot-2 0.51
94 6 644 337 187 50 -1 -1 -1 -1 label : spot-2 0.53
95 6 648 339 190 51 -1 -1 -1 -1 label : spot-2 0.60
96 6 654 341 189 52 -1 -1 -1 -1 label : spot-2 0.60
97 6 654 341 195 54 -1 -1 -1 -1 label : spot-2 0.65
98 6 652 342 205 56 -1 -1 -1 -1 label : spot-2 0.70
99 6 655 343 209 59 -1 -1 -1 -1 label : spot-2 0.67
100 6 657 344 213 60 -1 -1 -1 -1 label : spot-2 0.64
101 6 662 346 218 61 -1 -1 -1 -1 label : spot-2 0.64
102 6 660 346 230 63 -1 -1 -1 -1 label : spot-2 0.63
103 6 661 346 236 66 -1 -1 -1 -1 label : spot-2 0.63
104 6 659 345 244 69 -1 -1 -1 -1 label : spot-2 0.61
105 6 655 344 255 72 -1 -1 -1 -1 label : spot-2 0.60
106 6 656 344 261 74 -1 -1 -1 -1 label : spot-2 0.57
107 6 655 343 270 77 -1 -1 -1 -1 label : spot-2 0.55
108 6 663 343 274 80 -1 -1 -1 -1 label : spot-2 0.54
109 6 663 343 287 82 -1 -1 -1 -1 label : spot-2 0.54
110 6 664 345 304 85 -1 -1 -1 -1 label : spot-2 0.48
111 6 668 345 314 89 -1 -1 -1 -1 label : spot-2 0.53
112 6 663 346 335 91 -1 -1 -1 -1 label : spot-2 0.52
113 6 665 346 345 95 -1 -1 -1 -1 label : spot-2 0.46
155 13 716 370 563 159 -1 -1 -1 -1 label : spot-2 0.61
156 13 717 371 562 159 -1 -1 -1 -1 label : spot-2 0.57
157 13 715 372 564 158 -1 -1 -1 -1 label : spot-2 0.56
158 13 719 373 560 158 -1 -1 -1 -1 label : spot-2 0.54
159 13 723 374 555 159 -1 -1 -1 -1 label : spot-2 0.46
160 13 728 377 551 158 -1 -1 -1 -1 label : spot-2 0.49
162 13 737 380 539 163 -1 -1 -1 -1 label : spot-2 0.48
163 13 741 383 537 163 -1 -1 -1 -1 label : spot-2 0.45
165 13 740 385 539 147 -1 -1 -1 -1 label : spot-2 0.48
166 13 768 386 503 153 -1 -1 -1 -1 label : spot-2 0.51
167 13 768 388 508 157 -1 -1 -1 -1 label : spot-2 0.47
169 13 771 390 506 161 -1 -1 -1 -1 label : spot-2 0.45
170 13 772 393 507 160 -1 -1 -1 -1 label : spot-2 0.46
171 13 771 395 508 158 -1 -1 -1 -1 label : spot-2 0.50
230 14 723 369 246 76 -1 -1 -1 -1 label : spot-2 0.51
231 14 720 369 275 84 -1 -1 -1 -1 label : spot-2 0.55
232 14 722 370 304 92 -1 -1 -1 -1 label : spot-2 0.52
234 14 729 371 349 108 -1 -1 -1 -1 label : spot-2 0.50
235 14 739 376 396 116 -1 -1 -1 -1 label : spot-2 0.48
236 14 734 378 445 127 -1 -1 -1 -1 label : spot-2 0.53
237 14 732 380 497 137 -1 -1 -1 -1 label : spot-2 0.53
238 14 770 385 489 159 -1 -1 -1 -1 label : spot-2 0.50
239 14 796 388 483 164 -1 -1 -1 -1 label : spot-2 0.51
271 18 1089 352 44 92 -1 -1 -1 -1 label : fireHydrant 0.57
272 18 1108 354 50 95 -1 -1 -1 -1 label : fireHydrant 0.59
