16 1 810 529 469 109 -1 -1 -1 -1 label : spot-2 0.38
17 1 813 529 466 111 -1 -1 -1 -1 label : spot-2 0.39
20 1 815 534 464 110 -1 -1 -1 -1 label : spot-2 0.33
21 1 819 536 457 116 -1 -1 -1 -1 label : spot-2 0.41
22 1 815 534 461 122 -1 -1 -1 -1 label : spot-2 0.47
23 1 820 534 451 131 -1 -1 -1 -1 label : spot-2 0.45
24 1 812 536 467 133 -1 -1 -1 -1 label : spot-2 0.44
25 1 811 537 468 130 -1 -1 -1 -1 label : spot-2 0.44
26 1 816 538 460 136 -1 -1 -1 -1 label : spot-2 0.40
27 1 815 539 464 133 -1 -1 -1 -1 label : spot-2 0.53
28 1 818 540 461 129 -1 -1 -1 -1 label : spot-2 0.55
29 1 828 540 448 132 -1 -1 -1 -1 label : spot-2 0.59
30 1 823 540 456 128 -1 -1 -1 -1 label : spot-2 0.38
31 1 833 539 442 131 -1 -1 -1 -1 label : spot-2 0.45
32 1 830 537 449 132 -1 -1 -1 -1 label : spot-2 0.52
33 1 832 536 447 131 -1 -1 -1 -1 label : spot-2 0.50
34 1 836 534 443 132 -1 -1 -1 -1 label : spot-2 0.50
35 1 836 533 443 129 -1 -1 -1 -1 label : spot-2 0.55
36 1 839 531 440 123 -1 -1 -1 -1 label : spot-2 0.42
38 1 855 530 424 121 -1 -1 -1 -1 label : spot-2 0.35
39 1 850 528 429 113 -1 -1 -1 -1 label : spot-0.35
40 1 858 528 421 109 -1 -1 -1 -1 label : spot-0.36
41 1 856 527 423 109 -1 -1 -1 -1 label : spot-0.46
42 1 844 527 427 95 -1 -1 -1 -1 label : spot-0.33
43 1 867 526 401 102 -1 -1 -1 -1 label : spot-0.40
44 1 877 524 397 100 -1 -1 -1 -1 label : spot-0.37
45 1 888 525 386 102 -1 -1 -1 -1 label : spot-0.45
46 1 881 522 397 105 -1 -1 -1 -1 label : spot-0.54
47 1 880 517 399 101 -1 -1 -1 -1 label : spot-0.45
48 1 889 514 387 105 -1 -1 -1 -1 label : spot-0.54
49 1 890 513 389 105 -1 -1 -1 -1 label : spot-0.60
50 1 895 510 383 106 -1 -1 -1 -1 label : spot-0.48
51 1 897 509 382 106 -1 -1 -1 -1 label : spot-0.53
52 1 904 508 375 103 -1 -1 -1 -1 label : spot-0.42
53 1 913 507 363 107 -1 -1 -1 -1 label : spot-0.55
54 1 920 504 359 106 -1 -1 -1 -1 label : spot-0.44
55 1 921 505 358 105 -1 -1 -1 -1 label : spot-0.54
56 1 932 505 345 107 -1 -1 -1 -1 label : spot-0.44
57 1 934 508 344 110 -1 -1 -1 -1 label : spot-0.50
58 1 940 509 338 112 -1 -1 -1 -1 label : spot-0.43
60 1 951 515 327 110 -1 -1 -1 -1 label : spot-0.36
95 10 899 498 308 132 -1 -1 -1 -1 label : spot-1 0.42
97 10 919 510 343 153 -1 -1 -1 -1 label : spot-1 0.42
136 13 867 462 157 70 -1 -1 -1 -1 label : spot-1 0.61
137 13 867 463 170 76 -1 -1 -1 -1 label : spot-1 0.62
138 13 870 464 184 83 -1 -1 -1 -1 label : spot-1 0.66
139 13 870 467 200 83 -1 -1 -1 -1 label : spot-1 0.64
140 13 874 468 202 88 -1 -1 -1 -1 label : spot-1 0.66
141 13 872 470 223 79 -1 -1 -1 -1 label : spot-1 0.57
142 13 886 472 218 77 -1 -1 -1 -1 label : spot-1 0.64
143 13 884 474 243 77 -1 -1 -1 -1 label : spot-1 0.63
144 13 886 478 260 72 -1 -1 -1 -1 label : spot-1 0.52
145 13 896 478 253 76 -1 -1 -1 -1 label : spot-1 0.61
146 13 897 479 279 84 -1 -1 -1 -1 label : spot-1 0.67
147 13 904 481 304 88 -1 -1 -1 -1 label : spot-1 0.55
148 13 910 483 321 93 -1 -1 -1 -1 label : spot-1 0.62
149 13 919 487 346 103 -1 -1 -1 -1 label : spot-1 0.32
150 13 925 489 352 107 -1 -1 -1 -1 label : spot-1 0.53
151 13 925 491 354 110 -1 -1 -1 -1 label : spot-1 0.52
152 13 929 493 350 114 -1 -1 -1 -1 label : spot-1 0.52
153 13 928 494 351 113 -1 -1 -1 -1 label : spot-1 0.55
154 13 938 494 341 114 -1 -1 -1 -1 label : spot-1 0.57
155 13 943 497 336 113 -1 -1 -1 -1 label : spot-1 0.54
156 13 949 500 330 111 -1 -1 -1 -1 label : spot-1 0.54
157 13 959 504 320 107 -1 -1 -1 -1 label : spot-1 0.54
158 13 976 505 299 115 -1 -1 -1 -1 label : spot-1 0.48
159 13 981 510 298 112 -1 -1 -1 -1 label : spot-1 0.54
160 13 1007 513 272 111 -1 -1 -1 -1 label : spot-1 0.42
161 13 1012 514 267 117 -1 -1 -1 -1 label : spot-1 0.34
162 13 1020 519 259 117 -1 -1 -1 -1 label : spot-1 0.37
163 13 1050 524 223 129 -1 -1 -1 -1 label : spot-1 0.34
165 13 1056 529 223 128 -1 -1 -1 -1 label : spot-1 0.31
205 15 872 478 252 62 -1 -1 -1 -1 label : spot-1 0.30
206 15 875 479 257 64 -1 -1 -1 -1 label : spot-1 0.41
209 15 888 495 350 86 -1 -1 -1 -1 label : spot-1 0.34
210 15 893 499 371 91 -1 -1 -1 -1 label : spot-1 0.46
211 15 904 499 368 109 -1 -1 -1 -1 label : spot-1 0.38
212 15 920 501 357 118 -1 -1 -1 -1 label : spot-1 0.44
213 15 910 501 369 122 -1 -1 -1 -1 label : spot-1 0.34
214 15 915 504 364 129 -1 -1 -1 -1 label : spot-1 0.32
215 15 927 505 352 116 -1 -1 -1 -1 label : spot-1 0.36
219 15 968 516 311 110 -1 -1 -1 -1 label : spot-1 0.31
262 20 892 467 188 82 -1 -1 -1 -1 label : spot-1 0.44
263 20 901 468 200 78 -1 -1 -1 -1 label : spot-1 0.42
264 20 901 469 228 82 -1 -1 -1 -1 label : spot-1 0.53
265 20 898 471 257 77 -1 -1 -1 -1 label : spot-1 0.47
266 20 911 477 299 97 -1 -1 -1 -1 label : spot-1 0.39
267 20 915 483 342 103 -1 -1 -1 -1 label : spot-1 0.45
268 20 924 489 353 107 -1 -1 -1 -1 label : spot-1 0.39
269 20 925 492 354 113 -1 -1 -1 -1 label : spot-1 0.54
270 20 934 495 345 116 -1 -1 -1 -1 label : spot-1 0.57
271 20 947 498 332 119 -1 -1 -1 -1 label : spot-1 0.58
272 20 958 499 321 122 -1 -1 -1 -1 label : spot-1 0.50
273 20 966 502 313 120 -1 -1 -1 -1 label : spot-1 0.44
274 20 998 509 279 126 -1 -1 -1 -1 label : spot-1 0.40
275 20 1006 514 273 127 -1 -1 -1 -1 label : spot-1 0.43
277 20 1027 517 252 124 -1 -1 -1 -1 label : spot-1 0.36
332 21 845 459 225 101 -1 -1 -1 -1 label : spot-1 0.52
333 21 848 464 241 101 -1 -1 -1 -1 label : spot-1 0.57
334 21 851 470 251 90 -1 -1 -1 -1 label : spot-1 0.39
335 21 858 474 251 83 -1 -1 -1 -1 label : spot-1 0.31
338 21 868 484 273 78 -1 -1 -1 -1 label : spot-1 0.44
339 21 870 490 369 100 -1 -1 -1 -1 label : spot-1 0.37
341 21 895 495 281 96 -1 -1 -1 -1 label : spot-1 0.35
343 21 891 499 358 105 -1 -1 -1 -1 label : spot-1 0.40
344 21 903 502 351 104 -1 -1 -1 -1 label : spot-1 0.33
345 21 914 504 353 112 -1 -1 -1 -1 label : spot-1 0.45
346 21 920 507 359 114 -1 -1 -1 -1 label : spot-1 0.45
347 21 929 509 350 113 -1 -1 -1 -1 label : spot-1 0.47
348 21 939 509 340 114 -1 -1 -1 -1 label : spot-1 0.35
349 21 944 512 335 118 -1 -1 -1 -1 label : spot-1 0.34
