14 1 656 425 381 64 -1 -1 -1 -1 label : spot-2 0.48
39 5 689 430 587 185 -1 -1 -1 -1 label : spot-2 0.51
41 5 693 424 584 179 -1 -1 -1 -1 label : spot-2 0.46
42 5 699 420 575 179 -1 -1 -1 -1 label : spot-2 0.51
45 5 706 413 571 178 -1 -1 -1 -1 label : spot-2 0.46
46 5 712 409 567 177 -1 -1 -1 -1 label : spot-2 0.47
47 5 714 407 565 174 -1 -1 -1 -1 label : spot-2 0.53
48 5 719 405 559 173 -1 -1 -1 -1 label : spot-2 0.46
49 5 722 406 555 172 -1 -1 -1 -1 label : spot-2 0.49
53 5 733 411 546 165 -1 -1 -1 -1 label : spot-1 0.59
54 5 741 416 538 157 -1 -1 -1 -1 label : spot-1 0.45
55 5 753 420 523 151 -1 -1 -1 -1 label : spot-1 0.61
56 5 764 424 510 148 -1 -1 -1 -1 label : spot-1 0.58
57 5 769 427 507 148 -1 -1 -1 -1 label : spot-1 0.68
58 5 775 429 503 145 -1 -1 -1 -1 label : spot-1 0.69
59 5 784 430 492 144 -1 -1 -1 -1 label : spot-1 0.70
60 5 792 432 486 143 -1 -1 -1 -1 label : spot-1 0.75
61 5 802 436 476 141 -1 -1 -1 -1 label : spot-1 0.74
62 5 808 439 471 137 -1 -1 -1 -1 label : spot-1 0.73
63 5 822 441 456 136 -1 -1 -1 -1 label : spot-1 0.67
64 5 840 443 435 137 -1 -1 -1 -1 label : spot-1 0.61
116 7 746 403 288 70 -1 -1 -1 -1 label : invalidSpot-entrance 0.67
117 7 749 406 327 80 -1 -1 -1 -1 label : invalidSpot-entrance 0.72
118 7 756 409 364 93 -1 -1 -1 -1 label : invalidSpot-entrance 0.72
119 7 759 412 416 107 -1 -1 -1 -1 label : invalidSpot-entrance 0.76
120 7 759 417 481 121 -1 -1 -1 -1 label : invalidSpot-entrance 0.68
121 7 785 424 485 135 -1 -1 -1 -1 label : invalidSpot-entrance 0.64
122 7 790 428 489 138 -1 -1 -1 -1 label : invalidSpot-entrance 0.67
123 7 793 431 486 138 -1 -1 -1 -1 label : invalidSpot-entrance 0.70
124 7 803 436 476 134 -1 -1 -1 -1 label : invalidSpot-entrance 0.69
125 7 832 441 447 133 -1 -1 -1 -1 label : invalidSpot-entrance 0.65
126 7 828 445 451 130 -1 -1 -1 -1 label : invalidSpot-entrance 0.65
127 7 846 452 433 122 -1 -1 -1 -1 label : invalidSpot-entrance 0.58
128 7 868 462 411 111 -1 -1 -1 -1 label : invalidSpot-entrance 0.45
153 8 693 365 135 64 -1 -1 -1 -1 label : spot-1 0.56
154 8 702 365 137 72 -1 -1 -1 -1 label : spot-1 0.57
155 8 701 366 152 75 -1 -1 -1 -1 label : spot-1 0.64
156 8 705 367 161 80 -1 -1 -1 -1 label : spot-1 0.65
157 8 703 369 180 81 -1 -1 -1 -1 label : spot-1 0.60
158 8 709 371 186 88 -1 -1 -1 -1 label : spot-1 0.57
159 8 712 374 203 85 -1 -1 -1 -1 label : spot-1 0.54
160 8 699 377 251 70 -1 -1 -1 -1 label : spot-1 0.52
163 8 719 384 274 71 -1 -1 -1 -1 label : spot-1 0.57
164 8 734 388 292 76 -1 -1 -1 -1 label : spot-1 0.55
165 8 744 391 319 93 -1 -1 -1 -1 label : spot-1 0.50
169 10 775 400 490 157 -1 -1 -1 -1 label : spot-2 0.46
170 10 769 401 510 160 -1 -1 -1 -1 label : spot-2 0.56
171 10 777 403 502 162 -1 -1 -1 -1 label : spot-2 0.54
172 10 788 408 491 153 -1 -1 -1 -1 label : spot-2 0.46
173 10 789 412 490 149 -1 -1 -1 -1 label : spot-1 0.45
175 10 802 416 477 148 -1 -1 -1 -1 label : spot-1 0.65
176 10 808 419 471 145 -1 -1 -1 -1 label : spot-1 0.67
177 10 819 422 460 143 -1 -1 -1 -1 label : spot-1 0.75
178 10 830 425 449 140 -1 -1 -1 -1 label : spot-1 0.75
179 10 844 428 435 138 -1 -1 -1 -1 label : spot-1 0.69
180 10 855 435 424 133 -1 -1 -1 -1 label : spot-1 0.70
181 10 874 442 405 129 -1 -1 -1 -1 label : spot-1 0.64
182 10 891 447 388 126 -1 -1 -1 -1 label : spot-1 0.63
183 10 912 451 366 124 -1 -1 -1 -1 label : spot-1 0.46
206 10 774 390 226 102 -1 -1 -1 -1 label : spot-1 0.47
216 10 773 410 332 69 -1 -1 -1 -1 label : spot-1 0.47
217 10 793 414 337 74 -1 -1 -1 -1 label : spot-1 0.57
218 10 810 420 337 79 -1 -1 -1 -1 label : spot-1 0.61
219 10 820 424 349 84 -1 -1 -1 -1 label : spot-1 0.62
220 10 832 430 380 89 -1 -1 -1 -1 label : spot-1 0.58
221 10 857 435 389 110 -1 -1 -1 -1 label : spot-1 0.71
222 10 866 440 404 117 -1 -1 -1 -1 label : spot-1 0.69
223 10 879 445 400 118 -1 -1 -1 -1 label : spot-1 0.66
224 10 896 450 383 118 -1 -1 -1 -1 label : spot-1 0.60
276 17 867 430 409 118 -1 -1 -1 -1 label : spot-1 0.60
277 17 887 437 389 118 -1 -1 -1 -1 label : spot-1 0.56
278 17 901 443 376 120 -1 -1 -1 -1 label : spot-1 0.53
279 17 920 447 357 122 -1 -1 -1 -1 label : spot-1 0.47
