12 2 739 389 231 62 -1 -1 -1 -1 label : spot-1 0.49
13 2 745 392 273 67 -1 -1 -1 -1 label : spot-1 0.62
14 2 755 395 306 80 -1 -1 -1 -1 label : spot-1 0.42
15 2 761 399 338 87 -1 -1 -1 -1 label : spot-1 0.33
19 3 786 415 493 160 -1 -1 -1 -1 label : spot-2 0.55
20 3 795 420 484 161 -1 -1 -1 -1 label : spot-2 0.56
21 3 802 422 477 162 -1 -1 -1 -1 label : spot-2 0.58
22 3 807 424 472 156 -1 -1 -1 -1 label : spot-2 0.54
23 3 812 425 467 152 -1 -1 -1 -1 label : spot-1 0.35
24 3 834 427 444 153 -1 -1 -1 -1 label : spot-2 0.41
25 3 854 431 424 151 -1 -1 -1 -1 label : spot-2 0.34
26 3 857 433 422 148 -1 -1 -1 -1 label : spot-1 0.43
27 3 866 435 413 150 -1 -1 -1 -1 label : spot-1 0.58
28 3 878 439 401 151 -1 -1 -1 -1 label : spot-1 0.61
29 3 901 443 377 149 -1 -1 -1 -1 label : spot-1 0.63
30 3 907 449 372 144 -1 -1 -1 -1 label : spot-1 0.62
31 3 924 459 355 134 -1 -1 -1 -1 label : spot-1 0.53
32 3 946 468 332 134 -1 -1 -1 -1 label : spot-1 0.40
33 3 984 477 291 129 -1 -1 -1 -1 label : spot-1 0.38
203 7 817 350 13 28 -1 -1 -1 -1 label : fireHydrant 0.48
204 7 820 351 13 28 -1 -1 -1 -1 label : fireHydrant 0.56
205 7 822 353 14 28 -1 -1 -1 -1 label : fireHydrant 0.60
206 7 825 354 14 29 -1 -1 -1 -1 label : fireHydrant 0.63
207 7 828 356 14 29 -1 -1 -1 -1 label : fireHydrant 0.58
208 7 832 357 14 30 -1 -1 -1 -1 label : fireHydrant 0.62
209 7 835 358 14 30 -1 -1 -1 -1 label : fireHydrant 0.59
210 7 838 359 14 31 -1 -1 -1 -1 label : fireHydrant 0.56
211 7 841 359 15 32 -1 -1 -1 -1 label : fireHydrant 0.55
212 7 845 360 15 32 -1 -1 -1 -1 label : fireHydrant 0.61
