235 1 982 414 109 55 -1 -1 -1 -1 label : spot-0.49
236 1 985 413 110 57 -1 -1 -1 -1 label : spot-0.49
237 1 966 416 144 54 -1 -1 -1 -1 label : spot-0.45
238 1 965 416 143 54 -1 -1 -1 -1 label : spot-0.46
239 1 951 419 172 51 -1 -1 -1 -1 label : spot-0.43
240 1 952 420 170 51 -1 -1 -1 -1 label : spot-0.43
241 1 953 420 177 53 -1 -1 -1 -1 label : spot-0.48
242 1 953 421 179 53 -1 -1 -1 -1 label : spot-0.49
243 1 1006 417 124 55 -1 -1 -1 -1 label : spot-0.48
244 1 1014 416 126 56 -1 -1 -1 -1 label : spot-0.49
245 1 1022 416 130 56 -1 -1 -1 -1 label : spot-0.46
246 1 1025 416 130 56 -1 -1 -1 -1 label : spot-0.46
249 1 1039 417 136 57 -1 -1 -1 -1 label : spot-0.47
250 1 1044 417 138 58 -1 -1 -1 -1 label : spot-0.47
251 1 1048 418 146 60 -1 -1 -1 -1 label : spot-0.53
252 1 1050 418 148 61 -1 -1 -1 -1 label : spot-0.54
253 1 1044 420 170 61 -1 -1 -1 -1 label : spot-0.53
254 1 1046 420 169 62 -1 -1 -1 -1 label : spot-0.53
255 1 1046 421 182 64 -1 -1 -1 -1 label : spot-0.52
256 1 1052 422 179 64 -1 -1 -1 -1 label : spot-0.53
257 1 1057 422 189 65 -1 -1 -1 -1 label : spot-0.54
258 1 1059 423 192 64 -1 -1 -1 -1 label : spot-0.54
259 1 1047 426 227 60 -1 -1 -1 -1 label : spot-0.47
260 1 1053 427 220 58 -1 -1 -1 -1 label : spot-0.47
303 2 854 404 178 40 -1 -1 -1 -1 label : spot-0.50
304 2 856 403 177 40 -1 -1 -1 -1 label : spot-0.50
310 2 871 406 180 40 -1 -1 -1 -1 label : spot-0.42
311 2 872 407 192 41 -1 -1 -1 -1 label : spot-0.49
312 2 874 408 194 41 -1 -1 -1 -1 label : spot-0.49
313 2 875 408 200 41 -1 -1 -1 -1 label : spot-0.48
314 2 875 408 202 42 -1 -1 -1 -1 label : spot-0.47
315 2 876 408 208 43 -1 -1 -1 -1 label : spot-0.48
316 2 876 409 210 43 -1 -1 -1 -1 label : spot-0.48
317 2 872 408 222 44 -1 -1 -1 -1 label : spot-0.47
318 2 871 408 225 45 -1 -1 -1 -1 label : spot-0.48
319 2 891 409 213 46 -1 -1 -1 -1 label : spot-0.44
319 3 48 468 105 58 -1 -1 -1 -1 label : invalidSpot-entrance 0.44
320 2 897 409 212 47 -1 -1 -1 -1 label : spot-0.44
320 3 43 469 107 59 -1 -1 -1 -1 label : invalidSpot-entrance 0.44
321 2 895 410 226 45 -1 -1 -1 -1 label : spot-0.61
321 3 26 469 119 61 -1 -1 -1 -1 label : invalidSpot-entrance 0.46
322 2 899 411 222 44 -1 -1 -1 -1 label : spot-0.60
322 3 23 470 120 61 -1 -1 -1 -1 label : invalidSpot-entrance 0.46
323 2 887 412 248 43 -1 -1 -1 -1 label : spot-0.61
324 2 889 413 244 42 -1 -1 -1 -1 label : spot-0.61
325 2 898 413 242 43 -1 -1 -1 -1 label : spot-0.55
326 2 900 413 244 44 -1 -1 -1 -1 label : spot-0.55
327 2 900 412 258 47 -1 -1 -1 -1 label : spot-0.56
328 2 900 412 263 47 -1 -1 -1 -1 label : spot-0.56
329 2 902 412 274 49 -1 -1 -1 -1 label : spot-0.64
330 2 902 413 278 49 -1 -1 -1 -1 label : spot-0.63
331 2 905 413 281 49 -1 -1 -1 -1 label : spot-0.61
332 2 905 413 284 50 -1 -1 -1 -1 label : spot-0.63
333 2 909 413 287 54 -1 -1 -1 -1 label : spot-0.58
334 2 908 414 293 54 -1 -1 -1 -1 label : spot-0.57
335 2 907 414 312 54 -1 -1 -1 -1 label : spot-0.58
336 2 912 415 308 54 -1 -1 -1 -1 label : spot-0.59
337 2 919 415 312 55 -1 -1 -1 -1 label : spot-0.60
338 2 921 415 315 56 -1 -1 -1 -1 label : spot-0.60
339 2 911 415 341 57 -1 -1 -1 -1 label : spot-0.58
340 2 912 415 342 57 -1 -1 -1 -1 label : spot-0.58
341 2 962 415 295 62 -1 -1 -1 -1 label : spot-0.45
342 2 968 416 304 63 -1 -1 -1 -1 label : spot-0.45
343 2 979 416 296 65 -1 -1 -1 -1 label : spot-0.55
344 2 979 416 300 66 -1 -1 -1 -1 label : spot-0.56
345 2 968 416 311 65 -1 -1 -1 -1 label : spot-0.54
346 2 970 416 309 66 -1 -1 -1 -1 label : spot-0.54
347 2 953 417 326 65 -1 -1 -1 -1 label : spot-0.52
348 2 952 418 327 64 -1 -1 -1 -1 label : spot-0.52
349 2 964 418 312 65 -1 -1 -1 -1 label : spot-0.55
350 2 965 418 313 66 -1 -1 -1 -1 label : spot-0.56
351 2 983 418 290 67 -1 -1 -1 -1 label : spot-0.56
352 2 985 418 291 68 -1 -1 -1 -1 label : spot-0.55
353 2 994 418 278 72 -1 -1 -1 -1 label : spot-0.59
354 2 992 419 284 74 -1 -1 -1 -1 label : spot-0.60
355 2 995 419 282 75 -1 -1 -1 -1 label : spot-0.58
356 2 996 419 283 77 -1 -1 -1 -1 label : spot-0.57
357 2 987 419 292 77 -1 -1 -1 -1 label : spot-0.55
358 2 982 419 297 76 -1 -1 -1 -1 label : spot-0.55
359 2 1009 421 268 74 -1 -1 -1 -1 label : spot-0.51
360 2 1014 421 265 73 -1 -1 -1 -1 label : spot-0.51
363 2 1029 426 246 75 -1 -1 -1 -1 label : spot-0.55
364 2 1030 427 248 76 -1 -1 -1 -1 label : spot-0.56
365 2 1021 430 258 77 -1 -1 -1 -1 label : spot-0.59
366 2 1026 431 252 78 -1 -1 -1 -1 label : spot-0.59
367 2 1038 430 241 73 -1 -1 -1 -1 label : spot-0.56
368 2 1044 430 235 71 -1 -1 -1 -1 label : spot-0.55
369 2 1057 432 221 72 -1 -1 -1 -1 label : spot-0.59
370 2 1058 432 221 72 -1 -1 -1 -1 label : spot-0.59
371 2 1066 435 211 73 -1 -1 -1 -1 label : spot-0.49
372 2 1066 437 213 73 -1 -1 -1 -1 label : spot-0.50
373 2 1074 440 203 75 -1 -1 -1 -1 label : spot-0.50
374 2 1074 441 205 76 -1 -1 -1 -1 label : spot-0.50
375 2 1084 442 192 80 -1 -1 -1 -1 label : spot-0.55
376 2 1084 442 195 82 -1 -1 -1 -1 label : spot-0.55
377 2 1086 442 193 81 -1 -1 -1 -1 label : spot-0.53
378 2 1087 442 192 81 -1 -1 -1 -1 label : spot-0.53
379 2 1088 445 191 73 -1 -1 -1 -1 label : spot-0.42
437 4 270 435 142 26 -1 -1 -1 -1 label : invalidSpot-entrance 0.43
438 4 268 436 142 26 -1 -1 -1 -1 label : invalidSpot-entrance 0.43
439 4 262 436 147 29 -1 -1 -1 -1 label : invalidSpot-entrance 0.53
440 4 259 437 151 29 -1 -1 -1 -1 label : invalidSpot-entrance 0.52
441 4 250 440 146 30 -1 -1 -1 -1 label : invalidSpot-entrance 0.48
442 4 245 441 148 31 -1 -1 -1 -1 label : invalidSpot-entrance 0.48
443 4 240 443 148 30 -1 -1 -1 -1 label : invalidSpot-entrance 0.52
444 4 239 443 148 30 -1 -1 -1 -1 label : invalidSpot-entrance 0.52
445 4 226 444 169 31 -1 -1 -1 -1 label : invalidSpot-entrance 0.50
446 4 225 444 170 31 -1 -1 -1 -1 label : invalidSpot-entrance 0.50
447 4 219 447 168 33 -1 -1 -1 -1 label : invalidSpot-entrance 0.47
448 4 215 448 172 34 -1 -1 -1 -1 label : invalidSpot-entrance 0.47
519 5 989 413 289 81 -1 -1 -1 -1 label : invalidspot-coloredCurb 0.43
520 5 992 414 286 81 -1 -1 -1 -1 label : invalidspot-coloredCurb 0.43
533 6 1064 418 215 89 -1 -1 -1 -1 label : invalidspot-coloredCurb 0.50
534 6 1062 417 216 89 -1 -1 -1 -1 label : invalidspot-coloredCurb 0.50
535 6 1071 415 203 97 -1 -1 -1 -1 label : invalidspot-coloredCurb 0.48
536 6 1069 414 209 100 -1 -1 -1 -1 label : invalidspot-coloredCurb 0.48
537 6 1066 413 213 102 -1 -1 -1 -1 label : invalidspot-coloredCurb 0.46
538 6 1065 413 214 102 -1 -1 -1 -1 label : invalidspot-coloredCurb 0.46
