36 8 490 344 729 125 -1 -1 -1 -1 label : spot-2 0.14
37 8 501 343 747 133 -1 -1 -1 -1 label : spot-2 0.20
38 8 503 343 748 130 -1 -1 -1 -1 label : spot-2 0.11
39 8 518 343 726 132 -1 -1 -1 -1 label : spot-2 0.18
40 8 503 341 760 144 -1 -1 -1 -1 label : spot-2 0.15
42 8 467 342 810 135 -1 -1 -1 -1 label : spot-2 0.13
43 8 545 352 717 142 -1 -1 -1 -1 label : spot-2 0.16
44 8 576 361 703 132 -1 -1 -1 -1 label : spot-2 0.16
45 8 571 360 708 127 -1 -1 -1 -1 label : spot-2 0.12
46 8 571 358 708 122 -1 -1 -1 -1 label : spot-2 0.14
138 16 766 340 510 109 -1 -1 -1 -1 label : spot-2 0.29
139 16 770 337 503 119 -1 -1 -1 -1 label : spot-2 0.14
140 16 759 337 520 120 -1 -1 -1 -1 label : spot-2 0.16
141 16 756 336 523 116 -1 -1 -1 -1 label : spot-2 0.14
142 16 770 340 509 108 -1 -1 -1 -1 label : spot-2 0.14
143 16 772 340 505 112 -1 -1 -1 -1 label : spot-2 0.12
144 16 778 339 499 116 -1 -1 -1 -1 label : spot-2 0.16
145 16 782 339 497 116 -1 -1 -1 -1 label : spot-2 0.13
