4 1 905 483 362 68 -1 -1 -1 -1 label : spot-2 0.12
5 1 913 483 362 74 -1 -1 -1 -1 label : spot-2 0.24
6 1 910 483 369 76 -1 -1 -1 -1 label : spot-2 0.24
7 1 908 483 371 77 -1 -1 -1 -1 label : spot-2 0.16
8 1 907 483 372 78 -1 -1 -1 -1 label : spot-2 0.15
9 1 921 481 352 88 -1 -1 -1 -1 label : spot-2 0.29
10 1 914 481 365 91 -1 -1 -1 -1 label : spot-2 0.27
13 1 912 480 367 94 -1 -1 -1 -1 label : spot-2 0.31
14 1 910 480 369 95 -1 -1 -1 -1 label : spot-2 0.30
15 1 906 482 373 82 -1 -1 -1 -1 label : spot-2 0.14
16 1 914 482 365 78 -1 -1 -1 -1 label : spot-2 0.12
17 1 920 482 359 80 -1 -1 -1 -1 label : spot-2 0.11
21 1 925 484 280 63 -1 -1 -1 -1 label : spot-2 0.12
22 1 926 484 273 61 -1 -1 -1 -1 label : spot-2 0.13
23 1 930 486 274 57 -1 -1 -1 -1 label : spot-2 0.19
24 1 933 486 266 56 -1 -1 -1 -1 label : spot-2 0.19
25 1 915 484 304 61 -1 -1 -1 -1 label : spot-2 0.13
26 1 911 483 316 63 -1 -1 -1 -1 label : spot-2 0.13
27 1 910 483 317 63 -1 -1 -1 -1 label : spot-2 0.12
41 1 946 464 142 41 -1 -1 -1 -1 label : spot-0.11
42 1 943 462 138 39 -1 -1 -1 -1 label : spot-0.10
51 5 927 482 344 68 -1 -1 -1 -1 label : spot-2 0.10
52 5 928 483 344 66 -1 -1 -1 -1 label : spot-2 0.11
55 5 964 482 298 79 -1 -1 -1 -1 label : spot-2 0.14
56 5 962 482 312 83 -1 -1 -1 -1 label : spot-2 0.13
57 5 927 479 352 80 -1 -1 -1 -1 label : spot-2 0.16
58 5 952 478 321 86 -1 -1 -1 -1 label : spot-2 0.16
59 5 971 475 308 81 -1 -1 -1 -1 label : spot-2 0.16
60 5 981 474 298 78 -1 -1 -1 -1 label : spot-2 0.16
61 5 975 469 298 91 -1 -1 -1 -1 label : spot-2 0.15
62 5 964 468 315 95 -1 -1 -1 -1 label : spot-2 0.14
63 5 980 466 299 91 -1 -1 -1 -1 label : spot-2 0.15
64 5 987 466 292 90 -1 -1 -1 -1 label : spot-2 0.16
65 5 986 464 293 91 -1 -1 -1 -1 label : spot-2 0.11
66 5 986 463 293 90 -1 -1 -1 -1 label : spot-2 0.12
67 5 1001 466 276 89 -1 -1 -1 -1 label : spot-2 0.11
71 1 978 463 190 47 -1 -1 -1 -1 label : spot-0.10
71 5 977 466 302 78 -1 -1 -1 -1 label : spot-2 0.10
72 1 980 463 190 47 -1 -1 -1 -1 label : spot-0.11
73 1 1005 468 170 52 -1 -1 -1 -1 label : spot-0.22
74 1 1008 470 178 54 -1 -1 -1 -1 label : spot-0.20
75 1 999 472 199 53 -1 -1 -1 -1 label : spot-0.14
76 1 1001 473 197 52 -1 -1 -1 -1 label : spot-0.13
81 5 1020 481 256 79 -1 -1 -1 -1 label : spot-1 0.16
82 5 1022 482 255 80 -1 -1 -1 -1 label : spot-1 0.15
83 5 1011 481 268 80 -1 -1 -1 -1 label : spot-1 0.11
84 5 1007 481 272 80 -1 -1 -1 -1 label : spot-1 0.11
85 5 976 482 303 72 -1 -1 -1 -1 label : spot-1 0.14
86 5 977 482 302 70 -1 -1 -1 -1 label : spot-1 0.13
87 5 1029 482 239 69 -1 -1 -1 -1 label : spot-1 0.20
88 5 1036 481 238 69 -1 -1 -1 -1 label : spot-1 0.19
89 5 1018 480 261 74 -1 -1 -1 -1 label : spot-1 0.21
90 5 1012 480 267 74 -1 -1 -1 -1 label : spot-1 0.21
91 5 1001 480 278 74 -1 -1 -1 -1 label : spot-1 0.13
92 5 999 480 280 74 -1 -1 -1 -1 label : spot-1 0.13
93 5 994 481 285 70 -1 -1 -1 -1 label : spot-1 0.19
94 5 996 481 282 68 -1 -1 -1 -1 label : spot-1 0.19
95 1 966 474 313 70 -1 -1 -1 -1 label : spot-0.17
95 5 1010 477 260 76 -1 -1 -1 -1 label : spot-2 0.15
96 1 968 473 311 73 -1 -1 -1 -1 label : spot-0.20
96 5 1000 475 276 80 -1 -1 -1 -1 label : spot-2 0.16
97 1 966 473 313 74 -1 -1 -1 -1 label : spot-0.22
98 5 1012 473 265 78 -1 -1 -1 -1 label : spot-1 0.22
99 5 997 475 282 77 -1 -1 -1 -1 label : spot-1 0.33
100 1 1008 474 268 84 -1 -1 -1 -1 label : spot-2 0.33
100 5 994 475 284 77 -1 -1 -1 -1 label : spot-1 0.15
101 1 1011 475 268 85 -1 -1 -1 -1 label : spot-2 0.27
102 5 997 475 279 77 -1 -1 -1 -1 label : spot-1 0.27
103 5 997 474 281 77 -1 -1 -1 -1 label : spot-1 0.34
104 5 999 473 279 77 -1 -1 -1 -1 label : spot-1 0.34
105 5 995 474 284 72 -1 -1 -1 -1 label : spot-1 0.20
106 5 998 475 281 71 -1 -1 -1 -1 label : spot-1 0.21
107 1 995 475 284 90 -1 -1 -1 -1 label : spot-0.27
108 1 994 476 285 89 -1 -1 -1 -1 label : spot-0.27
109 1 1000 474 278 90 -1 -1 -1 -1 label : spot-0.21
110 1 1001 474 278 89 -1 -1 -1 -1 label : spot-0.21
111 1 1024 477 254 83 -1 -1 -1 -1 label : spot-0.17
112 1 1034 478 244 82 -1 -1 -1 -1 label : spot-0.17
113 1 1028 480 251 78 -1 -1 -1 -1 label : spot-0.19
114 1 1008 480 271 76 -1 -1 -1 -1 label : spot-0.21
115 1 1063 482 205 80 -1 -1 -1 -1 label : spot-0.15
116 1 1065 483 213 81 -1 -1 -1 -1 label : spot-0.16
117 1 1074 490 205 77 -1 -1 -1 -1 label : spot-0.18
118 1 1078 491 201 76 -1 -1 -1 -1 label : spot-0.16
123 1 1113 489 158 83 -1 -1 -1 -1 label : spot-0.11
124 1 1116 488 162 85 -1 -1 -1 -1 label : spot-0.11
227 7 153 397 25 68 -1 -1 -1 -1 label : fireHydrant 0.34
228 7 150 396 26 71 -1 -1 -1 -1 label : fireHydrant 0.39
229 7 142 398 24 70 -1 -1 -1 -1 label : fireHydrant 0.37
230 7 139 398 24 70 -1 -1 -1 -1 label : fireHydrant 0.37
231 7 131 399 21 70 -1 -1 -1 -1 label : fireHydrant 0.59
232 7 129 399 21 70 -1 -1 -1 -1 label : fireHydrant 0.55
245 8 35 408 30 85 -1 -1 -1 -1 label : fireHydrant 0.49
246 8 31 409 31 85 -1 -1 -1 -1 label : fireHydrant 0.50
247 8 19 407 31 88 -1 -1 -1 -1 label : fireHydrant 0.40
247 9 898 475 176 81 -1 -1 -1 -1 label : spot-1 0.20
248 8 16 407 32 89 -1 -1 -1 -1 label : fireHydrant 0.39
248 9 900 476 178 82 -1 -1 -1 -1 label : spot-1 0.21
249 7 2 406 33 87 -1 -1 -1 -1 label : fireHydrant 0.25
249 8 10 406 33 91 -1 -1 -1 -1 label : fireHydrant 0.24
250 7 0 407 32 88 -1 -1 -1 -1 label : fireHydrant 0.28
250 9 906 477 189 80 -1 -1 -1 -1 label : spot-1 0.26
251 7 0 407 22 90 -1 -1 -1 -1 label : fireHydrant 0.25
251 9 907 478 204 85 -1 -1 -1 -1 label : spot-1 0.24
252 9 906 479 210 86 -1 -1 -1 -1 label : spot-1 0.26
253 9 881 483 260 86 -1 -1 -1 -1 label : spot-1 0.28
253 11 986 466 147 95 -1 -1 -1 -1 label : spot-1 0.15
254 9 880 485 261 86 -1 -1 -1 -1 label : spot-1 0.28
254 11 989 468 148 94 -1 -1 -1 -1 label : spot-1 0.16
255 9 888 487 258 100 -1 -1 -1 -1 label : spot-1 0.40
255 11 999 472 152 103 -1 -1 -1 -1 label : spot-1 0.22
256 9 884 488 272 104 -1 -1 -1 -1 label : spot-1 0.40
256 11 1001 474 156 106 -1 -1 -1 -1 label : spot-1 0.23
257 9 880 488 309 94 -1 -1 -1 -1 label : spot-1 0.39
257 11 1008 476 173 93 -1 -1 -1 -1 label : spot-1 0.11
258 9 894 489 291 89 -1 -1 -1 -1 label : spot-1 0.40
258 11 1019 477 162 88 -1 -1 -1 -1 label : spot-1 0.12
259 9 904 489 294 95 -1 -1 -1 -1 label : spot-1 0.37
259 11 1003 482 203 80 -1 -1 -1 -1 label : spot-1 0.13
260 9 905 489 301 95 -1 -1 -1 -1 label : spot-1 0.36
260 11 1009 484 196 76 -1 -1 -1 -1 label : spot-1 0.12
261 9 905 489 355 92 -1 -1 -1 -1 label : spot-1 0.42
262 9 917 489 351 89 -1 -1 -1 -1 label : spot-1 0.42
263 9 960 493 309 91 -1 -1 -1 -1 label : spot-1 0.42
264 9 967 494 312 92 -1 -1 -1 -1 label : spot-1 0.42
265 9 974 502 304 99 -1 -1 -1 -1 label : spot-1 0.33
266 9 971 505 308 101 -1 -1 -1 -1 label : spot-1 0.33
267 9 986 509 293 99 -1 -1 -1 -1 label : spot-1 0.32
268 9 988 511 291 98 -1 -1 -1 -1 label : spot-1 0.33
269 9 1002 516 275 107 -1 -1 -1 -1 label : spot-1 0.25
269 11 1086 496 192 104 -1 -1 -1 -1 label : spot-1 0.10
270 9 999 518 280 110 -1 -1 -1 -1 label : spot-1 0.25
270 11 1088 497 191 104 -1 -1 -1 -1 label : spot-1 0.10
271 9 995 527 283 115 -1 -1 -1 -1 label : spot-1 0.29
271 11 1106 506 171 110 -1 -1 -1 -1 label : invalidspot-coloredCurb 0.10
272 9 990 530 289 117 -1 -1 -1 -1 label : spot-1 0.28
272 11 1107 510 172 112 -1 -1 -1 -1 label : invalidspot-coloredCurb 0.10
273 9 1012 523 260 131 -1 -1 -1 -1 label : spot-1 0.21
273 11 1113 511 166 117 -1 -1 -1 -1 label : spot-1 0.13
274 9 1011 520 268 135 -1 -1 -1 -1 label : spot-1 0.21
274 11 1111 512 168 118 -1 -1 -1 -1 label : spot-1 0.13
275 9 1017 522 262 137 -1 -1 -1 -1 label : spot-1 0.15
276 11 1137 509 142 121 -1 -1 -1 -1 label : spot-1 0.15
277 11 1102 516 177 123 -1 -1 -1 -1 label : spot-1 0.13
278 11 1099 518 180 125 -1 -1 -1 -1 label : spot-1 0.13
279 11 1075 516 204 137 -1 -1 -1 -1 label : spot-1 0.16
280 11 1066 515 213 143 -1 -1 -1 -1 label : spot-1 0.16
939 14 570 483 28 91 -1 -1 -1 -1 label : fireHydrant 0.34
940 14 570 484 29 89 -1 -1 -1 -1 label : fireHydrant 0.32
1215 15 302 454 160 75 -1 -1 -1 -1 label : spot-1 0.12
1216 15 305 453 160 74 -1 -1 -1 -1 label : spot-1 0.13
