70 2 620 314 55 23 -1 -1 -1 -1 label : spot-1 0.45
71 2 623 315 55 22 -1 -1 -1 -1 label : spot-1 0.43
72 2 624 315 57 21 -1 -1 -1 -1 label : spot-1 0.32
73 2 630 315 55 20 -1 -1 -1 -1 label : spot-1 0.31
75 2 628 315 61 21 -1 -1 -1 -1 label : spot-1 0.32
76 2 627 317 67 19 -1 -1 -1 -1 label : spot-1 0.38
77 2 630 316 66 21 -1 -1 -1 -1 label : spot-1 0.55
78 2 632 316 64 22 -1 -1 -1 -1 label : spot-1 0.56
79 2 632 316 68 23 -1 -1 -1 -1 label : spot-1 0.51
80 2 635 314 68 25 -1 -1 -1 -1 label : spot-1 0.44
81 2 637 313 71 24 -1 -1 -1 -1 label : spot-1 0.52
82 2 637 311 74 25 -1 -1 -1 -1 label : spot-1 0.55
83 2 639 309 76 26 -1 -1 -1 -1 label : spot-1 0.59
84 2 640 307 79 27 -1 -1 -1 -1 label : spot-1 0.54
84 3 1005 404 271 105 -1 -1 -1 -1 label : spot-1 0.53
85 2 640 306 83 28 -1 -1 -1 -1 label : spot-1 0.51
85 3 1025 408 250 107 -1 -1 -1 -1 label : spot-1 0.33
86 2 642 306 84 28 -1 -1 -1 -1 label : spot-1 0.56
87 2 646 306 83 29 -1 -1 -1 -1 label : spot-1 0.54
87 3 1076 416 201 104 -1 -1 -1 -1 label : invalidspot-coloredCurb 0.48
88 2 646 309 88 29 -1 -1 -1 -1 label : spot-1 0.53
88 3 1089 420 190 108 -1 -1 -1 -1 label : spot-1 0.37
89 2 646 313 94 28 -1 -1 -1 -1 label : spot-1 0.59
90 2 651 316 90 31 -1 -1 -1 -1 label : spot-1 0.59
91 2 649 322 98 31 -1 -1 -1 -1 label : spot-1 0.58
92 2 652 328 98 33 -1 -1 -1 -1 label : spot-1 0.56
93 2 652 336 105 30 -1 -1 -1 -1 label : spot-1 0.50
94 2 654 342 109 29 -1 -1 -1 -1 label : spot-1 0.48
95 2 656 347 114 29 -1 -1 -1 -1 label : spot-1 0.42
96 2 659 350 117 30 -1 -1 -1 -1 label : spot-1 0.48
97 2 662 351 117 32 -1 -1 -1 -1 label : spot-1 0.56
98 2 665 350 118 34 -1 -1 -1 -1 label : spot-1 0.56
99 2 665 351 128 34 -1 -1 -1 -1 label : spot-1 0.55
100 2 670 349 131 36 -1 -1 -1 -1 label : spot-1 0.55
101 2 672 347 132 37 -1 -1 -1 -1 label : spot-1 0.58
102 2 671 346 139 38 -1 -1 -1 -1 label : spot-1 0.43
103 2 678 344 132 39 -1 -1 -1 -1 label : spot-0.51
104 2 678 343 139 40 -1 -1 -1 -1 label : spot-1 0.40
105 2 679 343 153 39 -1 -1 -1 -1 label : spot-1 0.36
106 2 684 341 150 44 -1 -1 -1 -1 label : spot-0.50
107 2 684 341 158 47 -1 -1 -1 -1 label : spot-0.54
108 2 685 339 165 51 -1 -1 -1 -1 label : spot-0.53
109 2 688 338 174 54 -1 -1 -1 -1 label : spot-0.58
110 2 689 338 183 58 -1 -1 -1 -1 label : spot-0.69
111 2 691 336 193 60 -1 -1 -1 -1 label : spot-0.66
112 2 693 336 203 63 -1 -1 -1 -1 label : spot-0.70
113 2 696 336 211 64 -1 -1 -1 -1 label : spot-0.68
114 2 700 337 220 65 -1 -1 -1 -1 label : spot-0.69
115 2 701 339 233 65 -1 -1 -1 -1 label : spot-0.73
116 2 702 341 246 66 -1 -1 -1 -1 label : spot-0.68
117 2 706 343 254 70 -1 -1 -1 -1 label : spot-0.61
118 2 706 345 266 70 -1 -1 -1 -1 label : spot-0.62
119 2 714 346 275 75 -1 -1 -1 -1 label : spot-0.67
120 2 715 347 294 79 -1 -1 -1 -1 label : spot-0.64
121 2 718 348 311 83 -1 -1 -1 -1 label : spot-0.66
122 2 722 347 328 89 -1 -1 -1 -1 label : spot-0.67
123 2 724 346 350 93 -1 -1 -1 -1 label : spot-0.64
124 2 727 345 369 95 -1 -1 -1 -1 label : spot-0.66
125 2 733 342 387 101 -1 -1 -1 -1 label : spot-0.64
126 2 736 342 401 104 -1 -1 -1 -1 label : spot-0.38
127 2 732 339 434 104 -1 -1 -1 -1 label : spot-0.38
128 2 735 341 420 98 -1 -1 -1 -1 label : spot-0.34
129 2 747 342 470 116 -1 -1 -1 -1 label : spot-0.53
130 2 747 344 428 105 -1 -1 -1 -1 label : spot-0.40
131 2 751 348 430 103 -1 -1 -1 -1 label : spot-0.44
132 2 757 352 467 109 -1 -1 -1 -1 label : spot-0.42
133 2 778 357 471 134 -1 -1 -1 -1 label : spot-0.57
134 2 772 360 505 142 -1 -1 -1 -1 label : spot-0.57
135 2 776 363 503 146 -1 -1 -1 -1 label : spot-0.61
136 2 779 365 500 147 -1 -1 -1 -1 label : spot-0.60
137 2 779 366 500 144 -1 -1 -1 -1 label : spot-0.61
138 2 786 366 493 140 -1 -1 -1 -1 label : spot-0.62
139 2 803 367 476 144 -1 -1 -1 -1 label : spot-0.58
140 2 794 368 485 137 -1 -1 -1 -1 label : spot-0.52
141 2 802 369 477 133 -1 -1 -1 -1 label : spot-0.50
142 2 807 370 472 134 -1 -1 -1 -1 label : spot-0.54
143 2 814 371 465 136 -1 -1 -1 -1 label : spot-0.54
144 2 822 373 457 127 -1 -1 -1 -1 label : spot-0.53
145 2 842 374 437 128 -1 -1 -1 -1 label : spot-0.44
146 2 844 374 435 130 -1 -1 -1 -1 label : spot-0.41
147 2 841 375 438 127 -1 -1 -1 -1 label : spot-0.38
148 2 840 377 439 122 -1 -1 -1 -1 label : spot-0.36
149 2 854 378 425 122 -1 -1 -1 -1 label : spot-0.39
150 2 861 380 418 122 -1 -1 -1 -1 label : spot-0.32
157 2 912 397 367 110 -1 -1 -1 -1 label : spot-1 0.32
160 2 941 409 338 94 -1 -1 -1 -1 label : spot-1 0.34
164 2 1073 419 182 93 -1 -1 -1 -1 label : spot-1 0.32
300 11 572 316 56 18 -1 -1 -1 -1 label : spot-1 0.36
301 11 573 317 57 17 -1 -1 -1 -1 label : spot-1 0.34
304 11 574 318 59 17 -1 -1 -1 -1 label : spot-1 0.38
306 11 576 318 59 17 -1 -1 -1 -1 label : spot-1 0.31
307 11 578 318 60 19 -1 -1 -1 -1 label : spot-1 0.34
309 11 580 319 58 19 -1 -1 -1 -1 label : spot-1 0.30
313 11 582 319 65 20 -1 -1 -1 -1 label : spot-1 0.59
314 11 585 318 64 22 -1 -1 -1 -1 label : spot-1 0.52
315 11 584 318 68 22 -1 -1 -1 -1 label : spot-1 0.42
315 12 877 329 17 39 -1 -1 -1 -1 label : fireHydrant 0.33
316 11 584 317 67 23 -1 -1 -1 -1 label : spot-1 0.54
316 12 886 329 15 39 -1 -1 -1 -1 label : fireHydrant 0.32
319 12 900 332 19 41 -1 -1 -1 -1 label : fireHydrant 0.33
320 12 911 333 19 42 -1 -1 -1 -1 label : fireHydrant 0.50
321 11 588 317 70 25 -1 -1 -1 -1 label : spot-1 0.38
321 12 918 334 18 43 -1 -1 -1 -1 label : fireHydrant 0.31
322 11 589 319 72 24 -1 -1 -1 -1 label : spot-1 0.41
322 12 924 334 20 44 -1 -1 -1 -1 label : fireHydrant 0.33
323 11 591 319 73 24 -1 -1 -1 -1 label : spot-1 0.64
323 12 932 334 18 46 -1 -1 -1 -1 label : fireHydrant 0.32
324 11 592 320 75 24 -1 -1 -1 -1 label : spot-1 0.68
325 11 593 320 76 25 -1 -1 -1 -1 label : spot-1 0.69
325 12 944 336 21 47 -1 -1 -1 -1 label : fireHydrant 0.33
326 11 594 321 77 24 -1 -1 -1 -1 label : spot-1 0.67
326 12 951 338 21 47 -1 -1 -1 -1 label : fireHydrant 0.32
327 11 594 321 81 27 -1 -1 -1 -1 label : spot-2 0.61
327 12 960 341 21 48 -1 -1 -1 -1 label : fireHydrant 0.34
328 11 594 322 83 27 -1 -1 -1 -1 label : spot-2 0.39
329 11 596 322 83 30 -1 -1 -1 -1 label : spot-2 0.37
330 11 595 323 86 29 -1 -1 -1 -1 label : spot-2 0.42
331 11 596 323 85 29 -1 -1 -1 -1 label : spot-2 0.37
331 12 991 344 24 52 -1 -1 -1 -1 label : fireHydrant 0.34
333 12 1006 343 26 55 -1 -1 -1 -1 label : fireHydrant 0.43
334 12 1018 344 24 58 -1 -1 -1 -1 label : fireHydrant 0.44
335 12 1027 344 26 60 -1 -1 -1 -1 label : fireHydrant 0.38
336 11 599 323 91 31 -1 -1 -1 -1 label : spot-2 0.40
336 12 1037 347 24 58 -1 -1 -1 -1 label : fireHydrant 0.31
337 11 600 323 92 31 -1 -1 -1 -1 label : spot-2 0.63
338 12 1055 353 25 57 -1 -1 -1 -1 label : fireHydrant 0.46
339 11 602 324 89 31 -1 -1 -1 -1 label : spot-2 0.63
339 12 1065 355 28 57 -1 -1 -1 -1 label : fireHydrant 0.42
340 11 604 325 88 31 -1 -1 -1 -1 label : spot-2 0.58
340 12 1076 356 28 61 -1 -1 -1 -1 label : fireHydrant 0.46
340 13 725 332 12 32 -1 -1 -1 -1 label : fireHydrant 0.34
341 11 602 326 92 31 -1 -1 -1 -1 label : spot-2 0.48
341 12 1087 358 27 62 -1 -1 -1 -1 label : fireHydrant 0.38
341 13 727 335 12 30 -1 -1 -1 -1 label : fireHydrant 0.32
342 11 603 327 93 31 -1 -1 -1 -1 label : spot-2 0.53
342 12 1098 359 28 63 -1 -1 -1 -1 label : fireHydrant 0.48
342 13 729 336 11 30 -1 -1 -1 -1 label : fireHydrant 0.43
343 11 604 328 93 32 -1 -1 -1 -1 label : spot-2 0.47
343 12 1109 360 28 65 -1 -1 -1 -1 label : fireHydrant 0.31
344 11 604 329 95 32 -1 -1 -1 -1 label : spot-2 0.43
345 11 605 330 94 31 -1 -1 -1 -1 label : spot-2 0.48
345 12 1131 366 27 66 -1 -1 -1 -1 label : fireHydrant 0.32
346 11 606 330 94 32 -1 -1 -1 -1 label : spot-2 0.48
346 12 1142 365 31 70 -1 -1 -1 -1 label : fireHydrant 0.32
346 13 740 341 12 31 -1 -1 -1 -1 label : fireHydrant 0.31
347 11 606 330 95 31 -1 -1 -1 -1 label : spot-2 0.46
348 11 606 330 97 31 -1 -1 -1 -1 label : spot-2 0.46
349 11 606 330 101 31 -1 -1 -1 -1 label : spot-2 0.47
349 12 1180 371 34 70 -1 -1 -1 -1 label : fireHydrant 0.34
350 11 607 330 101 31 -1 -1 -1 -1 label : spot-2 0.62
350 12 1195 373 34 70 -1 -1 -1 -1 label : fireHydrant 0.45
351 11 609 329 99 32 -1 -1 -1 -1 label : spot-2 0.75
351 12 1208 373 35 71 -1 -1 -1 -1 label : fireHydrant 0.49
352 11 612 328 99 33 -1 -1 -1 -1 label : spot-2 0.55
352 12 1224 376 31 71 -1 -1 -1 -1 label : fireHydrant 0.47
352 13 754 340 11 32 -1 -1 -1 -1 label : fireHydrant 0.31
353 11 613 327 102 33 -1 -1 -1 -1 label : spot-2 0.57
353 12 1238 376 36 74 -1 -1 -1 -1 label : fireHydrant 0.52
354 11 616 326 100 34 -1 -1 -1 -1 label : spot-2 0.67
354 12 1257 375 22 76 -1 -1 -1 -1 label : fireHydrant 0.57
355 11 616 326 101 33 -1 -1 -1 -1 label : spot-2 0.50
356 11 615 326 104 34 -1 -1 -1 -1 label : spot-2 0.57
357 11 617 326 105 33 -1 -1 -1 -1 label : spot-2 0.53
358 11 616 327 108 35 -1 -1 -1 -1 label : spot-2 0.52
359 11 616 328 109 34 -1 -1 -1 -1 label : spot-2 0.51
360 11 617 328 107 33 -1 -1 -1 -1 label : spot-2 0.44
361 11 620 328 109 35 -1 -1 -1 -1 label : spot-2 0.42
