34 3 134 420 272 37 -1 -1 -1 -1 label : spot-2 0.37
35 3 136 419 267 37 -1 -1 -1 -1 label : spot-2 0.38
36 3 134 419 266 37 -1 -1 -1 -1 label : spot-2 0.35
37 3 133 419 266 36 -1 -1 -1 -1 label : spot-2 0.35
38 3 133 418 267 35 -1 -1 -1 -1 label : spot-2 0.32
39 3 135 417 263 35 -1 -1 -1 -1 label : spot-2 0.32
40 3 133 418 263 35 -1 -1 -1 -1 label : spot-2 0.48
41 3 133 418 262 35 -1 -1 -1 -1 label : spot-2 0.48
42 3 131 418 266 34 -1 -1 -1 -1 label : spot-2 0.32
43 3 132 418 264 33 -1 -1 -1 -1 label : spot-2 0.32
44 3 131 417 260 35 -1 -1 -1 -1 label : spot-2 0.31
45 3 130 417 261 35 -1 -1 -1 -1 label : spot-2 0.31
56 3 112 425 258 37 -1 -1 -1 -1 label : spot-2 0.33
57 3 103 428 260 37 -1 -1 -1 -1 label : spot-2 0.33
60 3 95 427 254 37 -1 -1 -1 -1 label : spot-2 0.33
61 3 92 426 253 37 -1 -1 -1 -1 label : spot-2 0.31
62 3 86 424 254 37 -1 -1 -1 -1 label : spot-2 0.32
63 3 85 424 252 36 -1 -1 -1 -1 label : spot-2 0.32
65 3 78 421 255 35 -1 -1 -1 -1 label : spot-2 0.31
70 3 66 418 251 35 -1 -1 -1 -1 label : spot-2 0.33
71 3 62 417 250 35 -1 -1 -1 -1 label : spot-2 0.33
72 3 60 414 240 36 -1 -1 -1 -1 label : spot-2 0.39
73 3 57 413 242 36 -1 -1 -1 -1 label : spot-2 0.39
78 3 35 407 245 34 -1 -1 -1 -1 label : spot-2 0.31
79 3 33 405 236 32 -1 -1 -1 -1 label : spot-2 0.31
148 4 897 427 186 126 -1 -1 -1 -1 label : spot-1 0.46
149 4 899 428 187 127 -1 -1 -1 -1 label : spot-1 0.46
150 4 899 430 200 123 -1 -1 -1 -1 label : spot-1 0.46
151 4 903 432 197 122 -1 -1 -1 -1 label : spot-1 0.41
158 4 919 440 228 142 -1 -1 -1 -1 label : spot-1 0.30
160 4 919 443 249 136 -1 -1 -1 -1 label : spot-1 0.45
161 4 924 444 245 134 -1 -1 -1 -1 label : spot-1 0.45
162 4 935 446 246 148 -1 -1 -1 -1 label : spot-1 0.44
163 4 935 447 254 153 -1 -1 -1 -1 label : spot-1 0.43
164 4 937 449 269 164 -1 -1 -1 -1 label : spot-1 0.34
165 4 937 450 276 168 -1 -1 -1 -1 label : spot-1 0.35
166 4 939 455 298 169 -1 -1 -1 -1 label : spot-1 0.37
167 4 943 457 299 168 -1 -1 -1 -1 label : spot-1 0.37
168 4 949 459 309 177 -1 -1 -1 -1 label : spot-1 0.52
169 4 950 460 314 180 -1 -1 -1 -1 label : spot-1 0.52
170 4 950 463 329 169 -1 -1 -1 -1 label : spot-1 0.44
171 4 957 464 322 165 -1 -1 -1 -1 label : spot-1 0.44
172 4 961 467 318 162 -1 -1 -1 -1 label : spot-1 0.40
173 4 962 468 317 160 -1 -1 -1 -1 label : spot-1 0.40
174 4 972 470 307 157 -1 -1 -1 -1 label : spot-1 0.35
175 4 975 470 304 156 -1 -1 -1 -1 label : spot-1 0.35
192 9 303 314 19 47 -1 -1 -1 -1 label : fireHydrant 0.33
193 9 302 315 19 47 -1 -1 -1 -1 label : fireHydrant 0.33
194 9 300 315 19 47 -1 -1 -1 -1 label : fireHydrant 0.51
195 9 299 316 19 47 -1 -1 -1 -1 label : fireHydrant 0.49
196 9 296 315 18 47 -1 -1 -1 -1 label : fireHydrant 0.43
197 9 295 315 18 47 -1 -1 -1 -1 label : fireHydrant 0.42
198 9 291 315 19 47 -1 -1 -1 -1 label : fireHydrant 0.53
199 9 289 315 19 47 -1 -1 -1 -1 label : fireHydrant 0.53
200 9 287 315 19 47 -1 -1 -1 -1 label : fireHydrant 0.36
203 9 283 313 19 49 -1 -1 -1 -1 label : fireHydrant 0.35
206 9 276 311 17 48 -1 -1 -1 -1 label : fireHydrant 0.47
207 9 273 311 17 48 -1 -1 -1 -1 label : fireHydrant 0.47
208 9 270 309 16 46 -1 -1 -1 -1 label : fireHydrant 0.35
209 9 269 309 16 45 -1 -1 -1 -1 label : fireHydrant 0.35
210 9 266 308 16 45 -1 -1 -1 -1 label : fireHydrant 0.34
211 9 266 307 16 45 -1 -1 -1 -1 label : fireHydrant 0.34
212 9 262 307 15 45 -1 -1 -1 -1 label : fireHydrant 0.31
213 9 260 306 15 46 -1 -1 -1 -1 label : fireHydrant 0.33
214 9 256 306 16 46 -1 -1 -1 -1 label : fireHydrant 0.49
215 9 255 305 16 47 -1 -1 -1 -1 label : fireHydrant 0.49
216 9 250 306 17 46 -1 -1 -1 -1 label : fireHydrant 0.41
217 9 249 306 16 45 -1 -1 -1 -1 label : fireHydrant 0.40
218 9 245 304 16 47 -1 -1 -1 -1 label : fireHydrant 0.57
219 9 244 304 16 47 -1 -1 -1 -1 label : fireHydrant 0.57
220 9 239 302 17 49 -1 -1 -1 -1 label : fireHydrant 0.54
221 9 237 301 17 49 -1 -1 -1 -1 label : fireHydrant 0.53
222 9 235 301 16 49 -1 -1 -1 -1 label : fireHydrant 0.50
223 9 234 301 16 48 -1 -1 -1 -1 label : fireHydrant 0.51
224 9 229 303 17 46 -1 -1 -1 -1 label : fireHydrant 0.59
225 9 228 303 16 46 -1 -1 -1 -1 label : fireHydrant 0.58
226 9 223 300 16 49 -1 -1 -1 -1 label : fireHydrant 0.68
226 12 172 347 142 40 -1 -1 -1 -1 label : invalidSpot-fireHydrant 0.34
227 9 221 299 16 50 -1 -1 -1 -1 label : fireHydrant 0.69
227 12 170 346 143 42 -1 -1 -1 -1 label : invalidSpot-fireHydrant 0.33
228 9 218 303 16 48 -1 -1 -1 -1 label : fireHydrant 0.60
229 9 218 305 15 46 -1 -1 -1 -1 label : fireHydrant 0.61
230 9 212 303 18 49 -1 -1 -1 -1 label : fireHydrant 0.59
231 9 210 302 19 50 -1 -1 -1 -1 label : fireHydrant 0.60
232 9 204 302 21 52 -1 -1 -1 -1 label : fireHydrant 0.57
233 9 202 302 21 53 -1 -1 -1 -1 label : fireHydrant 0.57
234 9 199 304 22 54 -1 -1 -1 -1 label : fireHydrant 0.52
235 9 199 305 22 54 -1 -1 -1 -1 label : fireHydrant 0.52
236 9 194 305 22 57 -1 -1 -1 -1 label : fireHydrant 0.46
237 9 192 305 23 58 -1 -1 -1 -1 label : fireHydrant 0.45
240 9 183 308 22 55 -1 -1 -1 -1 label : fireHydrant 0.34
241 9 179 309 23 55 -1 -1 -1 -1 label : fireHydrant 0.33
242 9 174 308 21 57 -1 -1 -1 -1 label : fireHydrant 0.59
243 9 172 308 21 58 -1 -1 -1 -1 label : fireHydrant 0.59
244 9 165 306 23 58 -1 -1 -1 -1 label : fireHydrant 0.41
245 9 164 305 23 58 -1 -1 -1 -1 label : fireHydrant 0.42
246 9 159 304 21 60 -1 -1 -1 -1 label : fireHydrant 0.49
247 9 158 304 21 61 -1 -1 -1 -1 label : fireHydrant 0.49
252 9 141 300 22 62 -1 -1 -1 -1 label : fireHydrant 0.44
253 9 136 298 22 63 -1 -1 -1 -1 label : fireHydrant 0.44
294 13 271 354 73 25 -1 -1 -1 -1 label : invalidSpot-entrance 0.38
295 13 271 354 71 26 -1 -1 -1 -1 label : invalidSpot-entrance 0.38
296 13 268 353 66 28 -1 -1 -1 -1 label : invalidSpot-entrance 0.45
297 13 266 353 67 29 -1 -1 -1 -1 label : invalidSpot-entrance 0.44
298 13 265 353 60 29 -1 -1 -1 -1 label : invalidSpot-entrance 0.35
299 13 262 352 62 29 -1 -1 -1 -1 label : invalidSpot-entrance 0.35
300 13 253 354 63 28 -1 -1 -1 -1 label : invalidSpot-entrance 0.34
301 13 251 355 62 28 -1 -1 -1 -1 label : invalidSpot-entrance 0.34
302 13 247 355 52 27 -1 -1 -1 -1 label : invalidSpot-entrance 0.32
303 13 245 355 51 27 -1 -1 -1 -1 label : invalidSpot-entrance 0.32
304 13 241 355 51 27 -1 -1 -1 -1 label : invalidSpot-entrance 0.34
306 14 0 356 123 46 -1 -1 -1 -1 label : invalidSpot-entrance 0.37
307 14 0 355 121 46 -1 -1 -1 -1 label : invalidSpot-entrance 0.35
308 14 3 355 106 52 -1 -1 -1 -1 label : invalidSpot-entrance 0.45
309 14 0 355 110 54 -1 -1 -1 -1 label : invalidSpot-entrance 0.44
310 14 0 355 102 53 -1 -1 -1 -1 label : invalidSpot-entrance 0.42
311 14 0 355 100 54 -1 -1 -1 -1 label : invalidSpot-entrance 0.42
312 14 0 357 90 54 -1 -1 -1 -1 label : invalidSpot-entrance 0.36
313 14 0 357 89 54 -1 -1 -1 -1 label : invalidSpot-entrance 0.33
314 14 0 358 80 52 -1 -1 -1 -1 label : invalidSpot-entrance 0.37
315 14 0 359 79 50 -1 -1 -1 -1 label : invalidSpot-entrance 0.35
339 17 105 353 225 38 -1 -1 -1 -1 label : invalidSpot-entrance 0.36
344 19 842 383 127 54 -1 -1 -1 -1 label : spot-1 0.41
345 19 842 384 130 54 -1 -1 -1 -1 label : spot-1 0.42
346 19 848 384 128 55 -1 -1 -1 -1 label : spot-1 0.49
347 19 849 385 129 55 -1 -1 -1 -1 label : spot-1 0.49
348 17 241 353 69 25 -1 -1 -1 -1 label : invalidSpot-entrance 0.47
348 19 854 386 133 58 -1 -1 -1 -1 label : spot-1 0.42
349 17 245 353 67 24 -1 -1 -1 -1 label : invalidSpot-entrance 0.47
349 19 855 387 136 59 -1 -1 -1 -1 label : spot-1 0.42
350 17 255 353 57 23 -1 -1 -1 -1 label : invalidSpot-entrance 0.49
350 19 860 387 139 61 -1 -1 -1 -1 label : spot-1 0.37
351 17 257 353 57 23 -1 -1 -1 -1 label : invalidSpot-entrance 0.49
351 19 861 387 141 62 -1 -1 -1 -1 label : spot-1 0.37
352 17 265 352 52 23 -1 -1 -1 -1 label : invalidSpot-entrance 0.51
353 19 857 388 158 64 -1 -1 -1 -1 label : spot-1 0.51
354 19 857 389 168 66 -1 -1 -1 -1 label : spot-1 0.55
355 19 858 389 168 69 -1 -1 -1 -1 label : spot-1 0.54
356 19 863 390 173 72 -1 -1 -1 -1 label : spot-1 0.55
357 19 863 390 177 73 -1 -1 -1 -1 label : spot-1 0.55
358 17 212 354 79 30 -1 -1 -1 -1 label : invalidSpot-entrance 0.46
358 19 858 392 199 72 -1 -1 -1 -1 label : spot-1 0.35
359 17 207 354 80 30 -1 -1 -1 -1 label : invalidSpot-entrance 0.46
359 19 861 392 198 72 -1 -1 -1 -1 label : spot-1 0.35
360 17 206 354 81 31 -1 -1 -1 -1 label : invalidSpot-entrance 0.53
361 19 870 393 202 74 -1 -1 -1 -1 label : spot-1 0.54
362 17 196 355 78 32 -1 -1 -1 -1 label : invalidSpot-entrance 0.50
362 19 869 395 220 73 -1 -1 -1 -1 label : spot-1 0.31
363 17 193 355 80 33 -1 -1 -1 -1 label : invalidSpot-entrance 0.50
363 19 872 395 219 73 -1 -1 -1 -1 label : spot-1 0.31
364 17 192 356 79 32 -1 -1 -1 -1 label : invalidSpot-entrance 0.45
365 19 877 398 231 66 -1 -1 -1 -1 label : spot-1 0.45
368 17 178 357 78 33 -1 -1 -1 -1 label : invalidSpot-entrance 0.55
368 19 878 400 266 70 -1 -1 -1 -1 label : spot-1 0.43
369 17 176 357 78 34 -1 -1 -1 -1 label : invalidSpot-entrance 0.55
369 19 881 401 273 72 -1 -1 -1 -1 label : spot-1 0.43
370 17 181 358 67 31 -1 -1 -1 -1 label : invalidSpot-entrance 0.46
370 19 891 404 284 80 -1 -1 -1 -1 label : spot-1 0.37
371 17 181 358 67 31 -1 -1 -1 -1 label : invalidSpot-entrance 0.46
371 19 891 405 295 84 -1 -1 -1 -1 label : spot-1 0.38
372 17 179 358 66 31 -1 -1 -1 -1 label : invalidSpot-entrance 0.34
373 19 895 407 271 67 -1 -1 -1 -1 label : spot-1 0.34
374 17 172 358 63 31 -1 -1 -1 -1 label : invalidSpot-entrance 0.36
374 19 897 407 258 64 -1 -1 -1 -1 label : spot-1 0.35
375 17 171 358 63 31 -1 -1 -1 -1 label : invalidSpot-entrance 0.35
375 19 900 407 250 63 -1 -1 -1 -1 label : spot-1 0.33
376 17 167 357 68 32 -1 -1 -1 -1 label : invalidSpot-entrance 0.51
376 19 895 410 286 64 -1 -1 -1 -1 label : spot-1 0.43
377 17 167 357 68 32 -1 -1 -1 -1 label : invalidSpot-entrance 0.51
377 19 899 411 288 64 -1 -1 -1 -1 label : spot-1 0.43
378 17 165 357 68 33 -1 -1 -1 -1 label : invalidSpot-entrance 0.46
379 19 909 415 313 69 -1 -1 -1 -1 label : spot-1 0.46
380 19 917 419 317 71 -1 -1 -1 -1 label : spot-1 0.51
381 19 918 421 322 71 -1 -1 -1 -1 label : spot-1 0.51
382 19 942 421 315 89 -1 -1 -1 -1 label : spot-1 0.34
383 19 939 421 336 95 -1 -1 -1 -1 label : spot-1 0.34
384 19 951 425 322 106 -1 -1 -1 -1 label : spot-1 0.38
385 19 947 427 332 110 -1 -1 -1 -1 label : spot-1 0.38
386 19 920 429 359 90 -1 -1 -1 -1 label : spot-1 0.50
387 19 938 431 341 80 -1 -1 -1 -1 label : spot-1 0.50
388 19 962 429 302 107 -1 -1 -1 -1 label : spot-1 0.42
389 19 952 428 325 116 -1 -1 -1 -1 label : spot-1 0.42
390 19 955 431 322 125 -1 -1 -1 -1 label : spot-1 0.40
391 19 950 432 329 129 -1 -1 -1 -1 label : spot-1 0.40
392 19 947 434 332 120 -1 -1 -1 -1 label : spot-1 0.40
393 19 954 434 325 116 -1 -1 -1 -1 label : spot-1 0.40
394 19 960 433 319 115 -1 -1 -1 -1 label : spot-1 0.44
395 19 961 433 318 115 -1 -1 -1 -1 label : spot-1 0.44
396 19 976 433 303 113 -1 -1 -1 -1 label : spot-1 0.44
397 19 979 434 300 112 -1 -1 -1 -1 label : spot-1 0.43
398 19 983 431 296 110 -1 -1 -1 -1 label : spot-1 0.36
399 19 985 430 294 108 -1 -1 -1 -1 label : spot-1 0.35
400 19 987 430 292 109 -1 -1 -1 -1 label : spot-1 0.37
401 21 842 367 77 35 -1 -1 -1 -1 label : spot-1 0.37
402 19 1009 430 267 127 -1 -1 -1 -1 label : spot-1 0.43
402 21 845 366 81 36 -1 -1 -1 -1 label : spot-1 0.32
403 19 1007 430 272 129 -1 -1 -1 -1 label : spot-1 0.43
403 21 846 365 83 36 -1 -1 -1 -1 label : spot-1 0.32
404 19 1029 434 240 149 -1 -1 -1 -1 label : spot-1 0.45
404 21 850 364 88 39 -1 -1 -1 -1 label : spot-1 0.31
405 19 1026 435 251 158 -1 -1 -1 -1 label : spot-1 0.45
405 21 851 364 90 39 -1 -1 -1 -1 label : spot-1 0.31
406 19 1033 436 243 162 -1 -1 -1 -1 label : spot-1 0.47
407 21 854 365 95 40 -1 -1 -1 -1 label : spot-1 0.47
408 21 858 365 96 41 -1 -1 -1 -1 label : spot-1 0.42
409 21 859 365 97 41 -1 -1 -1 -1 label : spot-1 0.43
410 21 860 367 101 43 -1 -1 -1 -1 label : spot-1 0.46
411 21 860 367 103 44 -1 -1 -1 -1 label : spot-1 0.46
412 21 862 370 109 46 -1 -1 -1 -1 label : spot-1 0.53
413 21 862 371 111 47 -1 -1 -1 -1 label : spot-1 0.53
414 21 864 373 117 49 -1 -1 -1 -1 label : spot-1 0.53
415 21 865 373 118 51 -1 -1 -1 -1 label : spot-1 0.52
416 21 867 378 125 51 -1 -1 -1 -1 label : spot-1 0.59
417 21 869 379 126 52 -1 -1 -1 -1 label : spot-1 0.58
418 21 875 382 127 52 -1 -1 -1 -1 label : spot-1 0.53
419 21 877 383 128 52 -1 -1 -1 -1 label : spot-1 0.53
420 21 880 384 133 55 -1 -1 -1 -1 label : spot-1 0.51
421 21 880 385 135 56 -1 -1 -1 -1 label : spot-1 0.51
422 21 880 388 147 55 -1 -1 -1 -1 label : spot-1 0.41
423 21 882 389 146 54 -1 -1 -1 -1 label : spot-1 0.40
424 21 887 390 150 57 -1 -1 -1 -1 label : spot-1 0.46
425 21 889 389 152 59 -1 -1 -1 -1 label : spot-1 0.46
426 21 887 390 168 57 -1 -1 -1 -1 label : spot-1 0.34
427 21 890 391 166 55 -1 -1 -1 -1 label : spot-1 0.33
428 21 891 392 171 55 -1 -1 -1 -1 label : spot-1 0.33
430 22 314 345 99 34 -1 -1 -1 -1 label : spot-1 0.33
431 22 311 346 99 34 -1 -1 -1 -1 label : spot-1 0.34
434 21 911 395 168 41 -1 -1 -1 -1 label : spot-1 0.33
435 21 916 395 162 41 -1 -1 -1 -1 label : spot-1 0.33
438 21 921 395 170 45 -1 -1 -1 -1 label : spot-1 0.34
439 21 922 396 175 46 -1 -1 -1 -1 label : spot-1 0.34
442 22 287 343 71 26 -1 -1 -1 -1 label : spot-1 0.32
443 22 285 342 71 26 -1 -1 -1 -1 label : spot-1 0.33
444 22 280 343 78 26 -1 -1 -1 -1 label : spot-1 0.37
445 22 279 343 82 27 -1 -1 -1 -1 label : spot-1 0.38
446 22 277 342 70 26 -1 -1 -1 -1 label : spot-1 0.38
447 22 275 342 69 25 -1 -1 -1 -1 label : spot-1 0.38
448 22 269 341 71 27 -1 -1 -1 -1 label : spot-1 0.40
449 22 267 340 72 28 -1 -1 -1 -1 label : spot-1 0.40
450 22 264 341 67 28 -1 -1 -1 -1 label : spot-1 0.40
451 22 262 342 67 27 -1 -1 -1 -1 label : spot-1 0.40
452 22 255 342 71 29 -1 -1 -1 -1 label : spot-1 0.38
452 24 969 414 310 95 -1 -1 -1 -1 label : spot-1 0.34
453 22 253 342 72 29 -1 -1 -1 -1 label : spot-1 0.39
453 24 972 415 306 92 -1 -1 -1 -1 label : spot-1 0.33
454 21 980 415 237 50 -1 -1 -1 -1 label : spot-1 0.39
454 22 247 343 74 30 -1 -1 -1 -1 label : spot-1 0.30
455 21 982 416 237 50 -1 -1 -1 -1 label : spot-1 0.39
455 22 245 343 74 30 -1 -1 -1 -1 label : spot-1 0.30
456 21 999 417 231 52 -1 -1 -1 -1 label : spot-1 0.43
456 22 238 343 79 31 -1 -1 -1 -1 label : spot-1 0.41
457 21 1003 418 232 53 -1 -1 -1 -1 label : spot-1 0.43
457 22 236 344 81 30 -1 -1 -1 -1 label : spot-1 0.41
458 21 995 421 265 54 -1 -1 -1 -1 label : spot-1 0.44
458 22 231 345 82 31 -1 -1 -1 -1 label : spot-1 0.42
459 21 997 423 267 54 -1 -1 -1 -1 label : spot-1 0.44
459 22 229 345 82 31 -1 -1 -1 -1 label : spot-1 0.42
460 21 1024 425 241 66 -1 -1 -1 -1 label : spot-1 0.44
460 22 223 347 86 31 -1 -1 -1 -1 label : spot-1 0.42
461 21 1022 426 255 70 -1 -1 -1 -1 label : spot-1 0.44
461 22 221 347 87 31 -1 -1 -1 -1 label : spot-1 0.43
462 21 1028 427 247 80 -1 -1 -1 -1 label : spot-1 0.37
462 22 212 349 97 32 -1 -1 -1 -1 label : spot-1 0.36
463 21 1023 427 256 83 -1 -1 -1 -1 label : spot-1 0.37
463 22 210 349 98 33 -1 -1 -1 -1 label : spot-1 0.36
464 21 1037 429 239 90 -1 -1 -1 -1 label : spot-1 0.35
464 22 203 350 104 33 -1 -1 -1 -1 label : spot-1 0.32
465 21 1036 429 243 93 -1 -1 -1 -1 label : spot-1 0.35
465 22 201 350 106 34 -1 -1 -1 -1 label : spot-1 0.32
468 22 185 348 113 35 -1 -1 -1 -1 label : spot-1 0.42
469 22 180 348 114 35 -1 -1 -1 -1 label : spot-1 0.42
470 22 173 348 113 37 -1 -1 -1 -1 label : spot-1 0.41
471 22 170 348 114 37 -1 -1 -1 -1 label : spot-1 0.41
472 22 159 350 123 37 -1 -1 -1 -1 label : spot-1 0.41
473 22 157 350 124 38 -1 -1 -1 -1 label : spot-1 0.40
474 22 150 351 124 37 -1 -1 -1 -1 label : spot-1 0.41
475 22 147 351 125 38 -1 -1 -1 -1 label : spot-1 0.40
476 22 140 352 129 38 -1 -1 -1 -1 label : spot-1 0.42
477 22 137 352 131 39 -1 -1 -1 -1 label : spot-1 0.42
478 22 126 353 139 38 -1 -1 -1 -1 label : spot-1 0.44
479 22 124 354 138 38 -1 -1 -1 -1 label : spot-1 0.44
480 21 914 385 123 47 -1 -1 -1 -1 label : spot-1 0.43
480 22 116 354 143 39 -1 -1 -1 -1 label : spot-1 0.32
481 21 912 384 113 43 -1 -1 -1 -1 label : spot-1 0.43
481 22 113 354 146 40 -1 -1 -1 -1 label : spot-1 0.32
482 21 916 385 115 43 -1 -1 -1 -1 label : spot-1 0.44
482 22 105 355 149 39 -1 -1 -1 -1 label : spot-1 0.37
483 21 917 385 116 44 -1 -1 -1 -1 label : spot-1 0.44
483 22 103 355 148 40 -1 -1 -1 -1 label : spot-1 0.38
484 21 921 386 122 45 -1 -1 -1 -1 label : spot-1 0.54
484 22 92 356 153 41 -1 -1 -1 -1 label : spot-1 0.45
485 21 923 386 123 46 -1 -1 -1 -1 label : spot-1 0.54
485 22 88 357 155 41 -1 -1 -1 -1 label : spot-1 0.44
486 21 926 387 129 48 -1 -1 -1 -1 label : spot-1 0.45
486 22 78 359 167 44 -1 -1 -1 -1 label : spot-1 0.40
487 21 927 388 132 48 -1 -1 -1 -1 label : spot-1 0.44
487 22 76 359 168 46 -1 -1 -1 -1 label : spot-1 0.40
488 21 935 389 133 51 -1 -1 -1 -1 label : spot-1 0.44
488 22 69 362 184 46 -1 -1 -1 -1 label : spot-1 0.33
489 21 938 390 134 51 -1 -1 -1 -1 label : spot-1 0.44
489 22 70 362 182 47 -1 -1 -1 -1 label : spot-1 0.34
490 21 938 391 146 54 -1 -1 -1 -1 label : spot-1 0.45
490 22 54 362 180 50 -1 -1 -1 -1 label : spot-1 0.39
491 21 939 392 148 55 -1 -1 -1 -1 label : spot-1 0.45
491 22 46 362 184 51 -1 -1 -1 -1 label : spot-1 0.40
492 21 947 393 151 56 -1 -1 -1 -1 label : spot-1 0.40
492 22 32 362 197 50 -1 -1 -1 -1 label : spot-1 0.35
493 21 943 394 162 56 -1 -1 -1 -1 label : spot-1 0.40
493 22 29 362 197 50 -1 -1 -1 -1 label : spot-1 0.35
494 21 956 396 157 58 -1 -1 -1 -1 label : spot-1 0.41
495 21 959 396 159 59 -1 -1 -1 -1 label : spot-1 0.40
496 21 961 398 172 62 -1 -1 -1 -1 label : spot-1 0.36
497 21 963 398 175 64 -1 -1 -1 -1 label : spot-1 0.36
498 21 962 401 186 68 -1 -1 -1 -1 label : spot-1 0.56
499 21 962 401 190 70 -1 -1 -1 -1 label : spot-1 0.56
500 21 965 404 204 71 -1 -1 -1 -1 label : spot-1 0.59
501 21 967 404 206 73 -1 -1 -1 -1 label : spot-1 0.59
502 21 978 405 207 73 -1 -1 -1 -1 label : spot-1 0.57
503 21 983 406 206 72 -1 -1 -1 -1 label : spot-1 0.57
504 21 1002 407 201 78 -1 -1 -1 -1 label : spot-1 0.57
505 21 1006 407 205 80 -1 -1 -1 -1 label : spot-1 0.57
506 21 999 409 234 84 -1 -1 -1 -1 label : spot-1 0.57
507 21 1000 410 237 85 -1 -1 -1 -1 label : spot-1 0.58
508 21 1016 411 245 81 -1 -1 -1 -1 label : spot-1 0.53
509 21 1027 412 238 80 -1 -1 -1 -1 label : spot-1 0.53
510 21 1034 416 241 83 -1 -1 -1 -1 label : spot-1 0.42
511 21 1038 417 241 85 -1 -1 -1 -1 label : spot-1 0.42
512 21 1048 417 227 95 -1 -1 -1 -1 label : spot-1 0.39
513 21 1044 416 235 100 -1 -1 -1 -1 label : spot-1 0.39
514 21 1037 418 242 103 -1 -1 -1 -1 label : spot-1 0.47
515 21 1035 419 244 103 -1 -1 -1 -1 label : spot-1 0.47
516 21 1036 421 243 103 -1 -1 -1 -1 label : spot-1 0.35
517 21 1036 422 243 104 -1 -1 -1 -1 label : spot-1 0.35
518 21 1123 420 143 100 -1 -1 -1 -1 label : spot-1 0.41
519 21 1137 419 140 99 -1 -1 -1 -1 label : spot-1 0.42
524 21 1078 426 201 131 -1 -1 -1 -1 label : spot-1 0.31
525 21 1069 427 210 135 -1 -1 -1 -1 label : spot-1 0.31
530 27 242 300 13 51 -1 -1 -1 -1 label : fireHydrant 0.37
531 27 241 301 13 51 -1 -1 -1 -1 label : fireHydrant 0.37
566 28 911 374 107 41 -1 -1 -1 -1 label : spot-1 0.43
567 28 913 375 107 41 -1 -1 -1 -1 label : spot-1 0.43
568 28 915 375 110 43 -1 -1 -1 -1 label : spot-1 0.41
569 28 916 376 111 43 -1 -1 -1 -1 label : spot-1 0.41
570 28 918 375 116 45 -1 -1 -1 -1 label : spot-1 0.43
571 28 919 375 117 45 -1 -1 -1 -1 label : spot-1 0.43
572 28 922 374 118 47 -1 -1 -1 -1 label : spot-1 0.50
573 28 922 374 120 48 -1 -1 -1 -1 label : spot-1 0.50
574 28 924 374 126 48 -1 -1 -1 -1 label : spot-1 0.51
575 28 926 374 125 48 -1 -1 -1 -1 label : spot-1 0.50
576 28 926 374 129 49 -1 -1 -1 -1 label : spot-1 0.44
577 28 927 374 129 49 -1 -1 -1 -1 label : spot-1 0.44
578 28 931 374 133 49 -1 -1 -1 -1 label : spot-1 0.38
579 28 933 375 134 49 -1 -1 -1 -1 label : spot-1 0.37
580 28 932 375 138 49 -1 -1 -1 -1 label : spot-1 0.44
581 28 932 375 138 50 -1 -1 -1 -1 label : spot-1 0.44
582 28 938 376 138 51 -1 -1 -1 -1 label : spot-1 0.52
583 28 939 376 140 51 -1 -1 -1 -1 label : spot-1 0.52
584 28 941 375 144 54 -1 -1 -1 -1 label : spot-1 0.53
585 28 941 375 146 55 -1 -1 -1 -1 label : spot-1 0.53
586 28 939 375 157 55 -1 -1 -1 -1 label : spot-1 0.60
587 28 940 375 158 56 -1 -1 -1 -1 label : spot-1 0.59
588 28 945 376 160 56 -1 -1 -1 -1 label : spot-1 0.58
589 28 947 376 160 57 -1 -1 -1 -1 label : spot-1 0.59
590 28 949 377 168 58 -1 -1 -1 -1 label : spot-1 0.59
591 28 950 377 170 59 -1 -1 -1 -1 label : spot-1 0.59
592 28 954 377 171 61 -1 -1 -1 -1 label : spot-1 0.59
593 28 954 377 173 63 -1 -1 -1 -1 label : spot-1 0.60
594 28 954 380 182 62 -1 -1 -1 -1 label : spot-1 0.58
595 28 956 380 181 63 -1 -1 -1 -1 label : spot-1 0.59
596 28 957 381 189 63 -1 -1 -1 -1 label : spot-1 0.62
597 28 958 381 190 64 -1 -1 -1 -1 label : spot-1 0.63
598 28 961 382 196 66 -1 -1 -1 -1 label : spot-1 0.65
599 28 961 383 199 66 -1 -1 -1 -1 label : spot-1 0.64
600 28 963 384 205 65 -1 -1 -1 -1 label : spot-1 0.57
601 28 965 385 204 64 -1 -1 -1 -1 label : spot-1 0.57
602 28 963 385 218 65 -1 -1 -1 -1 label : spot-1 0.61
603 28 965 386 218 64 -1 -1 -1 -1 label : spot-1 0.61
604 28 968 388 228 59 -1 -1 -1 -1 label : spot-1 0.50
605 28 975 389 220 56 -1 -1 -1 -1 label : spot-1 0.50
606 28 987 389 216 65 -1 -1 -1 -1 label : spot-1 0.63
607 28 986 390 225 67 -1 -1 -1 -1 label : spot-1 0.63
608 28 979 390 248 64 -1 -1 -1 -1 label : spot-1 0.49
609 28 983 390 242 62 -1 -1 -1 -1 label : spot-1 0.48
610 28 993 390 234 67 -1 -1 -1 -1 label : spot-1 0.56
611 28 992 390 239 70 -1 -1 -1 -1 label : spot-1 0.56
612 28 992 392 260 68 -1 -1 -1 -1 label : spot-1 0.44
613 28 997 392 258 68 -1 -1 -1 -1 label : spot-1 0.46
614 28 1009 393 253 69 -1 -1 -1 -1 label : spot-1 0.36
615 28 1015 394 250 69 -1 -1 -1 -1 label : spot-1 0.35
616 28 1001 394 278 71 -1 -1 -1 -1 label : spot-1 0.46
617 28 1000 395 279 71 -1 -1 -1 -1 label : spot-1 0.47
618 28 1077 397 186 79 -1 -1 -1 -1 label : spot-1 0.50
619 28 1084 398 192 82 -1 -1 -1 -1 label : spot-1 0.50
620 28 1085 397 194 85 -1 -1 -1 -1 label : spot-1 0.45
621 28 1082 397 197 86 -1 -1 -1 -1 label : spot-1 0.45
622 28 1041 396 238 87 -1 -1 -1 -1 label : spot-1 0.55
623 28 1035 396 244 87 -1 -1 -1 -1 label : spot-1 0.55
624 28 1073 396 201 90 -1 -1 -1 -1 label : spot-1 0.53
625 28 1078 397 201 91 -1 -1 -1 -1 label : spot-1 0.52
626 28 1076 397 203 92 -1 -1 -1 -1 label : spot-1 0.53
627 28 1076 398 203 91 -1 -1 -1 -1 label : spot-1 0.53
628 28 1090 397 189 92 -1 -1 -1 -1 label : spot-1 0.47
629 28 1096 397 183 91 -1 -1 -1 -1 label : spot-1 0.48
630 28 1114 397 163 93 -1 -1 -1 -1 label : spot-1 0.53
631 28 1117 398 162 93 -1 -1 -1 -1 label : spot-1 0.54
632 28 1129 398 150 92 -1 -1 -1 -1 label : spot-1 0.54
633 28 1132 398 147 91 -1 -1 -1 -1 label : spot-1 0.54
634 28 1134 400 145 90 -1 -1 -1 -1 label : spot-1 0.44
635 28 1135 400 144 90 -1 -1 -1 -1 label : spot-1 0.43
684 29 1021 288 16 36 -1 -1 -1 -1 label : fireHydrant 0.37
685 29 1022 288 16 36 -1 -1 -1 -1 label : fireHydrant 0.36
688 29 1025 288 16 36 -1 -1 -1 -1 label : fireHydrant 0.38
689 29 1026 288 15 36 -1 -1 -1 -1 label : fireHydrant 0.42
698 29 1031 290 17 34 -1 -1 -1 -1 label : fireHydrant 0.34
699 29 1033 290 17 35 -1 -1 -1 -1 label : fireHydrant 0.33
700 29 1035 291 17 34 -1 -1 -1 -1 label : fireHydrant 0.32
701 29 1035 291 17 34 -1 -1 -1 -1 label : fireHydrant 0.32
717 30 159 282 11 26 -1 -1 -1 -1 label : fireHydrant 0.56
718 30 158 283 11 25 -1 -1 -1 -1 label : fireHydrant 0.32
728 30 154 286 11 25 -1 -1 -1 -1 label : fireHydrant 0.31
729 30 152 287 11 26 -1 -1 -1 -1 label : fireHydrant 0.31
736 30 146 289 11 26 -1 -1 -1 -1 label : fireHydrant 0.39
737 30 143 290 11 26 -1 -1 -1 -1 label : fireHydrant 0.39
740 30 141 291 12 26 -1 -1 -1 -1 label : fireHydrant 0.33
741 30 141 291 12 27 -1 -1 -1 -1 label : fireHydrant 0.33
744 30 141 290 11 26 -1 -1 -1 -1 label : fireHydrant 0.40
745 30 141 290 10 25 -1 -1 -1 -1 label : fireHydrant 0.39
746 30 141 289 11 25 -1 -1 -1 -1 label : fireHydrant 0.38
747 30 141 289 11 25 -1 -1 -1 -1 label : fireHydrant 0.37
754 30 137 289 12 26 -1 -1 -1 -1 label : fireHydrant 0.46
755 30 135 289 12 27 -1 -1 -1 -1 label : fireHydrant 0.46
760 30 134 289 12 27 -1 -1 -1 -1 label : fireHydrant 0.34
772 30 132 291 9 25 -1 -1 -1 -1 label : fireHydrant 0.37
773 30 131 292 9 25 -1 -1 -1 -1 label : fireHydrant 0.37
774 30 129 292 10 25 -1 -1 -1 -1 label : fireHydrant 0.33
775 30 128 292 11 25 -1 -1 -1 -1 label : fireHydrant 0.33
776 30 127 292 11 24 -1 -1 -1 -1 label : fireHydrant 0.33
777 30 127 292 11 24 -1 -1 -1 -1 label : fireHydrant 0.33
802 31 798 310 122 24 -1 -1 -1 -1 label : spot-2 0.48
803 31 798 311 122 23 -1 -1 -1 -1 label : spot-2 0.48
804 31 795 311 123 22 -1 -1 -1 -1 label : spot-2 0.47
805 31 796 312 121 22 -1 -1 -1 -1 label : spot-2 0.47
806 31 797 312 118 22 -1 -1 -1 -1 label : spot-2 0.49
807 31 797 313 118 21 -1 -1 -1 -1 label : spot-2 0.49
808 31 798 313 115 22 -1 -1 -1 -1 label : spot-2 0.48
809 31 798 313 115 22 -1 -1 -1 -1 label : spot-2 0.48
810 31 798 313 113 22 -1 -1 -1 -1 label : spot-2 0.46
811 31 798 313 113 22 -1 -1 -1 -1 label : spot-2 0.46
812 31 797 313 111 22 -1 -1 -1 -1 label : spot-2 0.48
813 31 797 313 110 22 -1 -1 -1 -1 label : spot-2 0.47
814 31 797 312 108 22 -1 -1 -1 -1 label : spot-2 0.42
815 31 796 312 109 22 -1 -1 -1 -1 label : spot-2 0.43
816 31 798 312 103 21 -1 -1 -1 -1 label : spot-2 0.34
817 31 798 312 102 21 -1 -1 -1 -1 label : spot-2 0.34
836 32 118 293 12 28 -1 -1 -1 -1 label : fireHydrant 0.52
837 32 117 292 12 30 -1 -1 -1 -1 label : fireHydrant 0.52
838 32 117 292 13 30 -1 -1 -1 -1 label : fireHydrant 0.50
839 32 116 292 13 30 -1 -1 -1 -1 label : fireHydrant 0.52
840 32 117 292 12 29 -1 -1 -1 -1 label : fireHydrant 0.50
841 32 116 292 12 29 -1 -1 -1 -1 label : fireHydrant 0.52
842 32 116 291 13 30 -1 -1 -1 -1 label : fireHydrant 0.49
843 32 115 291 13 29 -1 -1 -1 -1 label : fireHydrant 0.50
844 32 116 291 12 30 -1 -1 -1 -1 label : fireHydrant 0.42
845 32 115 291 12 30 -1 -1 -1 -1 label : fireHydrant 0.43
892 33 118 296 9 24 -1 -1 -1 -1 label : fireHydrant 0.43
893 33 117 295 11 26 -1 -1 -1 -1 label : fireHydrant 0.43
894 33 116 295 11 26 -1 -1 -1 -1 label : fireHydrant 0.43
895 33 116 295 11 26 -1 -1 -1 -1 label : fireHydrant 0.46
896 33 116 295 11 25 -1 -1 -1 -1 label : fireHydrant 0.45
897 33 116 294 11 27 -1 -1 -1 -1 label : fireHydrant 0.45
898 33 116 294 12 26 -1 -1 -1 -1 label : fireHydrant 0.54
899 33 115 293 13 27 -1 -1 -1 -1 label : fireHydrant 0.53
900 33 115 294 13 27 -1 -1 -1 -1 label : fireHydrant 0.47
901 33 115 294 12 27 -1 -1 -1 -1 label : fireHydrant 0.47
902 33 115 294 12 27 -1 -1 -1 -1 label : fireHydrant 0.49
903 33 115 293 12 28 -1 -1 -1 -1 label : fireHydrant 0.50
904 33 115 294 13 27 -1 -1 -1 -1 label : fireHydrant 0.47
905 33 115 294 13 27 -1 -1 -1 -1 label : fireHydrant 0.47
906 33 115 294 12 27 -1 -1 -1 -1 label : fireHydrant 0.42
907 33 116 294 11 27 -1 -1 -1 -1 label : fireHydrant 0.45
908 33 115 294 13 27 -1 -1 -1 -1 label : fireHydrant 0.40
909 33 115 294 13 27 -1 -1 -1 -1 label : fireHydrant 0.40
910 33 115 294 12 27 -1 -1 -1 -1 label : fireHydrant 0.37
911 33 116 294 11 27 -1 -1 -1 -1 label : fireHydrant 0.37
912 33 116 294 11 27 -1 -1 -1 -1 label : fireHydrant 0.37
913 33 116 294 11 27 -1 -1 -1 -1 label : fireHydrant 0.37
924 33 114 294 12 27 -1 -1 -1 -1 label : fireHydrant 0.32
925 33 114 294 12 27 -1 -1 -1 -1 label : fireHydrant 0.32
930 33 113 294 13 28 -1 -1 -1 -1 label : fireHydrant 0.39
931 33 113 295 13 27 -1 -1 -1 -1 label : fireHydrant 0.41
932 33 114 294 12 28 -1 -1 -1 -1 label : fireHydrant 0.39
933 33 113 294 12 28 -1 -1 -1 -1 label : fireHydrant 0.39
934 33 113 294 13 28 -1 -1 -1 -1 label : fireHydrant 0.40
935 33 112 293 13 29 -1 -1 -1 -1 label : fireHydrant 0.40
936 33 112 295 14 28 -1 -1 -1 -1 label : fireHydrant 0.35
937 33 112 295 13 28 -1 -1 -1 -1 label : fireHydrant 0.35
938 33 112 295 13 28 -1 -1 -1 -1 label : fireHydrant 0.41
939 33 112 295 13 28 -1 -1 -1 -1 label : fireHydrant 0.39
940 33 112 296 13 28 -1 -1 -1 -1 label : fireHydrant 0.34
941 33 112 296 13 28 -1 -1 -1 -1 label : fireHydrant 0.35
942 33 112 296 14 28 -1 -1 -1 -1 label : fireHydrant 0.31
943 33 111 296 15 28 -1 -1 -1 -1 label : fireHydrant 0.31
944 33 112 297 13 28 -1 -1 -1 -1 label : fireHydrant 0.43
945 33 111 297 14 29 -1 -1 -1 -1 label : fireHydrant 0.44
946 33 112 296 13 30 -1 -1 -1 -1 label : fireHydrant 0.47
947 33 111 296 14 30 -1 -1 -1 -1 label : fireHydrant 0.47
948 33 111 296 15 30 -1 -1 -1 -1 label : fireHydrant 0.34
949 33 111 296 15 30 -1 -1 -1 -1 label : fireHydrant 0.34
950 33 111 297 14 29 -1 -1 -1 -1 label : fireHydrant 0.31
951 33 111 297 14 29 -1 -1 -1 -1 label : fireHydrant 0.30
952 33 110 297 14 29 -1 -1 -1 -1 label : fireHydrant 0.31
956 36 801 314 112 20 -1 -1 -1 -1 label : spot-2 0.31
957 36 802 314 112 20 -1 -1 -1 -1 label : spot-2 0.31
958 36 802 314 112 20 -1 -1 -1 -1 label : spot-2 0.32
959 36 802 314 111 20 -1 -1 -1 -1 label : spot-2 0.32
960 36 801 314 114 20 -1 -1 -1 -1 label : spot-2 0.33
961 36 801 314 114 20 -1 -1 -1 -1 label : spot-2 0.33
988 37 103 296 11 25 -1 -1 -1 -1 label : fireHydrant 0.51
989 37 103 295 12 27 -1 -1 -1 -1 label : fireHydrant 0.51
990 37 103 295 13 27 -1 -1 -1 -1 label : fireHydrant 0.47
991 37 103 295 13 27 -1 -1 -1 -1 label : fireHydrant 0.45
992 37 103 294 12 28 -1 -1 -1 -1 label : fireHydrant 0.41
993 37 103 293 13 29 -1 -1 -1 -1 label : fireHydrant 0.41
994 37 103 293 12 28 -1 -1 -1 -1 label : fireHydrant 0.43
995 37 103 293 12 28 -1 -1 -1 -1 label : fireHydrant 0.44
996 37 103 294 11 27 -1 -1 -1 -1 label : fireHydrant 0.39
997 37 103 294 12 27 -1 -1 -1 -1 label : fireHydrant 0.40
1002 37 102 291 12 28 -1 -1 -1 -1 label : fireHydrant 0.36
1003 37 102 291 12 28 -1 -1 -1 -1 label : fireHydrant 0.36
1004 37 101 290 11 28 -1 -1 -1 -1 label : fireHydrant 0.47
1005 37 101 290 11 28 -1 -1 -1 -1 label : fireHydrant 0.48
1005 40 808 310 115 22 -1 -1 -1 -1 label : spot-2 0.31
1006 37 100 290 11 28 -1 -1 -1 -1 label : fireHydrant 0.32
1007 40 805 308 116 22 -1 -1 -1 -1 label : spot-2 0.33
1008 40 805 308 117 22 -1 -1 -1 -1 label : spot-2 0.30
1009 40 805 308 117 22 -1 -1 -1 -1 label : spot-2 0.31
1010 40 806 308 117 23 -1 -1 -1 -1 label : spot-2 0.35
1011 40 806 308 118 23 -1 -1 -1 -1 label : spot-2 0.35
1012 40 806 308 118 23 -1 -1 -1 -1 label : spot-2 0.36
1013 40 807 308 116 23 -1 -1 -1 -1 label : spot-2 0.36
1014 40 807 307 116 24 -1 -1 -1 -1 label : spot-2 0.36
1015 40 806 307 118 24 -1 -1 -1 -1 label : spot-2 0.36
1016 40 807 307 117 25 -1 -1 -1 -1 label : spot-2 0.37
1017 40 808 307 116 25 -1 -1 -1 -1 label : spot-2 0.37
1018 40 807 307 119 24 -1 -1 -1 -1 label : spot-2 0.37
1019 40 808 307 116 24 -1 -1 -1 -1 label : spot-2 0.37
1020 40 808 307 116 24 -1 -1 -1 -1 label : spot-2 0.38
1021 40 809 307 115 23 -1 -1 -1 -1 label : spot-2 0.38
1022 40 809 307 115 23 -1 -1 -1 -1 label : spot-2 0.36
1023 40 809 307 115 23 -1 -1 -1 -1 label : spot-2 0.36
1024 40 808 307 116 23 -1 -1 -1 -1 label : spot-2 0.37
1025 40 808 307 116 23 -1 -1 -1 -1 label : spot-2 0.37
1026 37 96 288 12 31 -1 -1 -1 -1 label : fireHydrant 0.37
1026 40 807 307 116 23 -1 -1 -1 -1 label : spot-2 0.34
1027 37 96 288 13 32 -1 -1 -1 -1 label : fireHydrant 0.39
1027 40 807 307 115 23 -1 -1 -1 -1 label : spot-2 0.34
1028 37 95 289 14 30 -1 -1 -1 -1 label : fireHydrant 0.39
1028 40 807 307 115 22 -1 -1 -1 -1 label : spot-2 0.36
1029 37 95 289 13 30 -1 -1 -1 -1 label : fireHydrant 0.39
1029 40 808 307 114 22 -1 -1 -1 -1 label : spot-2 0.36
1030 37 95 289 13 30 -1 -1 -1 -1 label : fireHydrant 0.36
1030 40 808 307 114 22 -1 -1 -1 -1 label : spot-2 0.35
1031 37 95 290 13 29 -1 -1 -1 -1 label : fireHydrant 0.37
1031 40 808 307 114 22 -1 -1 -1 -1 label : spot-2 0.34
1032 37 96 289 12 30 -1 -1 -1 -1 label : fireHydrant 0.38
1032 40 807 307 115 22 -1 -1 -1 -1 label : spot-2 0.35
1033 37 95 289 12 30 -1 -1 -1 -1 label : fireHydrant 0.37
1033 40 808 307 114 22 -1 -1 -1 -1 label : spot-2 0.34
1034 37 95 289 12 30 -1 -1 -1 -1 label : fireHydrant 0.34
1035 40 808 307 113 22 -1 -1 -1 -1 label : spot-2 0.34
1036 40 808 307 113 22 -1 -1 -1 -1 label : spot-2 0.34
1037 40 808 307 113 22 -1 -1 -1 -1 label : spot-2 0.34
1038 40 809 307 112 22 -1 -1 -1 -1 label : spot-2 0.34
1039 40 809 307 112 22 -1 -1 -1 -1 label : spot-2 0.33
1040 40 809 307 112 22 -1 -1 -1 -1 label : spot-2 0.32
1041 40 809 307 111 22 -1 -1 -1 -1 label : spot-2 0.32
1042 40 809 307 111 22 -1 -1 -1 -1 label : spot-2 0.41
1043 37 180 293 9 26 -1 -1 -1 -1 label : fireHydrant 0.40
1044 37 183 293 10 25 -1 -1 -1 -1 label : fireHydrant 0.43
1045 37 184 293 10 25 -1 -1 -1 -1 label : fireHydrant 0.43
1046 37 185 293 9 25 -1 -1 -1 -1 label : fireHydrant 0.37
1047 37 185 293 9 25 -1 -1 -1 -1 label : fireHydrant 0.37
1048 37 184 291 9 26 -1 -1 -1 -1 label : fireHydrant 0.33
1049 37 184 291 9 26 -1 -1 -1 -1 label : fireHydrant 0.32
1052 40 806 307 115 22 -1 -1 -1 -1 label : spot-2 0.34
1053 40 807 307 113 22 -1 -1 -1 -1 label : spot-2 0.35
1054 40 806 307 115 22 -1 -1 -1 -1 label : spot-2 0.40
1054 42 95 290 11 29 -1 -1 -1 -1 label : fireHydrant 0.30
1055 40 806 307 115 22 -1 -1 -1 -1 label : spot-2 0.41
1055 42 95 290 11 29 -1 -1 -1 -1 label : fireHydrant 0.31
1056 40 804 308 118 21 -1 -1 -1 -1 label : spot-2 0.41
1056 42 94 290 12 29 -1 -1 -1 -1 label : fireHydrant 0.32
1057 40 805 308 118 22 -1 -1 -1 -1 label : spot-2 0.41
1057 42 94 290 12 29 -1 -1 -1 -1 label : fireHydrant 0.32
1058 40 807 308 117 22 -1 -1 -1 -1 label : spot-2 0.39
1058 42 94 289 11 30 -1 -1 -1 -1 label : fireHydrant 0.32
1059 40 807 309 118 21 -1 -1 -1 -1 label : spot-2 0.39
1059 42 93 289 12 30 -1 -1 -1 -1 label : fireHydrant 0.33
1060 40 806 309 120 22 -1 -1 -1 -1 label : spot-2 0.36
1061 40 807 309 120 22 -1 -1 -1 -1 label : spot-2 0.36
1062 37 183 285 11 30 -1 -1 -1 -1 label : fireHydrant 0.36
1062 40 807 309 119 22 -1 -1 -1 -1 label : spot-2 0.30
1063 37 184 284 11 31 -1 -1 -1 -1 label : fireHydrant 0.36
1063 40 807 309 119 22 -1 -1 -1 -1 label : spot-2 0.30
1064 40 806 309 120 22 -1 -1 -1 -1 label : spot-2 0.36
1065 40 807 309 119 22 -1 -1 -1 -1 label : spot-2 0.36
1066 40 808 310 117 21 -1 -1 -1 -1 label : spot-2 0.35
1067 40 809 310 116 21 -1 -1 -1 -1 label : spot-2 0.35
1068 40 809 310 116 21 -1 -1 -1 -1 label : spot-2 0.36
1069 40 809 310 116 21 -1 -1 -1 -1 label : spot-2 0.36
1070 40 810 310 114 21 -1 -1 -1 -1 label : spot-2 0.33
1071 40 810 310 114 21 -1 -1 -1 -1 label : spot-2 0.30
1072 40 810 310 115 21 -1 -1 -1 -1 label : spot-2 0.33
1072 42 93 288 13 31 -1 -1 -1 -1 label : fireHydrant 0.31
1073 40 810 310 115 21 -1 -1 -1 -1 label : spot-2 0.33
1073 42 92 288 13 32 -1 -1 -1 -1 label : fireHydrant 0.31
1074 40 811 310 114 21 -1 -1 -1 -1 label : spot-2 0.34
1074 42 92 288 13 31 -1 -1 -1 -1 label : fireHydrant 0.34
1075 40 811 310 115 21 -1 -1 -1 -1 label : spot-2 0.34
1075 42 92 288 13 31 -1 -1 -1 -1 label : fireHydrant 0.33
1076 40 811 309 114 22 -1 -1 -1 -1 label : spot-2 0.35
1076 42 92 289 12 30 -1 -1 -1 -1 label : fireHydrant 0.30
1077 40 810 309 117 21 -1 -1 -1 -1 label : spot-2 0.35
1077 42 92 289 12 29 -1 -1 -1 -1 label : fireHydrant 0.30
1078 40 811 309 115 21 -1 -1 -1 -1 label : spot-2 0.32
1079 40 811 308 115 22 -1 -1 -1 -1 label : spot-2 0.32
1080 40 811 308 115 21 -1 -1 -1 -1 label : spot-2 0.32
1081 40 811 308 115 21 -1 -1 -1 -1 label : spot-2 0.32
1082 40 811 308 115 21 -1 -1 -1 -1 label : spot-2 0.32
1082 42 92 289 13 31 -1 -1 -1 -1 label : fireHydrant 0.31
1083 40 810 308 116 21 -1 -1 -1 -1 label : spot-2 0.34
1083 42 91 289 15 31 -1 -1 -1 -1 label : fireHydrant 0.33
1084 40 811 308 115 21 -1 -1 -1 -1 label : spot-2 0.36
1084 42 91 288 15 32 -1 -1 -1 -1 label : fireHydrant 0.32
1085 40 811 308 115 21 -1 -1 -1 -1 label : spot-2 0.37
1085 42 91 288 15 32 -1 -1 -1 -1 label : fireHydrant 0.32
1086 40 811 308 115 21 -1 -1 -1 -1 label : spot-2 0.38
1086 42 92 288 13 32 -1 -1 -1 -1 label : fireHydrant 0.31
1087 40 811 308 115 21 -1 -1 -1 -1 label : spot-2 0.38
1087 42 92 288 13 32 -1 -1 -1 -1 label : fireHydrant 0.31
1088 40 812 308 112 22 -1 -1 -1 -1 label : spot-2 0.43
1088 42 92 288 13 32 -1 -1 -1 -1 label : fireHydrant 0.31
1089 40 812 308 112 22 -1 -1 -1 -1 label : spot-2 0.44
1090 40 811 309 117 21 -1 -1 -1 -1 label : spot-2 0.35
1091 40 811 309 117 22 -1 -1 -1 -1 label : spot-2 0.37
1092 40 811 310 117 21 -1 -1 -1 -1 label : spot-2 0.37
1093 40 811 310 116 21 -1 -1 -1 -1 label : spot-2 0.36
1094 40 811 310 116 21 -1 -1 -1 -1 label : spot-2 0.35
1095 40 811 310 116 21 -1 -1 -1 -1 label : spot-2 0.35
1096 40 810 310 117 21 -1 -1 -1 -1 label : spot-2 0.34
1096 42 90 288 13 32 -1 -1 -1 -1 label : fireHydrant 0.34
1097 40 811 310 115 21 -1 -1 -1 -1 label : spot-2 0.35
1097 42 89 288 13 32 -1 -1 -1 -1 label : fireHydrant 0.33
1098 40 811 311 115 20 -1 -1 -1 -1 label : spot-2 0.31
1099 40 812 311 112 20 -1 -1 -1 -1 label : spot-2 0.31
1099 42 89 289 13 31 -1 -1 -1 -1 label : fireHydrant 0.30
1100 40 812 311 112 20 -1 -1 -1 -1 label : spot-2 0.39
1101 40 813 311 110 21 -1 -1 -1 -1 label : spot-2 0.36
1101 42 89 289 14 31 -1 -1 -1 -1 label : fireHydrant 0.30
1102 40 810 311 116 21 -1 -1 -1 -1 label : spot-2 0.40
1102 42 90 289 13 31 -1 -1 -1 -1 label : fireHydrant 0.33
1103 40 810 311 116 21 -1 -1 -1 -1 label : spot-2 0.40
1103 42 90 289 12 31 -1 -1 -1 -1 label : fireHydrant 0.33
1104 40 811 312 114 20 -1 -1 -1 -1 label : spot-2 0.42
1104 42 90 289 12 32 -1 -1 -1 -1 label : fireHydrant 0.38
1105 40 811 312 114 20 -1 -1 -1 -1 label : spot-2 0.41
1105 42 89 289 13 32 -1 -1 -1 -1 label : fireHydrant 0.37
1106 40 811 312 114 21 -1 -1 -1 -1 label : spot-2 0.43
1106 42 89 289 13 32 -1 -1 -1 -1 label : fireHydrant 0.35
1107 40 811 312 114 21 -1 -1 -1 -1 label : spot-2 0.42
1107 42 89 289 13 32 -1 -1 -1 -1 label : fireHydrant 0.35
1108 40 811 312 113 21 -1 -1 -1 -1 label : spot-2 0.41
1108 42 89 289 12 32 -1 -1 -1 -1 label : fireHydrant 0.38
1109 40 810 312 114 21 -1 -1 -1 -1 label : spot-2 0.42
1109 42 88 289 13 32 -1 -1 -1 -1 label : fireHydrant 0.36
1110 40 810 312 115 21 -1 -1 -1 -1 label : spot-2 0.41
1110 42 88 289 14 33 -1 -1 -1 -1 label : fireHydrant 0.32
1111 40 811 312 114 21 -1 -1 -1 -1 label : spot-2 0.41
1111 42 88 288 14 34 -1 -1 -1 -1 label : fireHydrant 0.31
1112 40 811 312 114 21 -1 -1 -1 -1 label : spot-2 0.38
1112 42 88 288 14 33 -1 -1 -1 -1 label : fireHydrant 0.31
1113 40 812 312 113 21 -1 -1 -1 -1 label : spot-2 0.38
1113 42 88 288 14 33 -1 -1 -1 -1 label : fireHydrant 0.31
1114 40 812 312 113 21 -1 -1 -1 -1 label : spot-2 0.31
1115 42 87 288 14 32 -1 -1 -1 -1 label : fireHydrant 0.31
1116 42 88 288 13 32 -1 -1 -1 -1 label : fireHydrant 0.38
1117 42 87 288 14 32 -1 -1 -1 -1 label : fireHydrant 0.39
1118 42 88 289 12 31 -1 -1 -1 -1 label : fireHydrant 0.39
1119 42 87 289 13 30 -1 -1 -1 -1 label : fireHydrant 0.36
1120 42 87 289 13 30 -1 -1 -1 -1 label : fireHydrant 0.33
1121 42 87 289 12 30 -1 -1 -1 -1 label : fireHydrant 0.38
1124 42 85 289 13 31 -1 -1 -1 -1 label : fireHydrant 0.46
1125 42 85 289 13 31 -1 -1 -1 -1 label : fireHydrant 0.46
1126 42 85 289 12 31 -1 -1 -1 -1 label : fireHydrant 0.36
1127 42 84 288 12 32 -1 -1 -1 -1 label : fireHydrant 0.36
1128 42 84 289 12 31 -1 -1 -1 -1 label : fireHydrant 0.35
1129 42 84 289 13 30 -1 -1 -1 -1 label : fireHydrant 0.33
1130 42 82 290 13 30 -1 -1 -1 -1 label : fireHydrant 0.32
1131 42 82 290 13 30 -1 -1 -1 -1 label : fireHydrant 0.32
1132 42 81 291 13 29 -1 -1 -1 -1 label : fireHydrant 0.34
1133 42 81 291 13 29 -1 -1 -1 -1 label : fireHydrant 0.34
1134 42 80 291 13 29 -1 -1 -1 -1 label : fireHydrant 0.36
1135 42 80 291 12 29 -1 -1 -1 -1 label : fireHydrant 0.37
1136 42 79 291 13 31 -1 -1 -1 -1 label : fireHydrant 0.44
1137 42 78 291 14 31 -1 -1 -1 -1 label : fireHydrant 0.44
1138 42 77 292 15 30 -1 -1 -1 -1 label : fireHydrant 0.35
1139 42 77 292 14 30 -1 -1 -1 -1 label : fireHydrant 0.35
1140 42 77 293 14 29 -1 -1 -1 -1 label : fireHydrant 0.33
1142 42 78 293 12 29 -1 -1 -1 -1 label : fireHydrant 0.47
1143 42 77 293 13 29 -1 -1 -1 -1 label : fireHydrant 0.47
1144 42 76 292 14 31 -1 -1 -1 -1 label : fireHydrant 0.49
1145 42 75 292 14 31 -1 -1 -1 -1 label : fireHydrant 0.49
1146 42 75 292 14 31 -1 -1 -1 -1 label : fireHydrant 0.40
1147 42 75 292 13 31 -1 -1 -1 -1 label : fireHydrant 0.40
1148 42 75 293 13 29 -1 -1 -1 -1 label : fireHydrant 0.48
1149 42 75 293 13 29 -1 -1 -1 -1 label : fireHydrant 0.47
1150 42 75 293 13 30 -1 -1 -1 -1 label : fireHydrant 0.48
1151 42 74 293 13 30 -1 -1 -1 -1 label : fireHydrant 0.48
1152 42 74 293 13 30 -1 -1 -1 -1 label : fireHydrant 0.33
1153 42 73 293 13 30 -1 -1 -1 -1 label : fireHydrant 0.34
1156 42 71 295 13 30 -1 -1 -1 -1 label : fireHydrant 0.34
1157 42 71 296 13 30 -1 -1 -1 -1 label : fireHydrant 0.33
1166 42 65 297 14 32 -1 -1 -1 -1 label : fireHydrant 0.46
1167 42 63 297 15 33 -1 -1 -1 -1 label : fireHydrant 0.46
1168 42 61 297 16 34 -1 -1 -1 -1 label : fireHydrant 0.52
1169 42 61 298 16 33 -1 -1 -1 -1 label : fireHydrant 0.52
1170 42 60 298 16 33 -1 -1 -1 -1 label : fireHydrant 0.55
1171 42 59 298 16 33 -1 -1 -1 -1 label : fireHydrant 0.55
1172 42 59 297 15 32 -1 -1 -1 -1 label : fireHydrant 0.57
1173 42 59 297 14 32 -1 -1 -1 -1 label : fireHydrant 0.57
1174 42 58 297 15 31 -1 -1 -1 -1 label : fireHydrant 0.50
1175 42 58 297 15 31 -1 -1 -1 -1 label : fireHydrant 0.50
1202 46 829 322 139 26 -1 -1 -1 -1 label : spot-2 0.37
1203 46 824 321 147 26 -1 -1 -1 -1 label : spot-2 0.37
1204 46 825 322 140 26 -1 -1 -1 -1 label : spot-2 0.42
1205 46 824 322 141 26 -1 -1 -1 -1 label : spot-2 0.43
1206 46 827 321 138 27 -1 -1 -1 -1 label : spot-2 0.41
1207 46 826 321 140 27 -1 -1 -1 -1 label : spot-2 0.41
1208 46 825 322 142 26 -1 -1 -1 -1 label : spot-2 0.36
1209 46 826 322 139 26 -1 -1 -1 -1 label : spot-2 0.37
1252 47 844 335 163 31 -1 -1 -1 -1 label : spot-2 0.41
1253 47 844 335 164 32 -1 -1 -1 -1 label : spot-2 0.39
1254 47 845 337 159 29 -1 -1 -1 -1 label : spot-2 0.43
1255 47 846 338 156 28 -1 -1 -1 -1 label : spot-2 0.43
1256 47 849 338 152 28 -1 -1 -1 -1 label : spot-2 0.37
1257 47 849 338 152 28 -1 -1 -1 -1 label : spot-2 0.38
1258 47 847 338 154 29 -1 -1 -1 -1 label : spot-2 0.39
1259 47 847 339 152 28 -1 -1 -1 -1 label : spot-2 0.38
1260 47 846 339 154 29 -1 -1 -1 -1 label : spot-2 0.37
1261 47 847 339 152 29 -1 -1 -1 -1 label : spot-2 0.36
