79 1 630 315 72 25 -1 -1 -1 -1 label : spot-0.43
80 1 633 314 72 25 -1 -1 -1 -1 label : spot-0.42
81 1 637 311 72 27 -1 -1 -1 -1 label : spot-0.50
82 1 637 310 76 27 -1 -1 -1 -1 label : spot-0.54
83 1 637 309 80 27 -1 -1 -1 -1 label : spot-0.59
83 2 942 399 332 116 -1 -1 -1 -1 label : spot-1 0.47
84 1 640 307 81 26 -1 -1 -1 -1 label : spot-0.61
84 2 989 400 284 109 -1 -1 -1 -1 label : spot-1 0.57
85 1 641 307 82 27 -1 -1 -1 -1 label : spot-0.58
85 2 993 404 286 109 -1 -1 -1 -1 label : spot-1 0.57
86 1 643 307 84 28 -1 -1 -1 -1 label : spot-0.57
86 2 1015 409 264 102 -1 -1 -1 -1 label : spot-1 0.53
87 1 644 307 87 29 -1 -1 -1 -1 label : spot-0.60
87 2 1008 414 271 94 -1 -1 -1 -1 label : spot-1 0.55
88 1 644 309 92 28 -1 -1 -1 -1 label : spot-0.53
88 2 1057 420 217 94 -1 -1 -1 -1 label : spot-1 0.51
89 1 648 313 91 27 -1 -1 -1 -1 label : spot-0.53
89 2 1060 427 219 95 -1 -1 -1 -1 label : spot-1 0.43
90 1 652 315 88 32 -1 -1 -1 -1 label : spot-0.52
90 2 1111 437 164 86 -1 -1 -1 -1 label : spot-1 0.43
91 1 649 321 98 31 -1 -1 -1 -1 label : spot-0.53
92 1 651 328 99 33 -1 -1 -1 -1 label : spot-0.57
93 1 652 335 103 32 -1 -1 -1 -1 label : spot-0.57
94 1 653 341 107 32 -1 -1 -1 -1 label : spot-0.47
95 1 655 345 110 33 -1 -1 -1 -1 label : spot-0.54
96 1 657 349 114 33 -1 -1 -1 -1 label : spot-0.57
97 1 659 350 118 34 -1 -1 -1 -1 label : spot-0.48
98 1 662 350 118 36 -1 -1 -1 -1 label : spot-0.56
99 1 665 349 119 39 -1 -1 -1 -1 label : spot-2 0.49
100 1 665 347 128 41 -1 -1 -1 -1 label : spot-0.51
101 1 670 347 131 40 -1 -1 -1 -1 label : spot-2 0.59
102 1 673 346 132 40 -1 -1 -1 -1 label : spot-2 0.44
103 1 673 343 139 45 -1 -1 -1 -1 label : spot-2 0.51
104 1 676 340 142 49 -1 -1 -1 -1 label : spot-2 0.46
105 1 676 339 153 50 -1 -1 -1 -1 label : spot-2 0.51
106 1 678 338 159 52 -1 -1 -1 -1 label : spot-2 0.53
107 1 679 339 167 53 -1 -1 -1 -1 label : spot-2 0.60
108 1 682 339 174 53 -1 -1 -1 -1 label : spot-2 0.41
109 1 687 337 176 57 -1 -1 -1 -1 label : spot-2 0.54
110 1 688 338 184 58 -1 -1 -1 -1 label : spot-0.45
111 1 693 336 189 62 -1 -1 -1 -1 label : spot-2 0.53
112 1 695 336 202 64 -1 -1 -1 -1 label : spot-2 0.68
113 1 698 336 209 66 -1 -1 -1 -1 label : spot-2 0.64
114 1 697 336 224 66 -1 -1 -1 -1 label : spot-2 0.68
115 1 703 337 227 69 -1 -1 -1 -1 label : spot-2 0.70
116 1 702 339 242 68 -1 -1 -1 -1 label : spot-2 0.69
117 1 708 341 251 70 -1 -1 -1 -1 label : spot-2 0.70
118 1 712 343 264 71 -1 -1 -1 -1 label : spot-2 0.68
119 1 718 344 271 78 -1 -1 -1 -1 label : spot-2 0.70
120 1 717 345 292 80 -1 -1 -1 -1 label : spot-2 0.67
121 1 722 345 306 86 -1 -1 -1 -1 label : spot-2 0.72
122 1 718 344 336 86 -1 -1 -1 -1 label : spot-2 0.71
123 1 725 344 345 86 -1 -1 -1 -1 label : spot-2 0.67
124 1 732 342 359 90 -1 -1 -1 -1 label : spot-2 0.69
125 1 737 341 381 94 -1 -1 -1 -1 label : spot-2 0.67
126 1 743 339 405 100 -1 -1 -1 -1 label : spot-2 0.68
127 1 744 339 435 105 -1 -1 -1 -1 label : spot-2 0.63
128 1 739 340 470 109 -1 -1 -1 -1 label : spot-2 0.55
129 1 748 341 482 111 -1 -1 -1 -1 label : spot-2 0.44
133 1 766 353 501 130 -1 -1 -1 -1 label : spot-2 0.48
134 1 767 359 510 131 -1 -1 -1 -1 label : spot-2 0.53
135 1 780 363 498 138 -1 -1 -1 -1 label : spot-2 0.48
136 1 773 367 506 134 -1 -1 -1 -1 label : spot-2 0.50
137 1 792 368 487 134 -1 -1 -1 -1 label : spot-2 0.52
138 1 795 368 484 132 -1 -1 -1 -1 label : spot-2 0.49
139 1 797 368 482 131 -1 -1 -1 -1 label : spot-2 0.51
140 1 799 368 480 127 -1 -1 -1 -1 label : spot-2 0.48
143 1 813 370 466 126 -1 -1 -1 -1 label : spot-2 0.43
158 1 960 397 315 98 -1 -1 -1 -1 label : spot-0.44
159 1 1010 406 266 91 -1 -1 -1 -1 label : spot-0.47
160 1 1044 409 232 88 -1 -1 -1 -1 label : spot-0.44
161 1 1067 409 212 84 -1 -1 -1 -1 label : spot-0.53
162 1 1085 410 194 81 -1 -1 -1 -1 label : spot-0.42
163 1 1099 414 180 81 -1 -1 -1 -1 label : spot-0.40
333 11 1006 340 27 58 -1 -1 -1 -1 label : fireHydrant 0.61
334 11 1016 342 27 58 -1 -1 -1 -1 label : fireHydrant 0.58
334 12 597 321 81 27 -1 -1 -1 -1 label : spot-1 0.42
335 11 1026 342 26 60 -1 -1 -1 -1 label : fireHydrant 0.66
335 12 598 321 83 27 -1 -1 -1 -1 label : spot-1 0.41
336 11 1036 344 26 59 -1 -1 -1 -1 label : fireHydrant 0.58
337 11 1045 346 26 61 -1 -1 -1 -1 label : fireHydrant 0.44
337 12 603 321 84 32 -1 -1 -1 -1 label : spot-1 0.43
339 12 602 322 88 31 -1 -1 -1 -1 label : spot-1 0.42
341 11 1083 353 28 63 -1 -1 -1 -1 label : fireHydrant 0.59
341 12 602 324 89 30 -1 -1 -1 -1 label : spot-1 0.41
343 11 1105 357 30 66 -1 -1 -1 -1 label : fireHydrant 0.49
350 11 1171 367 30 72 -1 -1 -1 -1 label : fireHydrant 0.61
351 11 1203 372 31 71 -1 -1 -1 -1 label : fireHydrant 0.75
352 11 1226 373 30 71 -1 -1 -1 -1 label : fireHydrant 0.63
352 12 612 327 95 32 -1 -1 -1 -1 label : spot-1 0.41
353 11 1245 374 28 72 -1 -1 -1 -1 label : fireHydrant 0.59
