3 1 454 423 318 158 -1 -1 -1 -1 label : spot-0.60
4 1 453 422 318 159 -1 -1 -1 -1 label : spot-0.61
5 1 458 422 313 159 -1 -1 -1 -1 label : spot-0.59
6 1 461 421 312 160 -1 -1 -1 -1 label : spot-0.54
7 1 462 420 312 161 -1 -1 -1 -1 label : spot-0.56
8 1 461 420 313 161 -1 -1 -1 -1 label : spot-0.57
9 1 459 420 316 161 -1 -1 -1 -1 label : spot-0.58
10 1 458 420 316 161 -1 -1 -1 -1 label : spot-0.59
11 1 458 420 316 161 -1 -1 -1 -1 label : spot-0.58
12 1 457 420 317 161 -1 -1 -1 -1 label : spot-0.57
13 1 457 420 317 161 -1 -1 -1 -1 label : spot-0.58
14 1 459 420 314 161 -1 -1 -1 -1 label : spot-0.58
15 1 458 420 315 162 -1 -1 -1 -1 label : spot-0.58
16 1 460 420 312 162 -1 -1 -1 -1 label : spot-0.61
17 1 459 420 313 161 -1 -1 -1 -1 label : spot-0.61
18 1 459 421 313 160 -1 -1 -1 -1 label : spot-0.60
19 1 459 421 312 160 -1 -1 -1 -1 label : spot-0.60
20 1 460 421 309 159 -1 -1 -1 -1 label : spot-0.60
21 1 461 423 308 157 -1 -1 -1 -1 label : spot-0.57
22 1 464 425 306 155 -1 -1 -1 -1 label : spot-0.57
23 1 463 426 308 155 -1 -1 -1 -1 label : spot-0.54
24 1 462 427 309 154 -1 -1 -1 -1 label : spot-0.59
25 1 463 427 305 154 -1 -1 -1 -1 label : spot-0.61
26 1 466 427 299 154 -1 -1 -1 -1 label : spot-0.59
27 1 466 427 301 154 -1 -1 -1 -1 label : spot-0.57
28 1 468 427 298 153 -1 -1 -1 -1 label : spot-0.54
29 1 463 426 307 154 -1 -1 -1 -1 label : spot-0.50
30 1 462 427 308 154 -1 -1 -1 -1 label : spot-0.49
31 1 462 427 306 154 -1 -1 -1 -1 label : spot-0.56
32 1 464 427 305 154 -1 -1 -1 -1 label : spot-0.46
33 1 463 427 307 154 -1 -1 -1 -1 label : spot-0.52
34 1 464 427 307 155 -1 -1 -1 -1 label : spot-0.51
35 1 463 428 307 154 -1 -1 -1 -1 label : spot-0.50
36 1 461 428 312 154 -1 -1 -1 -1 label : spot-0.52
37 1 464 427 306 156 -1 -1 -1 -1 label : spot-0.56
38 1 463 429 311 154 -1 -1 -1 -1 label : spot-0.56
39 1 466 429 308 154 -1 -1 -1 -1 label : spot-0.56
40 1 470 430 305 153 -1 -1 -1 -1 label : spot-0.50
41 1 475 430 306 152 -1 -1 -1 -1 label : spot-0.42
42 1 481 432 301 149 -1 -1 -1 -1 label : spot-0.45
43 1 501 432 283 150 -1 -1 -1 -1 label : spot-0.38
44 1 480 432 314 151 -1 -1 -1 -1 label : spot-0.39
45 1 497 429 293 153 -1 -1 -1 -1 label : spot-0.38
46 1 497 426 302 156 -1 -1 -1 -1 label : spot-0.36
47 1 490 428 318 154 -1 -1 -1 -1 label : spot-0.40
48 1 499 427 309 155 -1 -1 -1 -1 label : spot-0.44
49 1 499 427 312 154 -1 -1 -1 -1 label : spot-0.30
50 1 508 429 305 152 -1 -1 -1 -1 label : spot-0.33
53 1 515 429 317 151 -1 -1 -1 -1 label : spot-0.43
54 1 516 431 324 151 -1 -1 -1 -1 label : spot-0.49
55 1 524 432 322 150 -1 -1 -1 -1 label : spot-0.49
56 1 533 433 319 149 -1 -1 -1 -1 label : spot-0.50
57 1 538 433 323 147 -1 -1 -1 -1 label : spot-0.51
58 1 553 431 319 148 -1 -1 -1 -1 label : spot-0.51
59 1 556 431 331 146 -1 -1 -1 -1 label : spot-0.54
60 1 560 431 341 148 -1 -1 -1 -1 label : spot-0.53
61 1 565 429 354 151 -1 -1 -1 -1 label : spot-0.49
62 1 577 429 346 152 -1 -1 -1 -1 label : spot-0.54
63 1 581 429 370 152 -1 -1 -1 -1 label : spot-0.50
64 1 588 430 378 151 -1 -1 -1 -1 label : spot-0.39
65 1 612 427 357 157 -1 -1 -1 -1 label : spot-0.39
66 1 625 429 357 152 -1 -1 -1 -1 label : spot-0.45
67 1 630 430 365 150 -1 -1 -1 -1 label : spot-0.40
68 1 632 431 390 149 -1 -1 -1 -1 label : spot-0.32
126 4 940 396 217 95 -1 -1 -1 -1 label : spot-1 0.45
127 4 949 397 222 91 -1 -1 -1 -1 label : spot-1 0.54
128 4 957 398 226 99 -1 -1 -1 -1 label : spot-1 0.54
129 4 935 400 286 88 -1 -1 -1 -1 label : spot-1 0.54
130 4 935 402 325 88 -1 -1 -1 -1 label : spot-1 0.55
131 4 934 405 341 89 -1 -1 -1 -1 label : spot-1 0.55
132 4 942 407 332 95 -1 -1 -1 -1 label : spot-1 0.52
133 4 941 408 336 101 -1 -1 -1 -1 label : spot-1 0.53
134 4 940 409 336 109 -1 -1 -1 -1 label : spot-1 0.51
135 4 937 410 342 112 -1 -1 -1 -1 label : spot-1 0.52
136 4 943 408 336 114 -1 -1 -1 -1 label : spot-1 0.41
137 4 937 408 342 112 -1 -1 -1 -1 label : spot-1 0.44
138 4 936 409 343 110 -1 -1 -1 -1 label : spot-1 0.44
139 4 935 410 344 106 -1 -1 -1 -1 label : spot-1 0.48
140 4 940 413 339 106 -1 -1 -1 -1 label : spot-1 0.42
141 4 945 415 330 116 -1 -1 -1 -1 label : spot-1 0.46
142 4 940 419 336 123 -1 -1 -1 -1 label : spot-1 0.49
143 4 945 421 328 131 -1 -1 -1 -1 label : spot-1 0.41
144 4 951 424 324 136 -1 -1 -1 -1 label : spot-1 0.36
145 4 950 427 329 135 -1 -1 -1 -1 label : spot-1 0.39
146 4 967 429 308 139 -1 -1 -1 -1 label : spot-1 0.32
236 6 958 326 30 57 -1 -1 -1 -1 label : fireHydrant 0.53
238 6 976 326 30 59 -1 -1 -1 -1 label : fireHydrant 0.68
239 6 989 325 32 61 -1 -1 -1 -1 label : fireHydrant 0.68
240 6 1001 325 31 60 -1 -1 -1 -1 label : fireHydrant 0.42
241 6 1014 322 31 66 -1 -1 -1 -1 label : fireHydrant 0.38
242 6 1023 322 39 68 -1 -1 -1 -1 label : fireHydrant 0.51
243 6 1039 322 37 73 -1 -1 -1 -1 label : fireHydrant 0.45
244 6 1052 322 40 73 -1 -1 -1 -1 label : fireHydrant 0.44
