84 3 776 435 151 35 -1 -1 -1 -1 label : spot-1 0.45
116 5 825 440 372 76 -1 -1 -1 -1 label : spot-2 0.52
117 5 829 439 376 87 -1 -1 -1 -1 label : spot-2 0.55
118 5 828 440 400 95 -1 -1 -1 -1 label : spot-2 0.52
119 5 822 442 432 94 -1 -1 -1 -1 label : spot-2 0.46
119 6 64 433 301 77 -1 -1 -1 -1 label : spot-2 0.46
120 5 827 444 446 97 -1 -1 -1 -1 label : spot-2 0.49
122 6 12 439 348 78 -1 -1 -1 -1 label : spot-2 0.44
123 6 8 440 336 93 -1 -1 -1 -1 label : spot-2 0.54
124 6 6 442 330 107 -1 -1 -1 -1 label : spot-2 0.46
125 5 839 451 440 110 -1 -1 -1 -1 label : spot-2 0.59
125 6 0 441 346 108 -1 -1 -1 -1 label : spot-2 0.53
126 5 836 452 443 108 -1 -1 -1 -1 label : spot-2 0.47
126 6 0 443 337 103 -1 -1 -1 -1 label : spot-2 0.45
127 5 836 454 443 110 -1 -1 -1 -1 label : spot-2 0.44
128 5 842 455 437 105 -1 -1 -1 -1 label : spot-2 0.50
129 5 842 456 437 107 -1 -1 -1 -1 label : spot-2 0.53
130 6 0 445 341 114 -1 -1 -1 -1 label : spot-2 0.47
142 6 0 456 318 90 -1 -1 -1 -1 label : spot-2 0.50
143 6 0 460 293 90 -1 -1 -1 -1 label : spot-2 0.51
144 6 0 461 292 90 -1 -1 -1 -1 label : spot-2 0.47
146 6 0 465 288 84 -1 -1 -1 -1 label : spot-2 0.47
148 6 0 467 284 75 -1 -1 -1 -1 label : spot-2 0.47
149 6 0 467 274 73 -1 -1 -1 -1 label : spot-2 0.58
150 6 3 468 263 76 -1 -1 -1 -1 label : spot-2 0.61
151 6 6 467 252 85 -1 -1 -1 -1 label : spot-2 0.48
152 6 0 468 263 81 -1 -1 -1 -1 label : spot-2 0.46
177 10 840 451 154 51 -1 -1 -1 -1 label : spot-1 0.51
178 10 840 452 163 55 -1 -1 -1 -1 label : spot-1 0.57
179 10 846 454 163 56 -1 -1 -1 -1 label : spot-1 0.58
180 10 850 454 171 59 -1 -1 -1 -1 label : spot-1 0.52
181 10 852 455 182 61 -1 -1 -1 -1 label : spot-1 0.56
182 10 858 455 186 63 -1 -1 -1 -1 label : spot-1 0.60
183 10 866 454 190 65 -1 -1 -1 -1 label : spot-1 0.59
184 10 874 454 197 66 -1 -1 -1 -1 label : spot-1 0.61
185 10 875 455 213 65 -1 -1 -1 -1 label : spot-1 0.63
186 10 884 459 219 63 -1 -1 -1 -1 label : spot-1 0.55
187 10 886 462 234 56 -1 -1 -1 -1 label : spot-1 0.55
188 10 904 464 226 62 -1 -1 -1 -1 label : spot-1 0.59
189 10 914 466 227 70 -1 -1 -1 -1 label : spot-1 0.60
190 10 911 470 254 75 -1 -1 -1 -1 label : spot-1 0.67
191 10 919 473 263 78 -1 -1 -1 -1 label : spot-1 0.58
192 10 931 476 266 83 -1 -1 -1 -1 label : spot-1 0.66
193 10 921 480 302 83 -1 -1 -1 -1 label : spot-1 0.62
194 10 939 482 298 92 -1 -1 -1 -1 label : spot-1 0.67
195 10 934 485 335 94 -1 -1 -1 -1 label : spot-1 0.59
197 10 941 492 338 87 -1 -1 -1 -1 label : spot-1 0.46
199 10 973 497 306 83 -1 -1 -1 -1 label : invalidspot-coloredCurb 0.44
