101 6 765 430 136 57 -1 -1 -1 -1 label : spot-1 0.36
102 6 764 430 140 61 -1 -1 -1 -1 label : spot-1 0.35
106 6 756 430 162 65 -1 -1 -1 -1 label : spot-1 0.38
107 6 754 430 170 68 -1 -1 -1 -1 label : spot-1 0.42
109 6 745 432 188 66 -1 -1 -1 -1 label : spot-2 0.31
110 6 743 434 194 65 -1 -1 -1 -1 label : spot-2 0.33
111 6 744 435 198 64 -1 -1 -1 -1 label : spot-2 0.44
112 6 744 437 199 63 -1 -1 -1 -1 label : spot-2 0.39
113 6 742 438 213 61 -1 -1 -1 -1 label : spot-2 0.41
114 6 747 439 215 61 -1 -1 -1 -1 label : spot-2 0.50
115 6 750 440 184 57 -1 -1 -1 -1 label : spot-2 0.34
118 6 738 443 243 61 -1 -1 -1 -1 label : spot-2 0.35
119 6 749 444 223 63 -1 -1 -1 -1 label : spot-2 0.38
125 6 746 446 328 77 -1 -1 -1 -1 label : spot-2 0.42
130 6 752 448 397 89 -1 -1 -1 -1 label : spot-2 0.37
132 6 746 450 469 96 -1 -1 -1 -1 label : spot-2 0.42
133 6 741 452 480 95 -1 -1 -1 -1 label : spot-2 0.35
134 6 754 453 455 98 -1 -1 -1 -1 label : spot-2 0.36
135 6 749 455 502 104 -1 -1 -1 -1 label : spot-2 0.50
136 6 768 455 461 102 -1 -1 -1 -1 label : spot-2 0.40
137 6 767 454 472 107 -1 -1 -1 -1 label : spot-2 0.47
138 6 780 456 479 111 -1 -1 -1 -1 label : spot-2 0.57
139 6 780 457 498 116 -1 -1 -1 -1 label : spot-2 0.40
140 6 775 459 504 115 -1 -1 -1 -1 label : spot-2 0.41
141 6 785 461 494 114 -1 -1 -1 -1 label : spot-2 0.33
143 6 824 458 449 121 -1 -1 -1 -1 label : invalidspot-coloredCurb 0.38
145 6 813 461 466 123 -1 -1 -1 -1 label : invalidspot-coloredCurb 0.39
146 6 799 462 480 115 -1 -1 -1 -1 label : invalidspot-coloredCurb 0.33
148 6 849 458 426 115 -1 -1 -1 -1 label : invalidspot-coloredCurb 0.31
149 6 847 459 432 109 -1 -1 -1 -1 label : invalidspot-coloredCurb 0.32
150 6 826 464 453 99 -1 -1 -1 -1 label : spot-2 0.34
151 6 854 465 418 100 -1 -1 -1 -1 label : invalidspot-coloredCurb 0.37
152 6 851 466 427 104 -1 -1 -1 -1 label : invalidspot-coloredCurb 0.36
153 6 848 469 431 104 -1 -1 -1 -1 label : invalidspot-coloredCurb 0.32
154 6 837 474 442 98 -1 -1 -1 -1 label : invalidspot-coloredCurb 0.48
157 6 852 478 427 100 -1 -1 -1 -1 label : spot-1 0.32
158 6 876 479 397 104 -1 -1 -1 -1 label : spot-2 0.38
160 6 911 481 357 111 -1 -1 -1 -1 label : spot-1 0.38
162 6 906 485 373 104 -1 -1 -1 -1 label : invalidspot-coloredCurb 0.36
163 6 958 488 316 102 -1 -1 -1 -1 label : spot-1 0.46
164 6 959 490 320 100 -1 -1 -1 -1 label : spot-1 0.47
165 6 975 492 304 98 -1 -1 -1 -1 label : spot-1 0.38
166 6 1014 492 262 96 -1 -1 -1 -1 label : spot-1 0.42
167 6 1022 494 257 93 -1 -1 -1 -1 label : spot-1 0.33
168 6 1083 494 186 96 -1 -1 -1 -1 label : spot-1 0.34
169 6 1113 501 161 95 -1 -1 -1 -1 label : spot-1 0.36
170 6 1130 505 148 97 -1 -1 -1 -1 label : spot-1 0.39
187 6 1039 476 140 86 -1 -1 -1 -1 label : spot-1 0.34
188 6 1009 468 150 84 -1 -1 -1 -1 label : spot-1 0.48
189 6 1013 467 159 83 -1 -1 -1 -1 label : spot-1 0.41
190 6 1017 467 181 84 -1 -1 -1 -1 label : spot-1 0.47
191 6 1021 472 213 82 -1 -1 -1 -1 label : spot-1 0.37
192 6 1029 479 236 89 -1 -1 -1 -1 label : spot-1 0.43
195 6 1113 477 154 103 -1 -1 -1 -1 label : spot-1 0.46
196 6 1135 483 142 99 -1 -1 -1 -1 label : spot-1 0.36
