220 4 239 302 17 49 -1 -1 -1 -1 label : fireHydrant 0.54
221 4 237 301 17 49 -1 -1 -1 -1 label : fireHydrant 0.53
222 4 235 301 16 49 -1 -1 -1 -1 label : fireHydrant 0.50
223 4 234 301 16 48 -1 -1 -1 -1 label : fireHydrant 0.51
224 4 229 303 17 46 -1 -1 -1 -1 label : fireHydrant 0.59
225 4 228 303 16 46 -1 -1 -1 -1 label : fireHydrant 0.58
226 4 223 300 16 49 -1 -1 -1 -1 label : fireHydrant 0.68
227 4 221 299 16 50 -1 -1 -1 -1 label : fireHydrant 0.69
228 4 218 303 16 48 -1 -1 -1 -1 label : fireHydrant 0.60
229 4 218 305 15 46 -1 -1 -1 -1 label : fireHydrant 0.61
230 4 212 303 18 49 -1 -1 -1 -1 label : fireHydrant 0.59
231 4 210 302 19 50 -1 -1 -1 -1 label : fireHydrant 0.60
232 4 204 302 21 53 -1 -1 -1 -1 label : fireHydrant 0.57
233 4 202 302 21 53 -1 -1 -1 -1 label : fireHydrant 0.57
234 4 199 304 22 54 -1 -1 -1 -1 label : fireHydrant 0.52
235 4 199 305 22 54 -1 -1 -1 -1 label : fireHydrant 0.52
242 4 181 307 20 57 -1 -1 -1 -1 label : fireHydrant 0.59
243 4 174 307 21 58 -1 -1 -1 -1 label : fireHydrant 0.59
354 6 857 389 167 66 -1 -1 -1 -1 label : spot-1 0.55
355 6 857 389 169 69 -1 -1 -1 -1 label : spot-1 0.54
356 6 862 389 175 73 -1 -1 -1 -1 label : spot-1 0.55
357 6 862 390 179 73 -1 -1 -1 -1 label : spot-1 0.55
360 6 864 392 202 74 -1 -1 -1 -1 label : spot-1 0.53
361 6 869 392 203 75 -1 -1 -1 -1 label : spot-1 0.54
362 6 869 395 221 73 -1 -1 -1 -1 label : spot-1 0.50
368 6 869 399 276 73 -1 -1 -1 -1 label : spot-1 0.55
369 6 879 400 277 74 -1 -1 -1 -1 label : spot-1 0.55
376 6 886 408 303 68 -1 -1 -1 -1 label : spot-1 0.51
377 6 898 410 294 66 -1 -1 -1 -1 label : spot-1 0.51
380 6 914 418 312 70 -1 -1 -1 -1 label : spot-1 0.51
381 6 919 421 320 71 -1 -1 -1 -1 label : spot-1 0.51
386 6 942 428 316 74 -1 -1 -1 -1 label : spot-1 0.50
387 6 948 431 320 75 -1 -1 -1 -1 label : spot-1 0.50
414 7 864 373 116 49 -1 -1 -1 -1 label : spot-1 0.53
415 7 865 374 118 50 -1 -1 -1 -1 label : spot-1 0.52
416 7 867 378 125 51 -1 -1 -1 -1 label : spot-1 0.59
417 7 869 380 125 51 -1 -1 -1 -1 label : spot-1 0.58
418 7 875 382 127 52 -1 -1 -1 -1 label : spot-1 0.53
419 7 878 383 127 52 -1 -1 -1 -1 label : spot-1 0.53
420 7 880 385 133 55 -1 -1 -1 -1 label : spot-1 0.51
421 7 881 385 134 56 -1 -1 -1 -1 label : spot-1 0.51
500 9 965 404 204 71 -1 -1 -1 -1 label : spot-1 0.59
501 9 968 405 205 72 -1 -1 -1 -1 label : spot-1 0.59
502 9 979 405 206 73 -1 -1 -1 -1 label : spot-1 0.57
503 9 984 406 205 72 -1 -1 -1 -1 label : spot-1 0.57
504 9 1004 407 200 78 -1 -1 -1 -1 label : spot-1 0.57
505 9 1007 407 205 80 -1 -1 -1 -1 label : spot-1 0.57
506 9 1000 410 234 83 -1 -1 -1 -1 label : spot-1 0.57
507 9 1001 411 237 84 -1 -1 -1 -1 label : spot-1 0.58
508 9 1017 411 244 81 -1 -1 -1 -1 label : spot-1 0.53
509 9 1028 412 237 80 -1 -1 -1 -1 label : spot-1 0.53
575 10 926 374 125 48 -1 -1 -1 -1 label : spot-1 0.50
582 10 935 375 138 51 -1 -1 -1 -1 label : spot-1 0.52
583 10 939 376 140 52 -1 -1 -1 -1 label : spot-1 0.52
584 10 942 375 144 54 -1 -1 -1 -1 label : spot-1 0.53
585 10 942 375 147 55 -1 -1 -1 -1 label : spot-1 0.53
586 10 940 375 157 56 -1 -1 -1 -1 label : spot-1 0.60
587 10 941 375 158 56 -1 -1 -1 -1 label : spot-1 0.59
588 10 946 376 160 56 -1 -1 -1 -1 label : spot-1 0.58
589 10 948 376 160 57 -1 -1 -1 -1 label : spot-1 0.59
590 10 950 377 168 58 -1 -1 -1 -1 label : spot-1 0.59
591 10 950 377 171 59 -1 -1 -1 -1 label : spot-1 0.59
592 10 954 377 171 62 -1 -1 -1 -1 label : spot-1 0.59
593 10 955 378 173 62 -1 -1 -1 -1 label : spot-1 0.60
594 10 954 380 182 62 -1 -1 -1 -1 label : spot-1 0.58
595 10 956 380 181 63 -1 -1 -1 -1 label : spot-1 0.59
596 10 957 381 189 63 -1 -1 -1 -1 label : spot-1 0.62
597 10 958 381 191 64 -1 -1 -1 -1 label : spot-1 0.63
598 10 961 382 196 66 -1 -1 -1 -1 label : spot-1 0.65
599 10 961 383 199 66 -1 -1 -1 -1 label : spot-1 0.64
600 10 963 384 205 65 -1 -1 -1 -1 label : spot-1 0.57
601 10 965 385 204 64 -1 -1 -1 -1 label : spot-1 0.57
602 10 963 385 218 65 -1 -1 -1 -1 label : spot-1 0.61
603 10 965 386 218 64 -1 -1 -1 -1 label : spot-1 0.61
606 10 979 388 224 68 -1 -1 -1 -1 label : spot-1 0.63
607 10 983 389 228 69 -1 -1 -1 -1 label : spot-1 0.63
610 10 987 390 241 70 -1 -1 -1 -1 label : spot-1 0.56
611 10 991 390 241 71 -1 -1 -1 -1 label : spot-1 0.56
618 10 1067 395 186 79 -1 -1 -1 -1 label : spot-1 0.50
619 10 1081 397 193 82 -1 -1 -1 -1 label : spot-1 0.50
622 10 1044 397 235 85 -1 -1 -1 -1 label : spot-1 0.55
623 10 1038 396 241 87 -1 -1 -1 -1 label : spot-1 0.55
624 10 1075 397 201 89 -1 -1 -1 -1 label : spot-1 0.53
625 10 1080 397 199 91 -1 -1 -1 -1 label : spot-1 0.52
626 10 1078 398 201 91 -1 -1 -1 -1 label : spot-1 0.53
627 10 1078 398 201 92 -1 -1 -1 -1 label : spot-1 0.53
630 10 1112 398 163 93 -1 -1 -1 -1 label : spot-1 0.53
631 10 1117 398 162 93 -1 -1 -1 -1 label : spot-1 0.54
632 10 1130 398 149 92 -1 -1 -1 -1 label : spot-1 0.54
633 10 1133 399 146 91 -1 -1 -1 -1 label : spot-1 0.54
838 12 117 293 13 29 -1 -1 -1 -1 label : fireHydrant 0.50
839 12 116 293 13 29 -1 -1 -1 -1 label : fireHydrant 0.52
841 12 117 292 12 29 -1 -1 -1 -1 label : fireHydrant 0.52
1170 15 60 298 16 33 -1 -1 -1 -1 label : fireHydrant 0.55
1171 15 59 298 16 33 -1 -1 -1 -1 label : fireHydrant 0.55
1172 15 60 297 14 32 -1 -1 -1 -1 label : fireHydrant 0.57
1173 15 59 297 14 32 -1 -1 -1 -1 label : fireHydrant 0.57
