58 6 797 424 93 28 -1 -1 -1 -1 label : spot-1 0.40
60 6 789 426 95 27 -1 -1 -1 -1 label : spot-1 0.32
62 6 784 427 95 29 -1 -1 -1 -1 label : spot-1 0.37
63 6 779 428 97 29 -1 -1 -1 -1 label : spot-1 0.31
80 6 773 433 130 31 -1 -1 -1 -1 label : spot-1 0.31
82 6 782 435 128 31 -1 -1 -1 -1 label : spot-1 0.31
92 6 786 438 168 38 -1 -1 -1 -1 label : spot-1 0.30
97 6 805 438 179 42 -1 -1 -1 -1 label : spot-2 0.30
98 6 810 438 190 45 -1 -1 -1 -1 label : spot-2 0.46
99 6 805 437 209 46 -1 -1 -1 -1 label : spot-2 0.43
100 6 806 438 216 46 -1 -1 -1 -1 label : spot-2 0.51
101 6 809 439 219 47 -1 -1 -1 -1 label : spot-2 0.59
102 6 804 439 240 44 -1 -1 -1 -1 label : spot-2 0.34
103 6 819 439 219 48 -1 -1 -1 -1 label : spot-2 0.41
104 6 821 440 231 49 -1 -1 -1 -1 label : spot-2 0.34
105 6 814 441 247 50 -1 -1 -1 -1 label : spot-2 0.42
106 6 815 441 257 53 -1 -1 -1 -1 label : spot-2 0.43
107 6 820 440 256 61 -1 -1 -1 -1 label : spot-2 0.57
108 6 812 441 283 60 -1 -1 -1 -1 label : spot-2 0.61
108 9 181 432 201 54 -1 -1 -1 -1 label : spot-2 0.48
109 6 823 443 279 60 -1 -1 -1 -1 label : spot-2 0.64
109 9 174 433 209 55 -1 -1 -1 -1 label : spot-2 0.35
110 6 832 444 277 63 -1 -1 -1 -1 label : spot-2 0.64
110 9 163 433 220 57 -1 -1 -1 -1 label : spot-2 0.58
111 6 833 445 287 65 -1 -1 -1 -1 label : spot-2 0.66
112 6 830 444 312 64 -1 -1 -1 -1 label : spot-2 0.61
112 9 143 434 235 57 -1 -1 -1 -1 label : spot-2 0.43
113 6 831 445 323 65 -1 -1 -1 -1 label : spot-2 0.63
114 6 836 443 330 71 -1 -1 -1 -1 label : spot-2 0.67
114 9 122 434 252 62 -1 -1 -1 -1 label : spot-2 0.30
115 6 835 444 343 74 -1 -1 -1 -1 label : spot-2 0.51
115 9 106 434 269 60 -1 -1 -1 -1 label : spot-2 0.46
116 6 846 445 348 77 -1 -1 -1 -1 label : spot-2 0.56
116 9 100 433 273 64 -1 -1 -1 -1 label : spot-2 0.36
117 6 848 445 354 88 -1 -1 -1 -1 label : spot-2 0.45
117 9 85 434 283 64 -1 -1 -1 -1 label : spot-2 0.33
118 6 842 446 389 90 -1 -1 -1 -1 label : spot-2 0.42
118 9 74 434 289 66 -1 -1 -1 -1 label : spot-2 0.34
119 6 839 445 413 93 -1 -1 -1 -1 label : spot-2 0.55
119 9 56 434 309 69 -1 -1 -1 -1 label : spot-2 0.49
120 6 839 446 427 95 -1 -1 -1 -1 label : spot-2 0.47
121 6 852 449 421 108 -1 -1 -1 -1 label : spot-2 0.36
121 9 29 436 330 74 -1 -1 -1 -1 label : spot-2 0.35
122 6 844 450 435 109 -1 -1 -1 -1 label : spot-2 0.56
122 9 11 438 352 76 -1 -1 -1 -1 label : spot-2 0.42
123 6 841 450 438 107 -1 -1 -1 -1 label : spot-2 0.47
123 9 15 440 330 93 -1 -1 -1 -1 label : spot-2 0.43
124 6 848 450 431 109 -1 -1 -1 -1 label : spot-2 0.46
124 9 5 441 344 103 -1 -1 -1 -1 label : spot-2 0.40
125 6 848 451 431 109 -1 -1 -1 -1 label : spot-2 0.56
125 9 3 443 346 112 -1 -1 -1 -1 label : spot-2 0.45
126 6 847 453 432 105 -1 -1 -1 -1 label : spot-2 0.46
126 9 1 444 348 120 -1 -1 -1 -1 label : spot-2 0.46
127 6 858 453 421 109 -1 -1 -1 -1 label : spot-2 0.47
127 9 0 443 361 117 -1 -1 -1 -1 label : spot-2 0.43
128 6 854 454 425 109 -1 -1 -1 -1 label : spot-2 0.53
128 9 0 443 353 118 -1 -1 -1 -1 label : spot-2 0.48
129 6 859 455 420 109 -1 -1 -1 -1 label : spot-2 0.41
129 9 0 443 360 107 -1 -1 -1 -1 label : spot-2 0.31
130 6 859 456 420 109 -1 -1 -1 -1 label : spot-2 0.53
130 9 0 446 340 109 -1 -1 -1 -1 label : spot-2 0.41
131 6 855 457 424 103 -1 -1 -1 -1 label : spot-2 0.45
131 9 0 445 343 104 -1 -1 -1 -1 label : spot-2 0.31
132 6 864 458 415 104 -1 -1 -1 -1 label : spot-2 0.46
132 9 0 446 340 101 -1 -1 -1 -1 label : spot-2 0.37
133 6 860 459 419 100 -1 -1 -1 -1 label : spot-2 0.47
133 9 0 445 336 100 -1 -1 -1 -1 label : spot-2 0.46
134 6 865 460 414 95 -1 -1 -1 -1 label : spot-2 0.45
134 9 0 446 334 98 -1 -1 -1 -1 label : spot-2 0.31
135 6 873 461 406 94 -1 -1 -1 -1 label : spot-2 0.54
135 9 0 447 334 96 -1 -1 -1 -1 label : spot-2 0.37
136 6 876 462 403 93 -1 -1 -1 -1 label : spot-2 0.49
137 9 0 450 330 89 -1 -1 -1 -1 label : spot-2 0.49
138 9 0 451 320 88 -1 -1 -1 -1 label : spot-2 0.62
139 9 0 452 318 84 -1 -1 -1 -1 label : spot-2 0.64
140 9 2 454 306 86 -1 -1 -1 -1 label : spot-2 0.51
141 6 901 471 376 86 -1 -1 -1 -1 label : spot-1 0.57
141 9 0 456 306 85 -1 -1 -1 -1 label : spot-2 0.37
142 6 905 472 373 86 -1 -1 -1 -1 label : spot-1 0.58
143 9 2 460 296 79 -1 -1 -1 -1 label : spot-2 0.57
144 9 4 462 286 80 -1 -1 -1 -1 label : spot-2 0.62
145 9 0 465 291 74 -1 -1 -1 -1 label : spot-2 0.58
146 9 0 466 281 72 -1 -1 -1 -1 label : spot-2 0.49
147 6 1158 451 23 66 -1 -1 -1 -1 label : fireHydrant 0.56
147 9 2 466 276 76 -1 -1 -1 -1 label : spot-2 0.43
148 6 1171 449 23 67 -1 -1 -1 -1 label : fireHydrant 0.42
148 9 0 467 272 73 -1 -1 -1 -1 label : spot-2 0.36
149 6 1181 448 20 65 -1 -1 -1 -1 label : fireHydrant 0.34
150 9 0 468 271 70 -1 -1 -1 -1 label : spot-1 0.36
151 9 0 469 270 63 -1 -1 -1 -1 label : spot-1 0.32
152 9 0 469 261 60 -1 -1 -1 -1 label : spot-1 0.35
153 9 2 470 250 58 -1 -1 -1 -1 label : spot-1 0.37
154 9 5 471 232 61 -1 -1 -1 -1 label : spot-1 0.32
155 9 7 472 223 68 -1 -1 -1 -1 label : spot-1 0.42
156 9 6 474 219 74 -1 -1 -1 -1 label : spot-1 0.44
157 9 4 475 213 80 -1 -1 -1 -1 label : spot-1 0.35
158 6 1036 486 243 101 -1 -1 -1 -1 label : spot-1 0.36
158 9 1 475 213 84 -1 -1 -1 -1 label : spot-1 0.31
172 13 823 441 131 47 -1 -1 -1 -1 label : spot-1 0.44
173 13 825 442 138 47 -1 -1 -1 -1 label : spot-1 0.44
174 13 829 443 141 48 -1 -1 -1 -1 label : spot-1 0.43
175 13 834 445 144 51 -1 -1 -1 -1 label : spot-1 0.36
176 13 838 446 148 54 -1 -1 -1 -1 label : spot-1 0.35
177 13 841 449 157 53 -1 -1 -1 -1 label : spot-1 0.43
178 13 854 451 148 53 -1 -1 -1 -1 label : spot-1 0.51
179 13 854 453 157 55 -1 -1 -1 -1 label : spot-1 0.57
180 13 860 453 159 61 -1 -1 -1 -1 label : spot-1 0.61
181 13 861 453 174 62 -1 -1 -1 -1 label : spot-1 0.54
182 13 862 452 183 66 -1 -1 -1 -1 label : spot-1 0.56
183 13 872 452 185 67 -1 -1 -1 -1 label : spot-1 0.61
184 13 879 451 194 71 -1 -1 -1 -1 label : spot-1 0.58
185 13 882 451 205 74 -1 -1 -1 -1 label : spot-1 0.61
186 13 883 454 221 76 -1 -1 -1 -1 label : spot-1 0.62
187 13 883 457 238 76 -1 -1 -1 -1 label : spot-1 0.65
188 13 881 461 266 66 -1 -1 -1 -1 label : spot-1 0.63
189 13 908 462 233 74 -1 -1 -1 -1 label : spot-1 0.60
190 13 922 468 240 78 -1 -1 -1 -1 label : spot-1 0.58
191 13 936 471 248 76 -1 -1 -1 -1 label : spot-1 0.63
192 13 949 474 248 83 -1 -1 -1 -1 label : spot-1 0.64
193 13 985 476 228 96 -1 -1 -1 -1 label : spot-1 0.65
194 13 985 482 260 98 -1 -1 -1 -1 label : spot-1 0.64
195 13 996 484 278 91 -1 -1 -1 -1 label : spot-1 0.59
196 13 1009 488 270 93 -1 -1 -1 -1 label : spot-1 0.58
197 13 989 493 290 89 -1 -1 -1 -1 label : spot-1 0.57
198 13 1008 497 271 81 -1 -1 -1 -1 label : spot-1 0.60
199 13 985 499 294 79 -1 -1 -1 -1 label : spot-1 0.56
200 13 1002 501 277 80 -1 -1 -1 -1 label : spot-1 0.51
201 13 1070 502 196 88 -1 -1 -1 -1 label : spot-1 0.49
202 13 1100 500 172 95 -1 -1 -1 -1 label : spot-1 0.47
203 13 1115 500 164 97 -1 -1 -1 -1 label : spot-1 0.44
204 13 1123 499 156 93 -1 -1 -1 -1 label : spot-1 0.42
205 13 1141 497 138 92 -1 -1 -1 -1 label : spot-1 0.38
207 13 1162 498 117 86 -1 -1 -1 -1 label : spot-1 0.30
323 15 340 412 64 31 -1 -1 -1 -1 label : invalidspot-coloredCurb 0.43
324 15 335 413 61 28 -1 -1 -1 -1 label : invalidspot-coloredCurb 0.44
325 15 330 414 64 27 -1 -1 -1 -1 label : invalidspot-coloredCurb 0.44
326 15 328 413 59 28 -1 -1 -1 -1 label : invalidspot-coloredCurb 0.44
327 15 325 411 61 30 -1 -1 -1 -1 label : invalidspot-coloredCurb 0.39
328 15 319 412 66 29 -1 -1 -1 -1 label : invalidspot-coloredCurb 0.40
329 15 319 412 56 31 -1 -1 -1 -1 label : invalidspot-coloredCurb 0.37
330 15 313 412 60 32 -1 -1 -1 -1 label : invalidspot-coloredCurb 0.45
331 15 302 413 64 29 -1 -1 -1 -1 label : invalidspot-coloredCurb 0.42
