82 1 720 383 256 104 -1 -1 -1 -1 label : spot-0.36
83 1 723 384 257 104 -1 -1 -1 -1 label : spot-0.36
86 1 729 387 281 106 -1 -1 -1 -1 label : spot-0.30
88 1 770 392 250 101 -1 -1 -1 -1 label : spot-0.34
89 1 780 393 248 100 -1 -1 -1 -1 label : spot-0.36
90 1 758 390 288 109 -1 -1 -1 -1 label : spot-0.40
91 1 754 389 295 112 -1 -1 -1 -1 label : spot-0.41
92 1 762 390 304 118 -1 -1 -1 -1 label : spot-0.33
296 3 762 436 15 41 -1 -1 -1 -1 label : fireHydrant 0.35
297 3 761 437 15 41 -1 -1 -1 -1 label : fireHydrant 0.35
