3 1 613 339 364 106 -1 -1 -1 -1 label : spot-2 0.43
4 1 627 341 383 128 -1 -1 -1 -1 label : spot-2 0.44
7 1 624 349 525 147 -1 -1 -1 -1 label : spot-2 0.33
8 1 636 351 577 164 -1 -1 -1 -1 label : spot-2 0.41
9 1 641 355 632 177 -1 -1 -1 -1 label : spot-2 0.38
11 1 632 348 647 191 -1 -1 -1 -1 label : spot-2 0.42
12 1 624 345 655 197 -1 -1 -1 -1 label : spot-2 0.33
13 1 621 343 658 200 -1 -1 -1 -1 label : spot-2 0.31
14 1 622 348 657 194 -1 -1 -1 -1 label : spot-2 0.32
16 1 625 346 654 196 -1 -1 -1 -1 label : spot-2 0.31
25 1 646 353 633 192 -1 -1 -1 -1 label : spot-2 0.39
26 1 658 356 621 194 -1 -1 -1 -1 label : spot-2 0.31
27 1 660 356 619 194 -1 -1 -1 -1 label : spot-2 0.32
28 1 660 357 619 193 -1 -1 -1 -1 label : spot-2 0.37
29 1 656 358 623 187 -1 -1 -1 -1 label : spot-2 0.41
30 1 659 359 620 185 -1 -1 -1 -1 label : spot-2 0.39
31 1 660 359 619 185 -1 -1 -1 -1 label : spot-2 0.41
33 1 656 358 623 181 -1 -1 -1 -1 label : spot-2 0.36
34 1 659 358 620 182 -1 -1 -1 -1 label : spot-2 0.39
35 1 657 358 622 181 -1 -1 -1 -1 label : spot-2 0.48
36 1 659 358 620 178 -1 -1 -1 -1 label : spot-2 0.43
37 1 664 359 615 177 -1 -1 -1 -1 label : spot-2 0.38
38 1 666 359 613 176 -1 -1 -1 -1 label : spot-2 0.38
40 1 666 360 613 172 -1 -1 -1 -1 label : spot-2 0.32
43 1 673 360 606 174 -1 -1 -1 -1 label : spot-2 0.36
48 1 670 363 609 170 -1 -1 -1 -1 label : spot-2 0.34
49 1 671 365 608 166 -1 -1 -1 -1 label : spot-2 0.40
50 1 672 366 607 166 -1 -1 -1 -1 label : spot-2 0.31
51 1 674 367 604 169 -1 -1 -1 -1 label : spot-2 0.32
51 2 618 331 84 23 -1 -1 -1 -1 label : spot-0.30
54 1 681 370 594 173 -1 -1 -1 -1 label : spot-2 0.36
54 2 615 336 85 24 -1 -1 -1 -1 label : spot-0.31
55 1 683 372 594 172 -1 -1 -1 -1 label : spot-2 0.33
56 2 612 340 89 24 -1 -1 -1 -1 label : spot-0.34
57 2 611 340 91 24 -1 -1 -1 -1 label : spot-0.34
58 2 610 342 92 24 -1 -1 -1 -1 label : spot-0.35
60 2 613 339 97 25 -1 -1 -1 -1 label : spot-0.43
60 3 700 356 45 17 -1 -1 -1 -1 label : invalidSpot-entrance 0.31
61 2 616 338 95 26 -1 -1 -1 -1 label : spot-0.46
61 3 701 357 47 18 -1 -1 -1 -1 label : invalidSpot-entrance 0.30
62 2 614 337 100 27 -1 -1 -1 -1 label : spot-0.40
62 3 700 356 50 19 -1 -1 -1 -1 label : invalidSpot-entrance 0.33
63 2 615 338 106 25 -1 -1 -1 -1 label : spot-0.40
63 3 699 356 55 19 -1 -1 -1 -1 label : invalidSpot-entrance 0.37
64 2 615 338 109 24 -1 -1 -1 -1 label : spot-0.38
64 3 691 357 68 17 -1 -1 -1 -1 label : invalidSpot-entrance 0.37
65 2 620 338 106 25 -1 -1 -1 -1 label : spot-0.39
65 3 690 358 69 16 -1 -1 -1 -1 label : invalidSpot-entrance 0.35
66 2 619 337 110 26 -1 -1 -1 -1 label : spot-0.33
66 3 685 359 77 16 -1 -1 -1 -1 label : invalidSpot-entrance 0.31
67 1 711 377 566 172 -1 -1 -1 -1 label : spot-2 0.38
67 2 623 337 109 26 -1 -1 -1 -1 label : spot-0.34
68 1 711 377 568 168 -1 -1 -1 -1 label : spot-2 0.37
68 2 626 337 107 26 -1 -1 -1 -1 label : spot-0.34
69 1 712 378 567 164 -1 -1 -1 -1 label : spot-2 0.45
69 2 625 337 111 26 -1 -1 -1 -1 label : spot-0.38
70 1 713 379 566 164 -1 -1 -1 -1 label : spot-2 0.42
70 2 627 337 110 26 -1 -1 -1 -1 label : spot-0.40
71 1 719 382 560 161 -1 -1 -1 -1 label : spot-2 0.41
71 2 627 337 114 27 -1 -1 -1 -1 label : spot-0.39
72 1 718 383 561 156 -1 -1 -1 -1 label : spot-2 0.52
72 2 627 336 116 29 -1 -1 -1 -1 label : spot-0.45
73 1 725 385 551 155 -1 -1 -1 -1 label : spot-2 0.54
73 2 626 336 119 30 -1 -1 -1 -1 label : spot-0.41
74 1 720 388 559 151 -1 -1 -1 -1 label : spot-2 0.49
74 2 627 337 122 31 -1 -1 -1 -1 label : spot-0.39
75 1 729 389 545 151 -1 -1 -1 -1 label : spot-2 0.48
75 2 627 337 126 32 -1 -1 -1 -1 label : spot-0.41
76 1 729 391 545 151 -1 -1 -1 -1 label : spot-2 0.48
76 2 629 338 125 34 -1 -1 -1 -1 label : spot-0.47
77 1 727 394 547 152 -1 -1 -1 -1 label : spot-2 0.49
77 2 630 338 127 35 -1 -1 -1 -1 label : spot-0.46
77 3 694 370 111 19 -1 -1 -1 -1 label : invalidSpot-entrance 0.30
78 1 728 395 548 151 -1 -1 -1 -1 label : spot-2 0.49
78 2 631 339 130 35 -1 -1 -1 -1 label : spot-0.45
79 1 758 398 509 154 -1 -1 -1 -1 label : spot-2 0.39
79 2 632 339 132 36 -1 -1 -1 -1 label : spot-0.35
80 1 762 400 513 154 -1 -1 -1 -1 label : spot-2 0.43
80 2 631 340 135 37 -1 -1 -1 -1 label : spot-0.39
80 3 703 375 116 20 -1 -1 -1 -1 label : invalidSpot-entrance 0.33
81 1 766 400 509 155 -1 -1 -1 -1 label : spot-2 0.47
81 2 627 340 144 38 -1 -1 -1 -1 label : spot-0.43
82 1 770 401 506 157 -1 -1 -1 -1 label : spot-2 0.45
82 2 624 340 151 39 -1 -1 -1 -1 label : spot-0.37
83 1 775 401 502 158 -1 -1 -1 -1 label : spot-2 0.43
83 2 631 341 149 40 -1 -1 -1 -1 label : spot-0.38
84 1 776 400 503 157 -1 -1 -1 -1 label : spot-2 0.50
84 2 632 340 155 41 -1 -1 -1 -1 label : spot-0.42
85 1 778 400 501 156 -1 -1 -1 -1 label : spot-2 0.56
85 2 633 338 158 42 -1 -1 -1 -1 label : spot-0.44
85 3 726 375 123 23 -1 -1 -1 -1 label : invalidSpot-entrance 0.37
86 1 782 399 496 157 -1 -1 -1 -1 label : spot-2 0.58
86 2 637 337 156 42 -1 -1 -1 -1 label : spot-0.46
86 3 726 374 130 24 -1 -1 -1 -1 label : invalidSpot-entrance 0.38
87 1 783 399 496 157 -1 -1 -1 -1 label : spot-2 0.63
87 2 634 334 162 44 -1 -1 -1 -1 label : spot-0.49
87 3 726 375 137 22 -1 -1 -1 -1 label : invalidSpot-entrance 0.31
88 1 788 399 491 155 -1 -1 -1 -1 label : spot-2 0.60
88 2 634 333 166 45 -1 -1 -1 -1 label : spot-0.46
89 1 789 400 490 150 -1 -1 -1 -1 label : spot-2 0.59
89 2 634 332 173 46 -1 -1 -1 -1 label : spot-0.44
90 1 798 401 481 146 -1 -1 -1 -1 label : spot-2 0.64
90 2 631 332 181 46 -1 -1 -1 -1 label : spot-0.51
91 1 805 403 474 142 -1 -1 -1 -1 label : spot-2 0.59
91 2 630 332 187 48 -1 -1 -1 -1 label : spot-0.47
92 1 810 406 469 140 -1 -1 -1 -1 label : spot-2 0.54
92 2 627 333 196 48 -1 -1 -1 -1 label : spot-0.44
93 1 821 409 458 136 -1 -1 -1 -1 label : spot-2 0.51
93 2 633 334 192 50 -1 -1 -1 -1 label : spot-0.37
93 3 749 378 165 35 -1 -1 -1 -1 label : invalidSpot-entrance 0.31
94 1 826 411 453 133 -1 -1 -1 -1 label : spot-2 0.53
94 2 644 337 186 49 -1 -1 -1 -1 label : spot-0.37
95 1 831 419 448 127 -1 -1 -1 -1 label : spot-2 0.60
95 2 648 339 190 51 -1 -1 -1 -1 label : spot-0.33
95 3 749 386 185 34 -1 -1 -1 -1 label : invalidSpot-entrance 0.30
96 1 836 421 443 124 -1 -1 -1 -1 label : spot-2 0.60
96 2 654 341 188 52 -1 -1 -1 -1 label : spot-0.37
97 2 654 341 195 54 -1 -1 -1 -1 label : spot-0.65
97 3 772 390 182 38 -1 -1 -1 -1 label : invalidSpot-entrance 0.42
98 2 652 342 205 56 -1 -1 -1 -1 label : spot-0.70
98 3 776 393 187 39 -1 -1 -1 -1 label : invalidSpot-entrance 0.37
99 2 655 343 209 58 -1 -1 -1 -1 label : spot-0.67
100 2 657 344 213 60 -1 -1 -1 -1 label : spot-0.64
101 2 662 346 218 61 -1 -1 -1 -1 label : spot-0.64
102 2 660 346 230 63 -1 -1 -1 -1 label : spot-0.63
103 2 661 346 236 66 -1 -1 -1 -1 label : spot-0.63
104 2 659 345 244 69 -1 -1 -1 -1 label : spot-0.61
105 2 655 344 255 72 -1 -1 -1 -1 label : spot-0.60
105 3 787 413 285 50 -1 -1 -1 -1 label : invalidSpot-entrance 0.41
105 5 906 397 166 83 -1 -1 -1 -1 label : invalidSpot-entrance 0.31
106 2 656 344 261 74 -1 -1 -1 -1 label : spot-0.57
106 3 789 415 296 51 -1 -1 -1 -1 label : invalidSpot-entrance 0.49
107 2 655 343 270 77 -1 -1 -1 -1 label : spot-0.55
107 5 908 406 209 82 -1 -1 -1 -1 label : invalidSpot-entrance 0.39
108 2 663 343 274 80 -1 -1 -1 -1 label : spot-0.54
108 5 899 412 240 77 -1 -1 -1 -1 label : invalidSpot-entrance 0.34
109 2 663 343 287 82 -1 -1 -1 -1 label : spot-0.54
109 5 952 410 192 88 -1 -1 -1 -1 label : invalidSpot-entrance 0.35
110 2 664 345 303 85 -1 -1 -1 -1 label : spot-0.48
110 5 965 414 214 92 -1 -1 -1 -1 label : invalidSpot-entrance 0.42
111 2 668 345 314 89 -1 -1 -1 -1 label : spot-0.53
111 5 980 416 226 102 -1 -1 -1 -1 label : invalidSpot-entrance 0.37
112 2 663 346 335 91 -1 -1 -1 -1 label : spot-0.52
113 2 665 346 345 95 -1 -1 -1 -1 label : spot-0.46
113 5 1002 420 263 116 -1 -1 -1 -1 label : invalidSpot-entrance 0.33
114 2 669 348 360 100 -1 -1 -1 -1 label : spot-0.36
114 5 999 433 280 122 -1 -1 -1 -1 label : invalidSpot-entrance 0.32
115 2 670 349 370 102 -1 -1 -1 -1 label : spot-0.30
116 2 675 349 384 109 -1 -1 -1 -1 label : spot-0.34
120 2 675 352 456 129 -1 -1 -1 -1 label : spot-0.30
123 2 667 355 558 149 -1 -1 -1 -1 label : spot-0.31
132 2 676 358 583 168 -1 -1 -1 -1 label : spot-0.31
133 2 666 359 613 171 -1 -1 -1 -1 label : spot-0.35
143 2 687 364 592 172 -1 -1 -1 -1 label : spot-0.35
144 2 691 366 588 168 -1 -1 -1 -1 label : spot-0.35
146 2 698 365 581 172 -1 -1 -1 -1 label : spot-0.37
147 2 701 366 578 172 -1 -1 -1 -1 label : spot-0.51
148 2 708 366 571 169 -1 -1 -1 -1 label : spot-0.38
149 2 708 367 571 165 -1 -1 -1 -1 label : spot-0.55
150 2 710 369 569 168 -1 -1 -1 -1 label : spot-0.51
151 2 708 368 571 161 -1 -1 -1 -1 label : spot-0.53
152 2 714 367 565 159 -1 -1 -1 -1 label : spot-0.48
153 2 715 369 564 158 -1 -1 -1 -1 label : spot-0.53
154 2 716 370 563 158 -1 -1 -1 -1 label : spot-0.51
155 2 718 371 561 159 -1 -1 -1 -1 label : spot-0.61
156 2 718 371 561 159 -1 -1 -1 -1 label : spot-0.57
157 2 716 372 563 158 -1 -1 -1 -1 label : spot-0.56
158 2 720 373 559 159 -1 -1 -1 -1 label : spot-0.54
159 2 724 374 555 159 -1 -1 -1 -1 label : spot-0.46
160 2 729 377 550 158 -1 -1 -1 -1 label : spot-0.49
161 2 747 379 526 166 -1 -1 -1 -1 label : spot-0.40
162 2 735 381 544 165 -1 -1 -1 -1 label : spot-0.48
163 2 741 383 538 164 -1 -1 -1 -1 label : spot-0.45
164 2 748 385 531 165 -1 -1 -1 -1 label : spot-0.40
165 2 740 385 539 149 -1 -1 -1 -1 label : spot-0.48
166 2 768 386 505 153 -1 -1 -1 -1 label : spot-0.51
167 2 768 388 509 157 -1 -1 -1 -1 label : spot-0.47
168 2 770 390 507 160 -1 -1 -1 -1 label : spot-0.44
169 2 770 391 509 161 -1 -1 -1 -1 label : spot-0.45
170 2 772 393 507 161 -1 -1 -1 -1 label : spot-0.46
171 2 771 395 508 158 -1 -1 -1 -1 label : spot-0.50
172 2 781 397 498 157 -1 -1 -1 -1 label : spot-0.44
173 2 785 398 494 154 -1 -1 -1 -1 label : spot-0.42
174 2 787 399 492 157 -1 -1 -1 -1 label : spot-0.41
176 2 799 400 479 157 -1 -1 -1 -1 label : spot-0.33
184 2 825 411 449 158 -1 -1 -1 -1 label : spot-1 0.31
191 2 984 427 264 154 -1 -1 -1 -1 label : spot-1 0.34
192 2 1028 432 238 157 -1 -1 -1 -1 label : spot-1 0.34
229 9 710 367 240 67 -1 -1 -1 -1 label : spot-2 0.50
230 9 723 369 246 76 -1 -1 -1 -1 label : spot-2 0.51
231 9 721 369 274 84 -1 -1 -1 -1 label : spot-2 0.55
232 9 723 370 303 92 -1 -1 -1 -1 label : spot-2 0.52
233 9 737 372 315 101 -1 -1 -1 -1 label : spot-2 0.41
234 9 731 372 359 110 -1 -1 -1 -1 label : spot-2 0.50
235 9 739 377 398 116 -1 -1 -1 -1 label : spot-2 0.48
236 9 734 378 444 127 -1 -1 -1 -1 label : spot-2 0.53
237 9 732 380 495 137 -1 -1 -1 -1 label : spot-2 0.53
238 9 770 385 486 158 -1 -1 -1 -1 label : spot-2 0.50
239 9 795 388 483 164 -1 -1 -1 -1 label : spot-2 0.51
240 9 811 392 468 163 -1 -1 -1 -1 label : spot-2 0.42
241 9 805 394 474 162 -1 -1 -1 -1 label : spot-2 0.42
242 9 773 387 506 172 -1 -1 -1 -1 label : spot-2 0.37
243 9 770 384 509 177 -1 -1 -1 -1 label : spot-2 0.34
244 9 762 381 517 183 -1 -1 -1 -1 label : spot-2 0.33
246 9 779 383 500 179 -1 -1 -1 -1 label : spot-2 0.32
253 10 835 384 169 61 -1 -1 -1 -1 label : invalidspot-coloredCurb 0.48
254 10 837 388 179 59 -1 -1 -1 -1 label : invalidspot-coloredCurb 0.48
255 10 847 390 182 61 -1 -1 -1 -1 label : invalidspot-coloredCurb 0.40
256 10 861 392 184 65 -1 -1 -1 -1 label : invalidspot-coloredCurb 0.33
257 10 876 394 190 68 -1 -1 -1 -1 label : invalidspot-coloredCurb 0.30
258 10 867 397 224 69 -1 -1 -1 -1 label : invalidspot-coloredCurb 0.52
259 10 866 398 244 75 -1 -1 -1 -1 label : invalidspot-coloredCurb 0.32
260 10 864 401 275 83 -1 -1 -1 -1 label : invalidspot-coloredCurb 0.35
261 10 859 403 299 86 -1 -1 -1 -1 label : invalidspot-coloredCurb 0.40
262 10 844 407 373 100 -1 -1 -1 -1 label : invalidspot-coloredCurb 0.34
263 10 846 410 392 103 -1 -1 -1 -1 label : invalidspot-coloredCurb 0.51
264 10 938 418 319 126 -1 -1 -1 -1 label : invalidspot-coloredCurb 0.55
264 12 980 340 33 72 -1 -1 -1 -1 label : fireHydrant 0.36
265 10 920 421 359 130 -1 -1 -1 -1 label : invalidspot-coloredCurb 0.35
267 10 976 424 302 132 -1 -1 -1 -1 label : invalidspot-coloredCurb 0.39
268 10 994 428 285 132 -1 -1 -1 -1 label : invalidspot-coloredCurb 0.43
269 10 1008 432 271 136 -1 -1 -1 -1 label : invalidspot-coloredCurb 0.61
270 13 1071 349 43 90 -1 -1 -1 -1 label : fireHydrant 0.69
271 13 1090 352 44 93 -1 -1 -1 -1 label : fireHydrant 0.57
272 13 1109 354 50 95 -1 -1 -1 -1 label : fireHydrant 0.59
