187 1 115 353 341 63 -1 -1 -1 -1 label : spot-2 0.47
188 1 114 352 342 65 -1 -1 -1 -1 label : spot-2 0.46
189 1 106 354 355 65 -1 -1 -1 -1 label : spot-2 0.48
190 1 105 354 355 66 -1 -1 -1 -1 label : spot-2 0.48
191 1 92 356 372 67 -1 -1 -1 -1 label : spot-2 0.52
192 1 89 356 374 68 -1 -1 -1 -1 label : spot-2 0.54
193 1 86 357 380 68 -1 -1 -1 -1 label : spot-2 0.55
194 1 85 358 382 68 -1 -1 -1 -1 label : spot-2 0.55
195 1 65 358 397 69 -1 -1 -1 -1 label : spot-2 0.58
196 1 60 358 399 69 -1 -1 -1 -1 label : spot-2 0.58
197 1 54 357 408 71 -1 -1 -1 -1 label : spot-2 0.56
198 1 52 357 411 72 -1 -1 -1 -1 label : spot-2 0.57
199 1 51 357 412 71 -1 -1 -1 -1 label : spot-2 0.50
200 1 51 357 412 71 -1 -1 -1 -1 label : spot-2 0.50
201 1 22 359 439 70 -1 -1 -1 -1 label : spot-2 0.47
202 1 18 360 434 69 -1 -1 -1 -1 label : spot-2 0.47
204 1 7 359 448 74 -1 -1 -1 -1 label : spot-2 0.43
215 1 0 358 460 73 -1 -1 -1 -1 label : spot-2 0.49
216 1 0 358 458 72 -1 -1 -1 -1 label : spot-2 0.49
240 1 6 355 437 77 -1 -1 -1 -1 label : spot-2 0.43
251 1 0 357 438 74 -1 -1 -1 -1 label : spot-2 0.43
252 1 0 358 432 72 -1 -1 -1 -1 label : spot-2 0.43
255 1 5 356 437 80 -1 -1 -1 -1 label : spot-2 0.50
256 1 0 356 453 82 -1 -1 -1 -1 label : spot-2 0.51
257 1 0 357 455 77 -1 -1 -1 -1 label : spot-2 0.47
258 1 0 357 447 76 -1 -1 -1 -1 label : spot-2 0.46
259 1 0 358 438 73 -1 -1 -1 -1 label : spot-2 0.46
260 1 0 358 433 72 -1 -1 -1 -1 label : spot-2 0.46
261 1 4 358 421 75 -1 -1 -1 -1 label : spot-2 0.45
262 1 0 359 428 75 -1 -1 -1 -1 label : spot-2 0.46
263 1 0 359 428 75 -1 -1 -1 -1 label : spot-2 0.44
264 1 0 359 429 74 -1 -1 -1 -1 label : spot-2 0.45
283 1 8 359 402 80 -1 -1 -1 -1 label : spot-2 0.45
284 1 1 359 412 82 -1 -1 -1 -1 label : spot-2 0.45
289 1 0 360 409 80 -1 -1 -1 -1 label : spot-2 0.44
290 1 0 362 404 76 -1 -1 -1 -1 label : spot-2 0.44
291 1 0 361 400 77 -1 -1 -1 -1 label : spot-2 0.46
292 1 0 361 403 77 -1 -1 -1 -1 label : spot-2 0.46
293 1 2 361 402 80 -1 -1 -1 -1 label : spot-2 0.44
294 1 0 361 405 82 -1 -1 -1 -1 label : spot-2 0.43
295 1 0 363 395 78 -1 -1 -1 -1 label : spot-2 0.46
296 1 0 364 387 76 -1 -1 -1 -1 label : spot-2 0.45
297 1 0 365 383 76 -1 -1 -1 -1 label : spot-2 0.50
298 1 0 365 383 77 -1 -1 -1 -1 label : spot-2 0.50
301 1 1 361 399 82 -1 -1 -1 -1 label : spot-2 0.49
302 1 0 359 408 84 -1 -1 -1 -1 label : spot-2 0.49
305 1 0 361 396 81 -1 -1 -1 -1 label : spot-2 0.53
306 1 0 361 391 80 -1 -1 -1 -1 label : spot-2 0.53
309 1 4 360 372 83 -1 -1 -1 -1 label : spot-2 0.46
310 1 0 360 378 83 -1 -1 -1 -1 label : spot-2 0.47
311 1 11 358 345 95 -1 -1 -1 -1 label : spot-2 0.48
312 1 3 358 356 98 -1 -1 -1 -1 label : spot-2 0.47
328 4 855 360 310 79 -1 -1 -1 -1 label : spot-2 0.57
335 4 860 364 348 85 -1 -1 -1 -1 label : spot-2 0.53
336 4 864 366 356 87 -1 -1 -1 -1 label : spot-2 0.53
337 4 868 366 364 88 -1 -1 -1 -1 label : spot-2 0.45
338 4 870 366 365 88 -1 -1 -1 -1 label : spot-2 0.46
341 4 869 365 399 91 -1 -1 -1 -1 label : spot-2 0.57
342 4 872 365 404 91 -1 -1 -1 -1 label : spot-2 0.56
343 4 877 364 400 97 -1 -1 -1 -1 label : spot-2 0.57
344 4 874 364 405 99 -1 -1 -1 -1 label : spot-2 0.57
345 4 877 364 402 102 -1 -1 -1 -1 label : spot-2 0.56
346 4 874 364 405 103 -1 -1 -1 -1 label : spot-2 0.56
347 4 877 364 402 104 -1 -1 -1 -1 label : spot-2 0.53
348 4 876 364 403 105 -1 -1 -1 -1 label : spot-2 0.53
349 4 879 362 400 107 -1 -1 -1 -1 label : spot-2 0.53
350 4 879 362 400 106 -1 -1 -1 -1 label : spot-2 0.53
352 4 880 363 399 106 -1 -1 -1 -1 label : spot-2 0.44
365 4 899 368 374 114 -1 -1 -1 -1 label : spot-2 0.46
366 4 897 370 382 117 -1 -1 -1 -1 label : spot-2 0.46
367 4 906 372 373 117 -1 -1 -1 -1 label : spot-2 0.50
368 4 909 373 370 117 -1 -1 -1 -1 label : spot-2 0.50
381 4 913 373 366 109 -1 -1 -1 -1 label : spot-2 0.44
382 4 921 374 358 105 -1 -1 -1 -1 label : spot-2 0.44
383 4 931 374 343 114 -1 -1 -1 -1 label : spot-2 0.52
384 4 927 374 352 118 -1 -1 -1 -1 label : spot-2 0.50
385 4 923 375 356 115 -1 -1 -1 -1 label : spot-2 0.53
386 4 924 376 355 114 -1 -1 -1 -1 label : spot-2 0.53
389 4 925 376 354 110 -1 -1 -1 -1 label : spot-2 0.49
390 4 928 377 351 107 -1 -1 -1 -1 label : spot-2 0.49
391 4 932 378 347 105 -1 -1 -1 -1 label : spot-2 0.45
392 4 935 379 344 103 -1 -1 -1 -1 label : spot-2 0.45
393 4 937 379 342 104 -1 -1 -1 -1 label : spot-2 0.45
394 4 937 380 342 103 -1 -1 -1 -1 label : spot-2 0.45
