29 1 830 540 445 131 -1 -1 -1 -1 label : spot-2 0.59
32 1 830 537 449 132 -1 -1 -1 -1 label : spot-2 0.52
34 1 835 534 444 132 -1 -1 -1 -1 label : spot-2 0.50
35 1 837 533 442 128 -1 -1 -1 -1 label : spot-2 0.55
46 1 859 524 420 113 -1 -1 -1 -1 label : spot-0.54
48 1 882 516 397 108 -1 -1 -1 -1 label : spot-0.54
49 1 890 513 389 105 -1 -1 -1 -1 label : spot-0.60
51 1 899 509 378 105 -1 -1 -1 -1 label : spot-0.53
53 1 912 507 364 107 -1 -1 -1 -1 label : spot-0.55
55 1 920 505 359 105 -1 -1 -1 -1 label : spot-0.54
138 3 870 464 184 83 -1 -1 -1 -1 label : spot-1 0.66
139 3 870 467 200 83 -1 -1 -1 -1 label : spot-1 0.64
140 3 874 468 202 88 -1 -1 -1 -1 label : spot-1 0.66
141 3 873 470 221 79 -1 -1 -1 -1 label : spot-1 0.57
142 3 887 472 216 77 -1 -1 -1 -1 label : spot-1 0.64
143 3 885 474 241 77 -1 -1 -1 -1 label : spot-1 0.63
144 3 887 478 259 72 -1 -1 -1 -1 label : spot-1 0.52
145 3 897 478 252 75 -1 -1 -1 -1 label : spot-1 0.61
146 3 898 479 278 84 -1 -1 -1 -1 label : spot-1 0.67
147 3 904 481 304 88 -1 -1 -1 -1 label : spot-1 0.55
148 3 910 483 321 93 -1 -1 -1 -1 label : spot-1 0.62
150 3 924 487 339 103 -1 -1 -1 -1 label : spot-1 0.53
151 3 925 490 352 109 -1 -1 -1 -1 label : spot-1 0.52
152 3 929 493 350 114 -1 -1 -1 -1 label : spot-1 0.52
153 3 929 494 350 113 -1 -1 -1 -1 label : spot-1 0.55
154 3 938 494 341 114 -1 -1 -1 -1 label : spot-1 0.57
155 3 943 497 336 113 -1 -1 -1 -1 label : spot-1 0.54
156 3 949 500 330 111 -1 -1 -1 -1 label : spot-1 0.54
157 3 959 504 320 107 -1 -1 -1 -1 label : spot-1 0.54
159 3 983 510 296 109 -1 -1 -1 -1 label : spot-1 0.54
271 6 943 497 332 118 -1 -1 -1 -1 label : spot-1 0.58
333 7 848 464 240 101 -1 -1 -1 -1 label : spot-1 0.57
