141 2 728 393 247 64 -1 -1 -1 -1 label : spot-0.48
142 2 732 393 244 67 -1 -1 -1 -1 label : spot-0.48
143 2 730 395 261 68 -1 -1 -1 -1 label : spot-0.50
144 2 732 395 261 70 -1 -1 -1 -1 label : spot-0.50
145 2 729 396 273 71 -1 -1 -1 -1 label : spot-0.51
146 2 728 397 277 70 -1 -1 -1 -1 label : spot-0.50
158 2 731 400 379 87 -1 -1 -1 -1 label : spot-0.49
166 2 727 404 505 107 -1 -1 -1 -1 label : spot-0.47
169 2 738 404 522 125 -1 -1 -1 -1 label : spot-0.49
170 2 732 404 547 131 -1 -1 -1 -1 label : spot-0.49
171 2 729 402 550 130 -1 -1 -1 -1 label : spot-0.46
172 2 735 402 544 129 -1 -1 -1 -1 label : spot-0.47
179 2 726 398 553 124 -1 -1 -1 -1 label : spot-0.45
180 2 729 397 550 122 -1 -1 -1 -1 label : spot-0.46
321 6 421 374 18 42 -1 -1 -1 -1 label : fireHydrant 0.51
322 6 420 373 20 44 -1 -1 -1 -1 label : fireHydrant 0.51
323 6 420 373 20 43 -1 -1 -1 -1 label : fireHydrant 0.64
324 6 419 373 21 43 -1 -1 -1 -1 label : fireHydrant 0.64
337 6 404 371 24 45 -1 -1 -1 -1 label : fireHydrant 0.45
338 6 399 371 24 46 -1 -1 -1 -1 label : fireHydrant 0.46
341 6 394 371 24 46 -1 -1 -1 -1 label : fireHydrant 0.55
342 6 392 371 24 47 -1 -1 -1 -1 label : fireHydrant 0.55
348 6 386 372 24 48 -1 -1 -1 -1 label : fireHydrant 0.60
349 6 384 372 24 48 -1 -1 -1 -1 label : fireHydrant 0.60
