84 4 776 435 151 35 -1 -1 -1 -1 label : spot-1 0.45
116 7 825 440 372 76 -1 -1 -1 -1 label : spot-2 0.52
117 7 829 439 376 87 -1 -1 -1 -1 label : spot-2 0.55
118 7 828 440 400 95 -1 -1 -1 -1 label : spot-2 0.52
119 7 822 442 432 94 -1 -1 -1 -1 label : spot-2 0.46
119 8 64 433 301 77 -1 -1 -1 -1 label : spot-2 0.46
120 7 827 444 446 97 -1 -1 -1 -1 label : spot-2 0.49
120 8 44 437 310 75 -1 -1 -1 -1 label : spot-2 0.43
122 8 14 439 342 78 -1 -1 -1 -1 label : spot-2 0.44
123 8 9 440 333 92 -1 -1 -1 -1 label : spot-2 0.54
124 8 7 442 328 107 -1 -1 -1 -1 label : spot-2 0.46
125 7 839 451 440 110 -1 -1 -1 -1 label : spot-2 0.59
125 8 0 441 346 108 -1 -1 -1 -1 label : spot-2 0.53
126 7 836 452 443 108 -1 -1 -1 -1 label : spot-2 0.47
126 8 0 443 337 103 -1 -1 -1 -1 label : spot-2 0.45
127 7 836 454 443 110 -1 -1 -1 -1 label : spot-2 0.44
128 7 842 455 437 105 -1 -1 -1 -1 label : spot-2 0.50
129 7 842 456 437 107 -1 -1 -1 -1 label : spot-2 0.53
130 8 0 445 341 114 -1 -1 -1 -1 label : spot-2 0.47
142 8 0 456 318 90 -1 -1 -1 -1 label : spot-2 0.50
143 8 0 460 293 90 -1 -1 -1 -1 label : spot-2 0.51
144 8 0 461 292 90 -1 -1 -1 -1 label : spot-2 0.47
146 8 0 465 288 84 -1 -1 -1 -1 label : spot-2 0.47
148 8 0 467 284 75 -1 -1 -1 -1 label : spot-2 0.47
149 8 0 467 274 73 -1 -1 -1 -1 label : spot-2 0.58
150 8 3 468 263 76 -1 -1 -1 -1 label : spot-2 0.61
151 8 6 467 252 85 -1 -1 -1 -1 label : spot-2 0.48
152 8 0 468 263 81 -1 -1 -1 -1 label : spot-2 0.46
177 12 840 451 154 51 -1 -1 -1 -1 label : spot-1 0.51
178 12 840 452 163 55 -1 -1 -1 -1 label : spot-1 0.57
179 12 846 454 163 56 -1 -1 -1 -1 label : spot-1 0.58
180 12 850 454 171 59 -1 -1 -1 -1 label : spot-1 0.52
181 12 852 455 182 61 -1 -1 -1 -1 label : spot-1 0.56
182 12 858 455 186 63 -1 -1 -1 -1 label : spot-1 0.60
183 12 866 454 190 65 -1 -1 -1 -1 label : spot-1 0.59
184 12 874 454 197 66 -1 -1 -1 -1 label : spot-1 0.61
185 12 875 455 213 65 -1 -1 -1 -1 label : spot-1 0.63
186 12 884 459 219 63 -1 -1 -1 -1 label : spot-1 0.55
187 12 886 462 234 56 -1 -1 -1 -1 label : spot-1 0.55
188 12 904 464 226 62 -1 -1 -1 -1 label : spot-1 0.59
189 12 914 466 227 70 -1 -1 -1 -1 label : spot-1 0.60
190 12 911 470 254 75 -1 -1 -1 -1 label : spot-1 0.67
191 12 919 473 263 78 -1 -1 -1 -1 label : spot-1 0.58
192 12 931 476 266 83 -1 -1 -1 -1 label : spot-1 0.66
193 12 921 480 302 83 -1 -1 -1 -1 label : spot-1 0.62
194 12 939 482 298 92 -1 -1 -1 -1 label : spot-1 0.67
195 12 934 485 335 94 -1 -1 -1 -1 label : spot-1 0.59
197 12 941 492 338 87 -1 -1 -1 -1 label : spot-1 0.46
199 12 973 497 306 83 -1 -1 -1 -1 label : invalidspot-coloredCurb 0.44
