13 1 645 422 379 60 -1 -1 -1 -1 label : spot-2 0.47
14 1 656 425 381 64 -1 -1 -1 -1 label : spot-2 0.48
15 1 652 426 415 69 -1 -1 -1 -1 label : spot-2 0.41
16 1 655 428 430 76 -1 -1 -1 -1 label : spot-2 0.43
17 1 662 433 546 108 -1 -1 -1 -1 label : spot-2 0.42
18 1 646 434 622 116 -1 -1 -1 -1 label : spot-2 0.44
19 1 670 437 605 128 -1 -1 -1 -1 label : spot-2 0.43
20 1 656 437 623 128 -1 -1 -1 -1 label : spot-2 0.36
21 1 649 436 630 125 -1 -1 -1 -1 label : spot-2 0.41
22 1 662 435 617 130 -1 -1 -1 -1 label : invalidspot-coloredCurb 0.42
23 1 666 434 613 133 -1 -1 -1 -1 label : invalidspot-coloredCurb 0.56
24 1 669 434 610 141 -1 -1 -1 -1 label : invalidspot-coloredCurb 0.51
25 1 672 433 607 151 -1 -1 -1 -1 label : invalidspot-coloredCurb 0.40
26 1 665 435 614 155 -1 -1 -1 -1 label : invalidspot-coloredCurb 0.49
27 1 665 437 614 158 -1 -1 -1 -1 label : spot-2 0.38
28 1 668 439 611 160 -1 -1 -1 -1 label : invalidspot-coloredCurb 0.39
29 1 671 441 608 163 -1 -1 -1 -1 label : spot-2 0.42
30 1 679 444 595 173 -1 -1 -1 -1 label : spot-2 0.45
31 1 672 449 607 173 -1 -1 -1 -1 label : spot-2 0.31
32 1 672 450 607 170 -1 -1 -1 -1 label : spot-2 0.33
33 1 676 451 603 171 -1 -1 -1 -1 label : spot-2 0.39
34 1 679 452 600 171 -1 -1 -1 -1 label : spot-2 0.31
35 1 683 450 596 173 -1 -1 -1 -1 label : spot-2 0.38
36 1 683 443 593 180 -1 -1 -1 -1 label : spot-2 0.34
37 1 683 439 596 181 -1 -1 -1 -1 label : spot-2 0.47
38 1 685 435 593 185 -1 -1 -1 -1 label : spot-2 0.46
39 1 688 431 591 187 -1 -1 -1 -1 label : spot-2 0.51
41 1 690 425 589 182 -1 -1 -1 -1 label : spot-2 0.46
42 1 697 421 581 181 -1 -1 -1 -1 label : spot-2 0.51
43 1 700 417 579 180 -1 -1 -1 -1 label : spot-2 0.42
44 1 703 415 575 178 -1 -1 -1 -1 label : spot-2 0.43
45 1 707 412 572 179 -1 -1 -1 -1 label : spot-2 0.46
46 1 711 410 568 178 -1 -1 -1 -1 label : spot-2 0.47
47 1 712 407 567 176 -1 -1 -1 -1 label : spot-2 0.53
48 1 717 406 562 174 -1 -1 -1 -1 label : spot-2 0.46
49 1 720 406 559 174 -1 -1 -1 -1 label : spot-2 0.49
50 1 737 407 539 175 -1 -1 -1 -1 label : spot-2 0.32
51 1 738 409 541 172 -1 -1 -1 -1 label : spot-2 0.40
52 1 733 412 546 166 -1 -1 -1 -1 label : spot-0.43
53 1 739 414 540 162 -1 -1 -1 -1 label : spot-0.59
54 1 741 418 538 156 -1 -1 -1 -1 label : spot-0.45
55 1 752 421 525 151 -1 -1 -1 -1 label : spot-0.61
56 1 763 424 512 149 -1 -1 -1 -1 label : spot-0.58
57 1 768 427 509 149 -1 -1 -1 -1 label : spot-0.68
58 1 774 430 505 145 -1 -1 -1 -1 label : spot-0.69
59 1 783 430 494 145 -1 -1 -1 -1 label : spot-0.70
60 1 791 432 488 143 -1 -1 -1 -1 label : spot-0.75
61 1 801 436 477 141 -1 -1 -1 -1 label : spot-0.74
62 1 808 439 471 138 -1 -1 -1 -1 label : spot-0.73
63 1 821 441 457 136 -1 -1 -1 -1 label : spot-0.67
64 1 840 443 435 138 -1 -1 -1 -1 label : spot-0.61
65 1 851 446 428 135 -1 -1 -1 -1 label : spot-0.42
66 1 881 448 394 134 -1 -1 -1 -1 label : spot-0.40
106 2 691 370 142 84 -1 -1 -1 -1 label : spot-1 0.45
107 2 691 373 155 86 -1 -1 -1 -1 label : spot-1 0.37
113 3 733 395 212 44 -1 -1 -1 -1 label : invalidSpot-entrance 0.44
114 3 731 397 242 51 -1 -1 -1 -1 label : invalidSpot-entrance 0.53
115 3 737 400 262 60 -1 -1 -1 -1 label : invalidSpot-entrance 0.63
116 3 747 404 286 69 -1 -1 -1 -1 label : invalidSpot-entrance 0.67
117 3 750 406 325 80 -1 -1 -1 -1 label : invalidSpot-entrance 0.72
118 3 757 409 361 93 -1 -1 -1 -1 label : invalidSpot-entrance 0.72
119 3 760 413 412 106 -1 -1 -1 -1 label : invalidSpot-entrance 0.76
120 3 760 417 477 121 -1 -1 -1 -1 label : invalidSpot-entrance 0.68
121 3 786 424 480 134 -1 -1 -1 -1 label : invalidSpot-entrance 0.64
122 3 790 428 489 137 -1 -1 -1 -1 label : invalidSpot-entrance 0.67
123 3 794 432 485 137 -1 -1 -1 -1 label : invalidSpot-entrance 0.70
124 3 804 436 475 134 -1 -1 -1 -1 label : invalidSpot-entrance 0.69
125 3 832 441 447 133 -1 -1 -1 -1 label : invalidSpot-entrance 0.65
126 3 829 445 450 130 -1 -1 -1 -1 label : invalidSpot-entrance 0.65
127 3 846 452 433 122 -1 -1 -1 -1 label : invalidSpot-entrance 0.58
128 3 868 462 411 110 -1 -1 -1 -1 label : invalidSpot-entrance 0.45
129 3 903 473 376 101 -1 -1 -1 -1 label : invalidSpot-entrance 0.43
149 4 688 358 103 57 -1 -1 -1 -1 label : spot-1 0.40
150 4 687 360 113 58 -1 -1 -1 -1 label : spot-1 0.44
151 4 690 362 119 60 -1 -1 -1 -1 label : spot-1 0.47
152 4 694 363 125 62 -1 -1 -1 -1 label : spot-1 0.48
153 4 694 365 135 65 -1 -1 -1 -1 label : spot-1 0.56
154 4 703 365 136 72 -1 -1 -1 -1 label : spot-1 0.57
155 4 701 366 152 74 -1 -1 -1 -1 label : spot-1 0.64
156 4 705 367 160 80 -1 -1 -1 -1 label : spot-1 0.65
157 4 703 369 180 81 -1 -1 -1 -1 label : spot-1 0.60
158 4 709 371 185 87 -1 -1 -1 -1 label : spot-1 0.57
159 4 712 374 203 85 -1 -1 -1 -1 label : spot-1 0.54
160 4 699 378 251 69 -1 -1 -1 -1 label : spot-1 0.52
161 4 723 381 231 69 -1 -1 -1 -1 label : spot-1 0.40
162 4 728 383 243 74 -1 -1 -1 -1 label : spot-1 0.44
163 4 724 386 281 73 -1 -1 -1 -1 label : spot-1 0.57
164 4 735 389 294 77 -1 -1 -1 -1 label : spot-1 0.55
165 4 744 391 319 93 -1 -1 -1 -1 label : spot-1 0.50
166 4 742 395 368 102 -1 -1 -1 -1 label : spot-2 0.37
167 4 755 397 400 118 -1 -1 -1 -1 label : spot-2 0.51
168 4 773 401 439 131 -1 -1 -1 -1 label : spot-2 0.55
169 4 780 401 476 153 -1 -1 -1 -1 label : spot-2 0.46
170 4 775 402 504 158 -1 -1 -1 -1 label : spot-2 0.56
171 4 782 404 497 161 -1 -1 -1 -1 label : spot-2 0.54
172 4 790 409 489 154 -1 -1 -1 -1 label : spot-2 0.46
173 4 815 413 464 145 -1 -1 -1 -1 label : spot-2 0.45
174 4 826 417 453 141 -1 -1 -1 -1 label : spot-2 0.39
175 4 815 418 464 146 -1 -1 -1 -1 label : spot-1 0.65
176 4 813 420 466 145 -1 -1 -1 -1 label : spot-1 0.67
177 4 820 422 459 144 -1 -1 -1 -1 label : spot-1 0.75
178 4 830 425 449 141 -1 -1 -1 -1 label : spot-1 0.75
179 4 844 428 435 139 -1 -1 -1 -1 label : spot-1 0.69
180 4 854 435 425 134 -1 -1 -1 -1 label : spot-1 0.70
181 4 874 441 405 131 -1 -1 -1 -1 label : spot-1 0.64
182 4 891 447 388 127 -1 -1 -1 -1 label : spot-1 0.63
183 4 912 450 367 126 -1 -1 -1 -1 label : spot-1 0.46
184 4 954 456 320 125 -1 -1 -1 -1 label : spot-1 0.33
198 8 701 365 119 64 -1 -1 -1 -1 label : spot-1 0.41
199 8 702 365 131 68 -1 -1 -1 -1 label : spot-1 0.40
200 8 707 365 138 70 -1 -1 -1 -1 label : spot-1 0.42
201 8 709 365 150 77 -1 -1 -1 -1 label : spot-1 0.50
202 8 713 367 163 81 -1 -1 -1 -1 label : spot-1 0.44
203 8 717 369 177 83 -1 -1 -1 -1 label : spot-1 0.43
204 8 724 371 185 93 -1 -1 -1 -1 label : spot-1 0.55
205 8 721 373 213 92 -1 -1 -1 -1 label : spot-1 0.42
206 8 732 376 218 97 -1 -1 -1 -1 label : spot-1 0.47
211 4 1028 423 122 89 -1 -1 -1 -1 label : invalidSpot-entrance 0.36
212 4 1032 427 158 90 -1 -1 -1 -1 label : invalidSpot-entrance 0.46
213 4 1030 438 226 100 -1 -1 -1 -1 label : invalidSpot-entrance 0.48
214 4 1079 444 184 114 -1 -1 -1 -1 label : invalidSpot-entrance 0.43
215 4 1107 453 167 116 -1 -1 -1 -1 label : invalidSpot-entrance 0.37
215 10 783 410 292 59 -1 -1 -1 -1 label : spot-1 0.34
216 4 1115 455 164 118 -1 -1 -1 -1 label : invalidSpot-entrance 0.47
217 10 802 417 337 74 -1 -1 -1 -1 label : spot-1 0.57
218 10 814 422 346 82 -1 -1 -1 -1 label : spot-1 0.61
219 10 821 426 361 87 -1 -1 -1 -1 label : spot-1 0.62
220 10 832 431 394 93 -1 -1 -1 -1 label : spot-1 0.58
221 10 860 437 397 113 -1 -1 -1 -1 label : spot-1 0.71
222 10 867 442 412 119 -1 -1 -1 -1 label : spot-1 0.69
223 10 879 446 400 121 -1 -1 -1 -1 label : spot-1 0.66
224 10 897 451 382 121 -1 -1 -1 -1 label : spot-1 0.60
225 10 926 456 353 122 -1 -1 -1 -1 label : spot-1 0.41
226 10 966 462 313 120 -1 -1 -1 -1 label : spot-1 0.31
258 12 736 367 179 96 -1 -1 -1 -1 label : spot-1 0.42
259 12 742 372 191 104 -1 -1 -1 -1 label : spot-1 0.41
260 12 747 375 210 111 -1 -1 -1 -1 label : spot-1 0.47
261 12 744 381 249 96 -1 -1 -1 -1 label : spot-1 0.36
262 12 756 402 287 64 -1 -1 -1 -1 label : invalidSpot-entrance 0.36
263 12 820 418 236 46 -1 -1 -1 -1 label : invalidSpot-entrance 0.31
264 12 830 425 259 52 -1 -1 -1 -1 label : invalidSpot-entrance 0.32
265 12 849 435 291 63 -1 -1 -1 -1 label : invalidSpot-entrance 0.36
266 12 865 447 352 73 -1 -1 -1 -1 label : invalidSpot-entrance 0.45
267 12 896 456 350 72 -1 -1 -1 -1 label : invalidSpot-entrance 0.39
268 12 945 464 319 87 -1 -1 -1 -1 label : invalidSpot-entrance 0.45
268 13 793 414 293 59 -1 -1 -1 -1 label : spot-1 0.40
269 12 957 472 322 91 -1 -1 -1 -1 label : invalidSpot-entrance 0.47
269 13 803 417 308 64 -1 -1 -1 -1 label : spot-1 0.43
270 12 978 479 301 88 -1 -1 -1 -1 label : invalidSpot-entrance 0.49
270 13 811 420 329 68 -1 -1 -1 -1 label : spot-1 0.37
271 12 1001 486 278 86 -1 -1 -1 -1 label : invalidSpot-entrance 0.33
272 12 886 445 341 85 -1 -1 -1 -1 label : spot-1 0.38
273 12 854 432 356 83 -1 -1 -1 -1 label : spot-1 0.38
274 12 867 427 378 116 -1 -1 -1 -1 label : spot-1 0.57
275 12 854 427 424 116 -1 -1 -1 -1 label : spot-1 0.54
276 12 866 430 413 120 -1 -1 -1 -1 label : spot-1 0.60
277 12 885 436 394 121 -1 -1 -1 -1 label : spot-1 0.56
278 12 899 441 380 123 -1 -1 -1 -1 label : spot-1 0.53
279 12 918 446 361 123 -1 -1 -1 -1 label : spot-1 0.47
