42 2 309 379 67 33 -1 -1 -1 -1 label : invalidSpot-entrance 0.12
43 2 284 381 76 32 -1 -1 -1 -1 label : invalidSpot-entrance 0.21
44 2 260 380 92 35 -1 -1 -1 -1 label : invalidSpot-entrance 0.10
46 2 220 381 113 36 -1 -1 -1 -1 label : invalidSpot-entrance 0.15
47 2 200 380 81 42 -1 -1 -1 -1 label : invalidSpot-entrance 0.13
52 2 89 378 100 52 -1 -1 -1 -1 label : spot-1 0.15
53 2 57 378 107 56 -1 -1 -1 -1 label : spot-1 0.13
54 2 38 376 109 58 -1 -1 -1 -1 label : spot-1 0.14
55 2 12 375 121 56 -1 -1 -1 -1 label : spot-1 0.15
74 9 782 381 204 85 -1 -1 -1 -1 label : spot-1 0.48
75 9 819 382 177 90 -1 -1 -1 -1 label : spot-1 0.41
76 9 811 385 212 88 -1 -1 -1 -1 label : spot-1 0.45
77 9 800 388 239 93 -1 -1 -1 -1 label : spot-1 0.53
78 9 819 389 234 94 -1 -1 -1 -1 label : spot-1 0.48
79 9 808 391 272 96 -1 -1 -1 -1 label : spot-1 0.46
79 11 941 392 130 102 -1 -1 -1 -1 label : spot-1 0.12
80 9 812 393 287 101 -1 -1 -1 -1 label : spot-1 0.56
80 11 947 396 151 102 -1 -1 -1 -1 label : spot-1 0.14
81 9 826 395 302 98 -1 -1 -1 -1 label : spot-1 0.57
81 11 968 403 159 92 -1 -1 -1 -1 label : spot-1 0.14
82 9 821 397 334 98 -1 -1 -1 -1 label : spot-1 0.55
82 11 979 410 172 89 -1 -1 -1 -1 label : spot-1 0.18
83 9 819 406 366 93 -1 -1 -1 -1 label : spot-1 0.51
83 11 994 415 182 96 -1 -1 -1 -1 label : spot-1 0.14
84 9 818 407 389 98 -1 -1 -1 -1 label : spot-1 0.50
85 9 823 408 419 114 -1 -1 -1 -1 label : spot-1 0.48
86 9 819 414 454 119 -1 -1 -1 -1 label : spot-1 0.29
87 9 829 414 450 124 -1 -1 -1 -1 label : spot-1 0.40
88 9 837 415 442 126 -1 -1 -1 -1 label : spot-1 0.23
88 11 867 420 412 119 -1 -1 -1 -1 label : invalidspot-coloredCurb 0.22
89 9 842 417 437 125 -1 -1 -1 -1 label : spot-1 0.19
89 11 862 422 417 118 -1 -1 -1 -1 label : invalidspot-coloredCurb 0.18
90 9 851 419 428 125 -1 -1 -1 -1 label : spot-1 0.47
91 9 867 423 412 118 -1 -1 -1 -1 label : spot-1 0.35
