3 1 4 414 291 67 -1 -1 -1 -1 label : invalidspot-coloredCurb 0.17
4 1 0 415 304 71 -1 -1 -1 -1 label : invalidspot-coloredCurb 0.17
5 1 0 415 300 70 -1 -1 -1 -1 label : invalidspot-coloredCurb 0.15
6 1 0 415 297 69 -1 -1 -1 -1 label : invalidspot-coloredCurb 0.15
7 1 0 415 332 69 -1 -1 -1 -1 label : spot-0.13
8 1 5 417 305 72 -1 -1 -1 -1 label : spot-0.13
9 1 1 418 311 73 -1 -1 -1 -1 label : spot-0.26
10 1 0 419 313 73 -1 -1 -1 -1 label : spot-0.26
11 1 5 424 302 80 -1 -1 -1 -1 label : spot-0.48
11 3 906 337 20 59 -1 -1 -1 -1 label : fireHydrant 0.20
12 1 1 425 311 83 -1 -1 -1 -1 label : spot-0.48
12 3 905 339 21 59 -1 -1 -1 -1 label : fireHydrant 0.20
13 1 0 427 316 85 -1 -1 -1 -1 label : spot-0.22
15 4 911 379 84 48 -1 -1 -1 -1 label : spot-1 0.15
16 4 911 378 87 51 -1 -1 -1 -1 label : spot-1 0.15
17 4 911 379 101 51 -1 -1 -1 -1 label : spot-1 0.27
17 5 0 417 152 90 -1 -1 -1 -1 label : spot-1 0.23
18 4 913 379 101 51 -1 -1 -1 -1 label : spot-1 0.27
18 5 0 420 150 89 -1 -1 -1 -1 label : spot-1 0.23
19 4 919 380 96 50 -1 -1 -1 -1 label : spot-1 0.23
19 5 0 426 202 88 -1 -1 -1 -1 label : spot-1 0.18
20 4 920 380 96 50 -1 -1 -1 -1 label : spot-1 0.22
20 5 0 428 208 88 -1 -1 -1 -1 label : spot-1 0.19
21 4 926 389 96 47 -1 -1 -1 -1 label : spot-1 0.13
21 5 7 432 207 87 -1 -1 -1 -1 label : spot-1 0.12
22 4 929 393 94 45 -1 -1 -1 -1 label : spot-1 0.13
23 4 913 394 111 48 -1 -1 -1 -1 label : spot-1 0.54
24 4 909 395 114 48 -1 -1 -1 -1 label : spot-1 0.52
25 4 937 400 85 43 -1 -1 -1 -1 label : spot-1 0.29
26 4 944 403 80 40 -1 -1 -1 -1 label : spot-1 0.29
27 4 932 404 101 39 -1 -1 -1 -1 label : spot-1 0.16
28 4 932 404 99 38 -1 -1 -1 -1 label : spot-1 0.17
29 4 928 401 109 41 -1 -1 -1 -1 label : spot-1 0.21
30 4 925 400 114 42 -1 -1 -1 -1 label : spot-1 0.21
31 4 925 395 117 44 -1 -1 -1 -1 label : spot-1 0.26
32 4 924 394 119 43 -1 -1 -1 -1 label : spot-1 0.25
33 4 941 393 108 44 -1 -1 -1 -1 label : spot-1 0.31
34 4 945 393 108 44 -1 -1 -1 -1 label : spot-1 0.32
35 4 953 393 106 42 -1 -1 -1 -1 label : spot-1 0.21
36 4 958 392 103 43 -1 -1 -1 -1 label : spot-1 0.19
37 4 947 381 121 46 -1 -1 -1 -1 label : spot-1 0.45
38 4 944 377 125 47 -1 -1 -1 -1 label : spot-1 0.45
39 4 954 377 119 45 -1 -1 -1 -1 label : spot-1 0.15
40 4 958 377 116 44 -1 -1 -1 -1 label : spot-1 0.15
41 4 955 375 126 52 -1 -1 -1 -1 label : spot-1 0.36
42 4 953 375 131 54 -1 -1 -1 -1 label : spot-1 0.35
43 4 940 378 150 51 -1 -1 -1 -1 label : spot-1 0.37
44 4 940 379 147 50 -1 -1 -1 -1 label : spot-1 0.37
45 4 965 383 121 47 -1 -1 -1 -1 label : invalidSpot-entrance 0.15
46 4 970 385 119 45 -1 -1 -1 -1 label : invalidSpot-entrance 0.15
47 4 972 385 120 45 -1 -1 -1 -1 label : invalidSpot-entrance 0.30
48 9 925 383 172 43 -1 -1 -1 -1 label : spot-1 0.30
49 9 935 383 166 43 -1 -1 -1 -1 label : spot-1 0.27
50 9 936 383 169 43 -1 -1 -1 -1 label : spot-1 0.27
51 9 949 381 159 47 -1 -1 -1 -1 label : spot-1 0.41
52 9 949 381 163 47 -1 -1 -1 -1 label : spot-1 0.40
53 9 956 382 167 46 -1 -1 -1 -1 label : spot-1 0.28
54 9 958 382 167 46 -1 -1 -1 -1 label : spot-1 0.28
55 9 959 382 182 44 -1 -1 -1 -1 label : spot-1 0.35
56 9 963 381 179 45 -1 -1 -1 -1 label : spot-1 0.37
57 9 974 383 162 46 -1 -1 -1 -1 label : spot-1 0.49
58 9 975 384 162 46 -1 -1 -1 -1 label : spot-1 0.49
59 9 953 386 201 46 -1 -1 -1 -1 label : spot-1 0.35
60 9 952 387 201 45 -1 -1 -1 -1 label : spot-1 0.35
61 9 973 387 184 45 -1 -1 -1 -1 label : spot-1 0.30
62 9 980 386 182 46 -1 -1 -1 -1 label : spot-1 0.37
63 9 993 386 174 46 -1 -1 -1 -1 label : spot-1 0.24
64 9 1002 387 167 45 -1 -1 -1 -1 label : spot-1 0.23
65 4 958 387 226 48 -1 -1 -1 -1 label : spot-1 0.22
65 9 980 387 204 48 -1 -1 -1 -1 label : spot-2 0.21
66 4 959 388 225 48 -1 -1 -1 -1 label : spot-1 0.21
66 9 977 387 208 49 -1 -1 -1 -1 label : spot-2 0.19
67 4 952 389 241 45 -1 -1 -1 -1 label : spot-1 0.12
68 4 954 389 237 45 -1 -1 -1 -1 label : spot-1 0.13
71 9 1004 386 206 56 -1 -1 -1 -1 label : spot-1 0.12
72 9 1003 386 213 57 -1 -1 -1 -1 label : spot-1 0.13
73 9 955 383 285 53 -1 -1 -1 -1 label : spot-1 0.29
74 9 956 383 274 50 -1 -1 -1 -1 label : spot-1 0.30
75 9 999 381 227 54 -1 -1 -1 -1 label : spot-1 0.27
76 9 1004 381 231 54 -1 -1 -1 -1 label : spot-1 0.27
77 9 1022 376 225 55 -1 -1 -1 -1 label : spot-2 0.21
78 9 1025 375 228 55 -1 -1 -1 -1 label : spot-2 0.21
79 9 1072 378 179 54 -1 -1 -1 -1 label : invalidSpot-entrance 0.22
80 9 1082 380 175 53 -1 -1 -1 -1 label : invalidSpot-entrance 0.22
81 9 1048 376 226 55 -1 -1 -1 -1 label : spot-2 0.27
82 9 1045 375 226 56 -1 -1 -1 -1 label : spot-2 0.29
83 9 1022 375 257 60 -1 -1 -1 -1 label : spot-2 0.25
84 9 1015 375 264 62 -1 -1 -1 -1 label : spot-2 0.25
85 9 1018 375 261 61 -1 -1 -1 -1 label : spot-2 0.27
86 9 1016 376 263 59 -1 -1 -1 -1 label : spot-2 0.27
87 9 1031 373 246 60 -1 -1 -1 -1 label : spot-2 0.39
88 9 1033 372 246 60 -1 -1 -1 -1 label : spot-2 0.38
89 4 1008 376 270 48 -1 -1 -1 -1 label : spot-1 0.25
89 9 1016 373 263 56 -1 -1 -1 -1 label : spot-2 0.13
90 4 1010 375 269 48 -1 -1 -1 -1 label : spot-1 0.23
90 9 1020 374 259 54 -1 -1 -1 -1 label : spot-2 0.13
91 4 1017 376 262 47 -1 -1 -1 -1 label : spot-1 0.24
91 9 1040 374 236 55 -1 -1 -1 -1 label : spot-2 0.18
92 4 1019 376 260 47 -1 -1 -1 -1 label : spot-1 0.25
92 9 1043 374 236 56 -1 -1 -1 -1 label : spot-2 0.18
93 4 1021 379 258 48 -1 -1 -1 -1 label : invalidspot-coloredCurb 0.19
93 9 1029 378 250 55 -1 -1 -1 -1 label : spot-2 0.13
94 4 1021 380 258 48 -1 -1 -1 -1 label : invalidspot-coloredCurb 0.20
94 9 1027 379 252 55 -1 -1 -1 -1 label : spot-2 0.13
95 4 1026 382 251 50 -1 -1 -1 -1 label : invalidspot-coloredCurb 0.20
95 9 1035 381 241 59 -1 -1 -1 -1 label : spot-2 0.16
96 4 1024 382 255 52 -1 -1 -1 -1 label : invalidspot-coloredCurb 0.21
96 9 1033 382 246 60 -1 -1 -1 -1 label : spot-2 0.15
97 4 1026 383 253 52 -1 -1 -1 -1 label : invalidspot-coloredCurb 0.21
98 4 1016 384 263 49 -1 -1 -1 -1 label : spot-1 0.23
98 9 1067 384 210 64 -1 -1 -1 -1 label : spot-2 0.10
99 4 1017 385 262 49 -1 -1 -1 -1 label : spot-1 0.12
100 9 1102 386 177 60 -1 -1 -1 -1 label : spot-2 0.13
109 9 1124 391 155 52 -1 -1 -1 -1 label : invalidspot-coloredCurb 0.19
110 9 1132 393 147 48 -1 -1 -1 -1 label : invalidspot-coloredCurb 0.19
111 9 1129 392 150 48 -1 -1 -1 -1 label : invalidspot-coloredCurb 0.21
112 9 1127 391 152 48 -1 -1 -1 -1 label : invalidspot-coloredCurb 0.22
113 9 1137 392 142 46 -1 -1 -1 -1 label : invalidspot-coloredCurb 0.21
114 9 1140 393 139 45 -1 -1 -1 -1 label : invalidspot-coloredCurb 0.21
115 9 1132 393 147 49 -1 -1 -1 -1 label : invalidspot-coloredCurb 0.20
116 9 1128 394 151 50 -1 -1 -1 -1 label : invalidspot-coloredCurb 0.20
117 9 1180 389 87 60 -1 -1 -1 -1 label : invalidspot-coloredCurb 0.17
118 9 1185 387 91 64 -1 -1 -1 -1 label : invalidspot-coloredCurb 0.17
119 9 1130 393 149 57 -1 -1 -1 -1 label : invalidspot-coloredCurb 0.18
120 9 1129 395 150 54 -1 -1 -1 -1 label : invalidspot-coloredCurb 0.18
217 14 879 320 10 29 -1 -1 -1 -1 label : fireHydrant 0.13
217 15 210 353 165 81 -1 -1 -1 -1 label : spot-1 0.10
218 14 878 319 10 29 -1 -1 -1 -1 label : fireHydrant 0.13
218 15 207 352 166 83 -1 -1 -1 -1 label : spot-1 0.11
220 14 881 320 10 29 -1 -1 -1 -1 label : fireHydrant 0.10
221 14 883 319 11 30 -1 -1 -1 -1 label : fireHydrant 0.10
223 15 156 356 208 91 -1 -1 -1 -1 label : spot-1 0.15
224 15 152 356 210 93 -1 -1 -1 -1 label : spot-1 0.16
231 14 895 319 11 31 -1 -1 -1 -1 label : fireHydrant 0.10
233 14 898 320 10 31 -1 -1 -1 -1 label : fireHydrant 0.18
234 14 898 320 10 31 -1 -1 -1 -1 label : fireHydrant 0.17
234 15 46 369 291 123 -1 -1 -1 -1 label : spot-1 0.16
235 14 900 320 12 34 -1 -1 -1 -1 label : fireHydrant 0.30
235 15 26 371 304 128 -1 -1 -1 -1 label : spot-1 0.20
236 14 901 320 12 34 -1 -1 -1 -1 label : fireHydrant 0.30
236 16 0 378 134 105 -1 -1 -1 -1 label : invalidSpot-entrance 0.20
237 14 903 320 12 35 -1 -1 -1 -1 label : fireHydrant 0.22
238 15 0 390 307 100 -1 -1 -1 -1 label : invalidSpot-entrance 0.21
239 15 4 390 293 115 -1 -1 -1 -1 label : invalidSpot-entrance 0.13
240 15 0 391 302 121 -1 -1 -1 -1 label : invalidSpot-entrance 0.12
241 15 0 393 306 110 -1 -1 -1 -1 label : invalidSpot-entrance 0.19
242 15 0 395 298 104 -1 -1 -1 -1 label : invalidSpot-entrance 0.20
243 15 0 397 271 101 -1 -1 -1 -1 label : invalidSpot-entrance 0.14
243 16 0 387 81 96 -1 -1 -1 -1 label : invalidSpot-entrance 0.13
244 15 0 398 267 99 -1 -1 -1 -1 label : invalidSpot-entrance 0.14
244 16 0 389 79 92 -1 -1 -1 -1 label : invalidSpot-entrance 0.13
245 14 917 325 12 34 -1 -1 -1 -1 label : fireHydrant 0.30
245 15 7 394 261 126 -1 -1 -1 -1 label : spot-1 0.10
246 14 917 326 12 33 -1 -1 -1 -1 label : fireHydrant 0.31
246 15 0 393 279 135 -1 -1 -1 -1 label : spot-1 0.11
247 14 921 328 11 31 -1 -1 -1 -1 label : fireHydrant 0.55
247 15 0 390 282 143 -1 -1 -1 -1 label : spot-1 0.32
248 14 922 328 11 32 -1 -1 -1 -1 label : fireHydrant 0.55
248 15 0 388 286 147 -1 -1 -1 -1 label : spot-1 0.32
249 14 924 329 11 31 -1 -1 -1 -1 label : fireHydrant 0.35
250 15 0 389 278 142 -1 -1 -1 -1 label : spot-1 0.35
251 15 0 389 266 141 -1 -1 -1 -1 label : spot-1 0.43
252 15 0 389 264 140 -1 -1 -1 -1 label : spot-1 0.44
253 15 0 390 255 138 -1 -1 -1 -1 label : spot-1 0.30
254 15 0 390 252 138 -1 -1 -1 -1 label : spot-1 0.30
255 14 931 325 14 35 -1 -1 -1 -1 label : fireHydrant 0.19
255 15 0 392 247 133 -1 -1 -1 -1 label : spot-1 0.11
256 14 931 325 14 35 -1 -1 -1 -1 label : fireHydrant 0.20
256 15 0 393 244 131 -1 -1 -1 -1 label : spot-1 0.11
257 14 932 325 15 35 -1 -1 -1 -1 label : fireHydrant 0.18
258 15 0 395 212 131 -1 -1 -1 -1 label : spot-1 0.18
275 14 893 319 12 34 -1 -1 -1 -1 label : fireHydrant 0.27
276 14 887 318 11 34 -1 -1 -1 -1 label : fireHydrant 0.27
277 14 887 318 13 35 -1 -1 -1 -1 label : fireHydrant 0.28
278 14 887 318 13 35 -1 -1 -1 -1 label : fireHydrant 0.28
279 14 889 318 12 37 -1 -1 -1 -1 label : fireHydrant 0.28
280 14 889 317 12 38 -1 -1 -1 -1 label : fireHydrant 0.28
281 14 891 317 12 39 -1 -1 -1 -1 label : fireHydrant 0.28
282 14 891 317 12 39 -1 -1 -1 -1 label : fireHydrant 0.28
283 14 897 318 14 38 -1 -1 -1 -1 label : fireHydrant 0.18
284 14 900 318 12 38 -1 -1 -1 -1 label : fireHydrant 0.19
287 14 905 318 14 38 -1 -1 -1 -1 label : fireHydrant 0.12
288 14 907 318 14 38 -1 -1 -1 -1 label : fireHydrant 0.12
325 19 1018 333 18 50 -1 -1 -1 -1 label : fireHydrant 0.16
326 19 1020 332 18 52 -1 -1 -1 -1 label : fireHydrant 0.16
327 19 1028 334 16 47 -1 -1 -1 -1 label : fireHydrant 0.37
328 19 1031 334 15 46 -1 -1 -1 -1 label : fireHydrant 0.38
329 19 1037 334 15 48 -1 -1 -1 -1 label : fireHydrant 0.13
330 19 1038 334 16 49 -1 -1 -1 -1 label : fireHydrant 0.13
331 19 1046 334 16 48 -1 -1 -1 -1 label : fireHydrant 0.41
332 19 1049 334 15 48 -1 -1 -1 -1 label : fireHydrant 0.36
333 19 1053 334 15 48 -1 -1 -1 -1 label : fireHydrant 0.14
353 19 1012 351 12 29 -1 -1 -1 -1 label : fireHydrant 0.13
354 19 1009 353 11 27 -1 -1 -1 -1 label : fireHydrant 0.14
419 28 716 332 112 26 -1 -1 -1 -1 label : spot-1 0.14
420 28 716 331 111 26 -1 -1 -1 -1 label : spot-1 0.14
421 28 716 334 116 26 -1 -1 -1 -1 label : spot-1 0.18
422 28 715 334 117 26 -1 -1 -1 -1 label : spot-1 0.20
423 28 711 333 140 30 -1 -1 -1 -1 label : spot-1 0.18
424 28 711 333 145 30 -1 -1 -1 -1 label : spot-1 0.17
426 28 723 334 127 28 -1 -1 -1 -1 label : spot-1 0.11
427 28 724 334 123 31 -1 -1 -1 -1 label : spot-1 0.19
428 28 721 334 128 31 -1 -1 -1 -1 label : spot-1 0.19
429 28 725 335 129 31 -1 -1 -1 -1 label : spot-1 0.14
430 28 729 335 125 32 -1 -1 -1 -1 label : spot-1 0.12
431 28 725 336 137 31 -1 -1 -1 -1 label : spot-1 0.18
432 28 727 337 135 30 -1 -1 -1 -1 label : spot-1 0.18
435 28 727 337 153 32 -1 -1 -1 -1 label : spot-1 0.15
436 28 727 337 159 34 -1 -1 -1 -1 label : spot-1 0.16
437 28 724 335 189 38 -1 -1 -1 -1 label : spot-1 0.16
438 28 725 334 196 40 -1 -1 -1 -1 label : spot-1 0.16
439 28 722 336 207 35 -1 -1 -1 -1 label : spot-1 0.14
440 28 728 336 196 34 -1 -1 -1 -1 label : spot-1 0.13
441 28 742 335 194 39 -1 -1 -1 -1 label : spot-1 0.18
442 28 743 335 201 40 -1 -1 -1 -1 label : spot-1 0.19
443 28 742 335 214 41 -1 -1 -1 -1 label : spot-1 0.26
444 28 744 335 214 42 -1 -1 -1 -1 label : spot-1 0.26
445 28 736 336 230 42 -1 -1 -1 -1 label : spot-2 0.13
446 28 738 337 225 41 -1 -1 -1 -1 label : spot-2 0.14
447 28 753 337 191 39 -1 -1 -1 -1 label : spot-1 0.15
448 28 753 338 188 37 -1 -1 -1 -1 label : spot-1 0.16
449 28 759 337 210 46 -1 -1 -1 -1 label : spot-2 0.20
450 28 758 337 224 48 -1 -1 -1 -1 label : spot-2 0.21
451 28 756 336 239 52 -1 -1 -1 -1 label : spot-2 0.24
452 28 756 336 244 54 -1 -1 -1 -1 label : spot-2 0.23
453 28 761 336 252 53 -1 -1 -1 -1 label : spot-2 0.19
454 28 767 335 248 53 -1 -1 -1 -1 label : spot-2 0.18
455 28 791 335 227 53 -1 -1 -1 -1 label : spot-2 0.23
456 28 796 335 226 52 -1 -1 -1 -1 label : spot-2 0.23
457 28 788 335 208 46 -1 -1 -1 -1 label : spot-1 0.23
458 28 789 335 191 44 -1 -1 -1 -1 label : spot-1 0.24
459 28 780 335 209 43 -1 -1 -1 -1 label : spot-1 0.31
460 28 781 335 210 43 -1 -1 -1 -1 label : spot-1 0.42
461 28 790 335 180 43 -1 -1 -1 -1 label : spot-1 0.13
462 28 788 334 182 44 -1 -1 -1 -1 label : spot-1 0.13
469 28 784 339 257 53 -1 -1 -1 -1 label : spot-1 0.11
470 28 785 339 261 54 -1 -1 -1 -1 label : spot-1 0.11
471 28 765 341 355 67 -1 -1 -1 -1 label : spot-2 0.12
472 28 761 342 381 71 -1 -1 -1 -1 label : spot-2 0.12
473 28 759 342 398 73 -1 -1 -1 -1 label : spot-2 0.10
477 28 818 338 338 78 -1 -1 -1 -1 label : spot-2 0.13
478 28 821 338 341 78 -1 -1 -1 -1 label : spot-2 0.13
479 28 842 341 288 77 -1 -1 -1 -1 label : spot-2 0.21
480 28 840 342 287 76 -1 -1 -1 -1 label : spot-2 0.21
481 28 837 346 300 69 -1 -1 -1 -1 label : spot-2 0.11
482 28 844 347 288 67 -1 -1 -1 -1 label : spot-2 0.11
483 28 798 336 440 82 -1 -1 -1 -1 label : spot-2 0.29
484 28 796 331 467 90 -1 -1 -1 -1 label : spot-2 0.30
485 28 816 327 390 82 -1 -1 -1 -1 label : spot-2 0.27
486 28 818 326 373 78 -1 -1 -1 -1 label : spot-2 0.28
489 28 818 331 399 85 -1 -1 -1 -1 label : spot-2 0.36
490 28 815 332 413 89 -1 -1 -1 -1 label : spot-2 0.36
491 28 841 341 423 90 -1 -1 -1 -1 label : spot-2 0.26
492 28 851 344 426 91 -1 -1 -1 -1 label : spot-2 0.25
493 28 845 342 434 92 -1 -1 -1 -1 label : spot-2 0.13
494 28 844 341 435 93 -1 -1 -1 -1 label : spot-2 0.13
497 28 872 332 400 100 -1 -1 -1 -1 label : spot-2 0.35
498 28 869 328 410 103 -1 -1 -1 -1 label : spot-2 0.35
499 28 876 331 399 110 -1 -1 -1 -1 label : spot-2 0.19
500 28 871 332 408 113 -1 -1 -1 -1 label : spot-2 0.19
503 28 855 347 424 116 -1 -1 -1 -1 label : spot-2 0.16
504 28 849 353 430 117 -1 -1 -1 -1 label : spot-2 0.17
514 28 911 354 315 91 -1 -1 -1 -1 label : spot-2 0.32
515 28 888 362 282 71 -1 -1 -1 -1 label : spot-1 0.12
516 28 890 365 274 68 -1 -1 -1 -1 label : spot-1 0.13
517 28 880 361 378 81 -1 -1 -1 -1 label : spot-2 0.25
518 28 884 361 387 82 -1 -1 -1 -1 label : spot-2 0.26
519 28 956 361 304 81 -1 -1 -1 -1 label : spot-2 0.16
520 28 969 361 301 80 -1 -1 -1 -1 label : spot-2 0.15
521 28 914 363 362 101 -1 -1 -1 -1 label : spot-2 0.17
522 28 891 365 388 108 -1 -1 -1 -1 label : spot-2 0.17
523 28 905 364 367 119 -1 -1 -1 -1 label : spot-2 0.22
523 44 707 325 83 31 -1 -1 -1 -1 label : spot-1 0.19
524 28 900 364 379 123 -1 -1 -1 -1 label : spot-2 0.21
524 44 708 324 82 31 -1 -1 -1 -1 label : spot-1 0.19
525 28 921 366 358 119 -1 -1 -1 -1 label : spot-2 0.11
525 44 717 325 75 31 -1 -1 -1 -1 label : spot-1 0.10
526 28 929 367 350 116 -1 -1 -1 -1 label : spot-2 0.11
526 44 719 325 75 31 -1 -1 -1 -1 label : spot-1 0.10
527 28 915 368 364 116 -1 -1 -1 -1 label : spot-2 0.14
528 28 913 368 366 116 -1 -1 -1 -1 label : spot-2 0.14
529 28 915 369 364 115 -1 -1 -1 -1 label : spot-2 0.20
529 44 722 326 80 32 -1 -1 -1 -1 label : spot-1 0.15
530 28 915 370 364 114 -1 -1 -1 -1 label : spot-2 0.21
530 44 722 327 81 32 -1 -1 -1 -1 label : spot-1 0.15
531 28 916 370 363 116 -1 -1 -1 -1 label : spot-2 0.16
532 44 715 324 88 33 -1 -1 -1 -1 label : spot-1 0.16
535 28 970 367 305 118 -1 -1 -1 -1 label : spot-1 0.16
536 28 972 367 307 119 -1 -1 -1 -1 label : spot-1 0.15
537 28 981 372 298 118 -1 -1 -1 -1 label : spot-1 0.13
538 28 980 374 299 116 -1 -1 -1 -1 label : spot-1 0.13
539 28 938 377 341 107 -1 -1 -1 -1 label : spot-1 0.29
539 44 750 328 70 36 -1 -1 -1 -1 label : spot-1 0.23
540 28 938 378 341 102 -1 -1 -1 -1 label : spot-1 0.29
540 44 753 328 70 37 -1 -1 -1 -1 label : spot-1 0.23
541 28 949 381 326 107 -1 -1 -1 -1 label : spot-1 0.29
541 44 754 329 73 38 -1 -1 -1 -1 label : spot-1 0.24
542 28 948 383 329 108 -1 -1 -1 -1 label : spot-1 0.29
542 44 755 330 74 38 -1 -1 -1 -1 label : spot-1 0.24
543 28 952 382 326 109 -1 -1 -1 -1 label : spot-1 0.21
543 44 762 330 71 36 -1 -1 -1 -1 label : spot-1 0.20
544 28 952 381 327 111 -1 -1 -1 -1 label : spot-1 0.21
544 44 764 331 70 35 -1 -1 -1 -1 label : spot-1 0.19
545 28 964 381 312 113 -1 -1 -1 -1 label : spot-1 0.21
545 44 758 329 80 38 -1 -1 -1 -1 label : spot-1 0.16
546 28 962 381 317 114 -1 -1 -1 -1 label : spot-1 0.21
546 44 756 329 82 39 -1 -1 -1 -1 label : spot-1 0.15
547 28 963 382 316 114 -1 -1 -1 -1 label : spot-1 0.26
548 44 759 327 84 40 -1 -1 -1 -1 label : spot-1 0.24
549 44 757 323 89 42 -1 -1 -1 -1 label : spot-1 0.21
550 44 755 321 92 42 -1 -1 -1 -1 label : spot-1 0.21
551 28 1085 380 188 113 -1 -1 -1 -1 label : spot-1 0.23
551 44 742 320 114 44 -1 -1 -1 -1 label : spot-1 0.13
552 28 1091 380 187 113 -1 -1 -1 -1 label : spot-1 0.23
552 44 740 320 116 44 -1 -1 -1 -1 label : spot-1 0.13
553 28 1053 384 226 121 -1 -1 -1 -1 label : spot-1 0.29
553 44 765 324 89 46 -1 -1 -1 -1 label : spot-1 0.25
554 28 1044 386 235 122 -1 -1 -1 -1 label : spot-1 0.30
554 44 768 326 90 47 -1 -1 -1 -1 label : spot-1 0.26
555 28 1059 389 220 119 -1 -1 -1 -1 label : spot-1 0.21
555 44 766 331 101 43 -1 -1 -1 -1 label : spot-1 0.19
556 28 1061 390 218 118 -1 -1 -1 -1 label : spot-1 0.22
556 44 770 333 96 42 -1 -1 -1 -1 label : spot-1 0.19
557 28 1072 392 207 112 -1 -1 -1 -1 label : spot-1 0.33
557 44 792 332 73 44 -1 -1 -1 -1 label : spot-1 0.22
558 28 1073 393 206 109 -1 -1 -1 -1 label : spot-1 0.33
558 44 796 332 73 44 -1 -1 -1 -1 label : spot-1 0.23
559 28 1087 394 189 117 -1 -1 -1 -1 label : spot-1 0.20
559 44 776 331 105 44 -1 -1 -1 -1 label : spot-1 0.17
560 28 1084 395 195 120 -1 -1 -1 -1 label : spot-1 0.20
560 44 774 330 106 45 -1 -1 -1 -1 label : spot-1 0.17
561 28 1100 394 175 126 -1 -1 -1 -1 label : spot-1 0.19
561 44 797 330 81 48 -1 -1 -1 -1 label : spot-1 0.15
562 28 1103 394 175 129 -1 -1 -1 -1 label : spot-1 0.18
562 44 800 331 83 47 -1 -1 -1 -1 label : spot-1 0.15
563 28 1108 395 171 130 -1 -1 -1 -1 label : spot-1 0.15
564 44 810 330 82 53 -1 -1 -1 -1 label : spot-1 0.15
565 44 811 330 88 53 -1 -1 -1 -1 label : spot-1 0.38
566 44 812 330 88 52 -1 -1 -1 -1 label : spot-1 0.37
567 44 797 333 116 53 -1 -1 -1 -1 label : spot-1 0.29
568 44 796 334 117 53 -1 -1 -1 -1 label : spot-1 0.29
569 44 790 336 125 55 -1 -1 -1 -1 label : spot-1 0.26
570 44 789 336 126 57 -1 -1 -1 -1 label : spot-1 0.26
571 44 786 337 138 55 -1 -1 -1 -1 label : spot-1 0.20
572 44 787 338 138 54 -1 -1 -1 -1 label : spot-1 0.20
573 44 770 337 163 56 -1 -1 -1 -1 label : spot-1 0.18
574 44 769 337 163 56 -1 -1 -1 -1 label : spot-1 0.18
575 44 772 333 169 56 -1 -1 -1 -1 label : spot-1 0.36
576 44 773 331 171 57 -1 -1 -1 -1 label : spot-1 0.36
577 44 797 331 143 58 -1 -1 -1 -1 label : spot-1 0.24
578 44 800 331 144 58 -1 -1 -1 -1 label : spot-1 0.24
579 44 788 329 169 59 -1 -1 -1 -1 label : spot-1 0.37
580 44 787 329 171 59 -1 -1 -1 -1 label : spot-1 0.36
581 44 820 336 137 62 -1 -1 -1 -1 label : spot-1 0.21
582 44 825 339 138 62 -1 -1 -1 -1 label : spot-1 0.22
583 44 812 340 156 63 -1 -1 -1 -1 label : spot-1 0.10
583 47 766 340 195 59 -1 -1 -1 -1 label : spot-2 0.10
584 44 810 341 157 63 -1 -1 -1 -1 label : spot-1 0.11
585 44 790 339 200 64 -1 -1 -1 -1 label : spot-1 0.20
586 44 789 338 202 65 -1 -1 -1 -1 label : spot-1 0.19
587 44 765 340 239 66 -1 -1 -1 -1 label : spot-2 0.39
588 44 763 340 239 68 -1 -1 -1 -1 label : spot-2 0.39
589 44 762 338 248 63 -1 -1 -1 -1 label : spot-2 0.31
589 47 841 337 165 64 -1 -1 -1 -1 label : spot-1 0.14
590 44 766 337 242 62 -1 -1 -1 -1 label : spot-2 0.30
590 47 808 336 207 64 -1 -1 -1 -1 label : spot-1 0.15
591 44 843 336 159 63 -1 -1 -1 -1 label : spot-1 0.24
591 47 772 335 260 62 -1 -1 -1 -1 label : spot-2 0.15
592 44 856 336 159 64 -1 -1 -1 -1 label : spot-1 0.25
592 47 770 334 257 63 -1 -1 -1 -1 label : spot-2 0.15
593 44 871 336 147 62 -1 -1 -1 -1 label : spot-1 0.23
593 47 757 334 274 60 -1 -1 -1 -1 label : spot-2 0.23
594 44 875 336 145 61 -1 -1 -1 -1 label : spot-1 0.23
594 47 757 334 270 60 -1 -1 -1 -1 label : spot-2 0.22
595 44 885 336 148 61 -1 -1 -1 -1 label : spot-1 0.17
595 47 827 334 193 61 -1 -1 -1 -1 label : spot-2 0.14
596 44 890 336 147 61 -1 -1 -1 -1 label : spot-1 0.16
596 47 838 334 194 62 -1 -1 -1 -1 label : spot-2 0.14
597 44 880 339 168 60 -1 -1 -1 -1 label : spot-1 0.30
597 47 830 336 215 63 -1 -1 -1 -1 label : spot-2 0.13
598 44 881 340 167 60 -1 -1 -1 -1 label : spot-1 0.30
598 47 831 337 216 63 -1 -1 -1 -1 label : spot-2 0.13
599 44 855 347 229 67 -1 -1 -1 -1 label : spot-2 0.27
599 47 834 337 220 63 -1 -1 -1 -1 label : spot-2 0.15
600 44 852 350 238 70 -1 -1 -1 -1 label : spot-2 0.27
601 44 861 346 211 66 -1 -1 -1 -1 label : spot-2 0.17
602 44 861 345 206 65 -1 -1 -1 -1 label : spot-2 0.18
603 44 848 352 221 60 -1 -1 -1 -1 label : spot-2 0.16
604 44 851 355 213 58 -1 -1 -1 -1 label : spot-2 0.16
607 44 885 345 198 61 -1 -1 -1 -1 label : spot-2 0.13
607 47 915 342 195 67 -1 -1 -1 -1 label : spot-1 0.13
608 44 893 341 200 62 -1 -1 -1 -1 label : spot-2 0.13
608 47 919 343 195 67 -1 -1 -1 -1 label : spot-1 0.13
611 47 881 347 253 67 -1 -1 -1 -1 label : spot-2 0.38
612 47 876 348 254 68 -1 -1 -1 -1 label : spot-2 0.38
613 47 853 355 379 96 -1 -1 -1 -1 label : spot-2 0.21
614 47 848 358 417 106 -1 -1 -1 -1 label : spot-2 0.21
615 47 831 364 448 114 -1 -1 -1 -1 label : spot-2 0.32
616 47 825 366 454 117 -1 -1 -1 -1 label : spot-2 0.32
617 44 847 350 277 63 -1 -1 -1 -1 label : spot-2 0.19
617 47 820 369 459 120 -1 -1 -1 -1 label : spot-2 0.15
618 44 846 351 276 63 -1 -1 -1 -1 label : spot-2 0.20
619 44 844 351 283 63 -1 -1 -1 -1 label : spot-2 0.21
620 47 874 353 405 111 -1 -1 -1 -1 label : spot-2 0.21
621 44 925 365 260 71 -1 -1 -1 -1 label : spot-2 0.36
621 47 874 353 405 113 -1 -1 -1 -1 label : spot-2 0.15
622 44 933 367 265 72 -1 -1 -1 -1 label : spot-2 0.36
623 44 903 372 308 79 -1 -1 -1 -1 label : spot-2 0.44
624 44 894 374 318 82 -1 -1 -1 -1 label : spot-2 0.44
625 44 877 375 353 84 -1 -1 -1 -1 label : spot-2 0.32
626 44 876 375 355 85 -1 -1 -1 -1 label : spot-2 0.33
627 44 923 373 335 88 -1 -1 -1 -1 label : spot-2 0.20
628 44 936 373 338 88 -1 -1 -1 -1 label : spot-2 0.20
629 44 940 374 339 90 -1 -1 -1 -1 label : spot-2 0.12
631 44 882 358 397 112 -1 -1 -1 -1 label : spot-2 0.25
631 55 771 293 11 27 -1 -1 -1 -1 label : fireHydrant 0.13
632 44 873 356 406 115 -1 -1 -1 -1 label : spot-2 0.24
632 55 772 292 11 27 -1 -1 -1 -1 label : fireHydrant 0.13
633 44 860 355 419 117 -1 -1 -1 -1 label : spot-2 0.28
634 44 856 354 423 119 -1 -1 -1 -1 label : spot-2 0.29
635 44 855 352 424 121 -1 -1 -1 -1 label : spot-2 0.34
636 44 853 351 426 123 -1 -1 -1 -1 label : spot-2 0.34
637 44 860 350 419 122 -1 -1 -1 -1 label : spot-2 0.29
638 44 861 349 418 123 -1 -1 -1 -1 label : spot-2 0.30
639 44 866 346 409 129 -1 -1 -1 -1 label : spot-2 0.31
640 44 860 345 419 132 -1 -1 -1 -1 label : spot-2 0.28
641 44 967 358 291 128 -1 -1 -1 -1 label : spot-2 0.24
642 44 985 363 287 127 -1 -1 -1 -1 label : spot-2 0.25
643 44 879 360 400 135 -1 -1 -1 -1 label : spot-2 0.15
644 44 858 358 421 139 -1 -1 -1 -1 label : spot-2 0.15
645 44 961 371 313 116 -1 -1 -1 -1 label : spot-2 0.40
645 55 786 294 10 28 -1 -1 -1 -1 label : fireHydrant 0.16
646 44 991 377 286 105 -1 -1 -1 -1 label : spot-2 0.41
646 55 787 294 10 29 -1 -1 -1 -1 label : fireHydrant 0.16
647 44 993 372 284 114 -1 -1 -1 -1 label : spot-2 0.22
648 44 990 371 289 116 -1 -1 -1 -1 label : spot-2 0.22
649 44 1002 370 276 113 -1 -1 -1 -1 label : spot-2 0.28
650 44 1007 370 270 112 -1 -1 -1 -1 label : spot-2 0.28
651 44 1036 371 238 114 -1 -1 -1 -1 label : spot-2 0.28
652 44 1039 372 240 113 -1 -1 -1 -1 label : spot-2 0.28
653 44 999 367 280 118 -1 -1 -1 -1 label : spot-2 0.19
654 44 991 365 288 121 -1 -1 -1 -1 label : spot-2 0.19
655 44 895 353 384 120 -1 -1 -1 -1 label : spot-2 0.16
656 44 878 348 401 120 -1 -1 -1 -1 label : spot-2 0.16
657 44 1015 359 241 113 -1 -1 -1 -1 label : spot-2 0.14
657 55 926 305 20 44 -1 -1 -1 -1 label : fireHydrant 0.10
658 44 1038 363 234 110 -1 -1 -1 -1 label : spot-2 0.14
658 55 932 306 20 44 -1 -1 -1 -1 label : fireHydrant 0.10
659 44 1002 363 277 121 -1 -1 -1 -1 label : spot-2 0.15
660 44 992 363 287 125 -1 -1 -1 -1 label : spot-2 0.14
661 44 972 374 307 117 -1 -1 -1 -1 label : spot-2 0.43
661 55 886 315 14 43 -1 -1 -1 -1 label : fireHydrant 0.17
662 44 975 378 304 114 -1 -1 -1 -1 label : spot-2 0.43
662 55 876 316 13 43 -1 -1 -1 -1 label : fireHydrant 0.17
663 44 1037 393 239 98 -1 -1 -1 -1 label : spot-2 0.14
663 55 873 310 19 57 -1 -1 -1 -1 label : fireHydrant 0.12
664 44 1022 396 257 88 -1 -1 -1 -1 label : spot-2 0.14
664 55 872 307 20 62 -1 -1 -1 -1 label : fireHydrant 0.11
667 44 1068 371 201 90 -1 -1 -1 -1 label : spot-2 0.31
667 55 873 278 23 71 -1 -1 -1 -1 label : fireHydrant 0.13
668 44 1074 361 200 91 -1 -1 -1 -1 label : spot-2 0.30
668 55 873 266 25 75 -1 -1 -1 -1 label : fireHydrant 0.12
673 44 1003 366 276 90 -1 -1 -1 -1 label : spot-2 0.19
673 58 277 257 17 39 -1 -1 -1 -1 label : fireHydrant 0.12
674 44 996 367 283 90 -1 -1 -1 -1 label : spot-2 0.19
674 58 276 259 17 39 -1 -1 -1 -1 label : fireHydrant 0.12
675 44 1048 372 215 104 -1 -1 -1 -1 label : spot-2 0.26
675 58 275 260 18 40 -1 -1 -1 -1 label : fireHydrant 0.25
676 44 1050 374 224 108 -1 -1 -1 -1 label : spot-2 0.26
676 58 274 261 18 40 -1 -1 -1 -1 label : fireHydrant 0.25
677 44 1050 374 229 110 -1 -1 -1 -1 label : spot-2 0.42
677 58 273 259 17 42 -1 -1 -1 -1 label : fireHydrant 0.42
678 58 272 258 17 42 -1 -1 -1 -1 label : fireHydrant 0.42
678 62 988 324 23 45 -1 -1 -1 -1 label : fireHydrant 0.42
679 58 267 259 18 41 -1 -1 -1 -1 label : fireHydrant 0.18
680 58 266 259 17 41 -1 -1 -1 -1 label : fireHydrant 0.18
681 44 1121 378 117 70 -1 -1 -1 -1 label : invalidspot-coloredCurb 0.58
681 58 267 260 16 42 -1 -1 -1 -1 label : fireHydrant 0.32
682 44 1126 379 110 64 -1 -1 -1 -1 label : invalidspot-coloredCurb 0.58
682 58 267 261 16 42 -1 -1 -1 -1 label : fireHydrant 0.32
683 44 1134 377 131 78 -1 -1 -1 -1 label : invalidspot-coloredCurb 0.44
683 58 263 257 17 44 -1 -1 -1 -1 label : fireHydrant 0.15
684 44 1138 377 137 82 -1 -1 -1 -1 label : invalidspot-coloredCurb 0.43
684 58 261 256 17 44 -1 -1 -1 -1 label : fireHydrant 0.15
685 44 1142 376 137 84 -1 -1 -1 -1 label : invalidspot-coloredCurb 0.51
685 58 258 249 17 43 -1 -1 -1 -1 label : fireHydrant 0.14
686 58 257 246 16 43 -1 -1 -1 -1 label : fireHydrant 0.52
686 62 1024 310 23 49 -1 -1 -1 -1 label : fireHydrant 0.12
687 58 255 253 17 43 -1 -1 -1 -1 label : fireHydrant 0.29
688 58 254 256 17 42 -1 -1 -1 -1 label : fireHydrant 0.29
689 58 253 258 16 42 -1 -1 -1 -1 label : fireHydrant 0.47
690 58 252 259 16 41 -1 -1 -1 -1 label : fireHydrant 0.46
691 58 250 260 17 42 -1 -1 -1 -1 label : fireHydrant 0.47
691 62 1045 325 24 57 -1 -1 -1 -1 label : fireHydrant 0.12
692 58 249 260 17 43 -1 -1 -1 -1 label : fireHydrant 0.47
692 62 1047 326 24 58 -1 -1 -1 -1 label : fireHydrant 0.12
693 58 246 262 16 44 -1 -1 -1 -1 label : fireHydrant 0.50
694 58 244 263 17 44 -1 -1 -1 -1 label : fireHydrant 0.50
695 55 911 291 19 67 -1 -1 -1 -1 label : fireHydrant 0.42
695 58 241 265 19 46 -1 -1 -1 -1 label : fireHydrant 0.35
695 62 1065 331 26 60 -1 -1 -1 -1 label : fireHydrant 0.34
696 55 912 292 18 66 -1 -1 -1 -1 label : fireHydrant 0.42
696 58 240 266 19 46 -1 -1 -1 -1 label : fireHydrant 0.38
696 62 1067 332 27 60 -1 -1 -1 -1 label : fireHydrant 0.36
699 58 232 253 20 46 -1 -1 -1 -1 label : fireHydrant 0.13
700 58 230 249 19 45 -1 -1 -1 -1 label : fireHydrant 0.13
701 55 925 285 16 58 -1 -1 -1 -1 label : fireHydrant 0.22
701 58 225 248 19 47 -1 -1 -1 -1 label : fireHydrant 0.12
702 55 927 283 16 58 -1 -1 -1 -1 label : fireHydrant 0.22
702 58 223 247 20 49 -1 -1 -1 -1 label : fireHydrant 0.12
703 55 929 282 15 62 -1 -1 -1 -1 label : fireHydrant 0.30
703 58 224 250 17 46 -1 -1 -1 -1 label : fireHydrant 0.21
703 62 1108 328 29 63 -1 -1 -1 -1 label : fireHydrant 0.12
704 55 929 282 15 63 -1 -1 -1 -1 label : fireHydrant 0.29
704 58 224 252 17 43 -1 -1 -1 -1 label : fireHydrant 0.22
704 62 1111 328 29 63 -1 -1 -1 -1 label : fireHydrant 0.12
705 55 931 281 15 63 -1 -1 -1 -1 label : fireHydrant 0.17
706 58 224 260 13 40 -1 -1 -1 -1 label : fireHydrant 0.18
713 55 956 274 27 81 -1 -1 -1 -1 label : fireHydrant 0.23
714 55 958 273 28 82 -1 -1 -1 -1 label : fireHydrant 0.24
715 55 963 278 25 81 -1 -1 -1 -1 label : fireHydrant 0.17
715 58 291 274 12 31 -1 -1 -1 -1 label : fireHydrant 0.14
715 62 1189 340 35 65 -1 -1 -1 -1 label : fireHydrant 0.13
716 55 964 279 25 81 -1 -1 -1 -1 label : fireHydrant 0.17
716 58 296 275 12 31 -1 -1 -1 -1 label : fireHydrant 0.14
716 62 1194 341 35 65 -1 -1 -1 -1 label : fireHydrant 0.13
717 55 968 283 27 81 -1 -1 -1 -1 label : fireHydrant 0.23
717 62 1205 342 36 68 -1 -1 -1 -1 label : fireHydrant 0.12
718 55 970 284 27 81 -1 -1 -1 -1 label : fireHydrant 0.23
718 62 1209 342 37 70 -1 -1 -1 -1 label : fireHydrant 0.12
719 55 971 281 29 83 -1 -1 -1 -1 label : fireHydrant 0.31
719 62 1222 343 35 70 -1 -1 -1 -1 label : fireHydrant 0.24
720 55 972 280 29 84 -1 -1 -1 -1 label : fireHydrant 0.30
720 62 1226 343 35 70 -1 -1 -1 -1 label : fireHydrant 0.24
