3 1 595 296 229 90 -1 -1 -1 -1 label : spot-2 0.13
4 1 601 299 217 88 -1 -1 -1 -1 label : spot-2 0.14
5 1 603 301 209 84 -1 -1 -1 -1 label : spot-2 0.13
6 1 606 302 222 98 -1 -1 -1 -1 label : spot-2 0.18
7 1 595 302 229 87 -1 -1 -1 -1 label : spot-2 0.14
8 1 606 303 213 88 -1 -1 -1 -1 label : spot-2 0.21
9 1 607 302 271 108 -1 -1 -1 -1 label : spot-2 0.10
9 5 602 299 123 31 -1 -1 -1 -1 label : spot-1 0.10
12 1 615 302 307 122 -1 -1 -1 -1 label : spot-2 0.20
12 5 602 292 121 34 -1 -1 -1 -1 label : spot-1 0.11
13 1 619 304 324 125 -1 -1 -1 -1 label : spot-2 0.19
14 1 632 306 325 126 -1 -1 -1 -1 label : spot-2 0.13
14 5 600 288 134 33 -1 -1 -1 -1 label : spot-1 0.12
16 5 605 286 117 36 -1 -1 -1 -1 label : spot-1 0.12
20 1 648 310 385 144 -1 -1 -1 -1 label : invalidspot-coloredCurb 0.17
23 5 611 289 141 47 -1 -1 -1 -1 label : spot-1 0.33
35 5 648 298 166 37 -1 -1 -1 -1 label : spot-1 0.13
43 5 665 321 173 44 -1 -1 -1 -1 label : spot-1 0.10
62 14 601 318 58 20 -1 -1 -1 -1 label : spot-1 0.12
63 14 603 320 57 21 -1 -1 -1 -1 label : spot-1 0.12
64 14 605 321 56 20 -1 -1 -1 -1 label : spot-1 0.11
65 5 781 371 266 70 -1 -1 -1 -1 label : spot-1 0.13
65 14 608 321 56 21 -1 -1 -1 -1 label : spot-1 0.10
66 5 785 377 284 77 -1 -1 -1 -1 label : spot-1 0.14
66 14 608 320 60 22 -1 -1 -1 -1 label : spot-1 0.10
67 5 796 380 289 77 -1 -1 -1 -1 label : spot-1 0.15
67 14 609 319 64 22 -1 -1 -1 -1 label : spot-1 0.13
68 5 805 381 289 83 -1 -1 -1 -1 label : spot-1 0.21
68 14 613 317 62 23 -1 -1 -1 -1 label : spot-1 0.19
69 5 815 386 299 85 -1 -1 -1 -1 label : spot-1 0.12
70 5 812 380 240 77 -1 -1 -1 -1 label : spot-1 0.15
70 14 618 317 59 22 -1 -1 -1 -1 label : invalidSpot-entrance 0.12
71 5 815 386 323 81 -1 -1 -1 -1 label : spot-1 0.20
71 14 619 318 62 20 -1 -1 -1 -1 label : invalidSpot-entrance 0.11
72 5 822 389 338 84 -1 -1 -1 -1 label : spot-1 0.15
72 14 622 317 60 22 -1 -1 -1 -1 label : spot-1 0.12
73 14 620 317 66 22 -1 -1 -1 -1 label : spot-1 0.14
74 14 625 317 61 22 -1 -1 -1 -1 label : spot-1 0.15
75 5 849 392 417 108 -1 -1 -1 -1 label : spot-2 0.26
75 14 625 317 64 24 -1 -1 -1 -1 label : spot-1 0.17
75 17 828 385 238 61 -1 -1 -1 -1 label : spot-1 0.13
76 5 853 393 426 108 -1 -1 -1 -1 label : spot-2 0.30
76 14 625 317 68 25 -1 -1 -1 -1 label : spot-1 0.25
76 17 845 389 244 64 -1 -1 -1 -1 label : spot-1 0.17
77 5 867 394 412 116 -1 -1 -1 -1 label : spot-2 0.41
77 14 627 316 70 26 -1 -1 -1 -1 label : spot-1 0.24
77 17 858 391 250 76 -1 -1 -1 -1 label : spot-1 0.22
78 5 877 395 402 125 -1 -1 -1 -1 label : spot-2 0.41
78 14 630 316 67 26 -1 -1 -1 -1 label : spot-1 0.29
78 17 861 392 264 78 -1 -1 -1 -1 label : spot-1 0.17
79 5 876 396 403 126 -1 -1 -1 -1 label : spot-1 0.43
79 14 630 315 73 25 -1 -1 -1 -1 label : spot-1 0.40
79 17 878 394 250 84 -1 -1 -1 -1 label : spot-1 0.24
80 5 889 395 390 131 -1 -1 -1 -1 label : spot-1 0.42
80 14 633 314 73 25 -1 -1 -1 -1 label : spot-1 0.35
80 17 884 396 261 88 -1 -1 -1 -1 label : spot-1 0.28
81 5 896 396 383 125 -1 -1 -1 -1 label : spot-1 0.50
81 14 637 312 72 26 -1 -1 -1 -1 label : spot-1 0.47
81 20 953 391 323 128 -1 -1 -1 -1 label : spot-2 0.11
82 5 913 398 366 118 -1 -1 -1 -1 label : spot-1 0.54
82 14 637 311 76 27 -1 -1 -1 -1 label : spot-1 0.48
82 20 968 397 311 121 -1 -1 -1 -1 label : spot-2 0.17
83 5 966 399 310 118 -1 -1 -1 -1 label : spot-2 0.59
83 14 637 309 81 27 -1 -1 -1 -1 label : spot-1 0.47
83 20 949 400 330 116 -1 -1 -1 -1 label : spot-1 0.15
84 5 990 401 289 111 -1 -1 -1 -1 label : spot-1 0.61
84 14 639 307 82 27 -1 -1 -1 -1 label : spot-1 0.57
85 5 993 404 286 110 -1 -1 -1 -1 label : spot-1 0.58
85 14 641 307 82 27 -1 -1 -1 -1 label : spot-1 0.57
86 5 1014 409 265 104 -1 -1 -1 -1 label : spot-1 0.57
86 14 643 307 84 28 -1 -1 -1 -1 label : spot-1 0.53
87 5 1006 414 273 96 -1 -1 -1 -1 label : spot-1 0.60
87 14 644 307 87 29 -1 -1 -1 -1 label : spot-1 0.55
88 5 1056 420 220 95 -1 -1 -1 -1 label : spot-1 0.53
88 14 644 309 92 28 -1 -1 -1 -1 label : spot-1 0.51
89 5 1060 426 219 97 -1 -1 -1 -1 label : spot-1 0.53
89 14 648 313 91 27 -1 -1 -1 -1 label : spot-1 0.43
90 5 1110 437 166 87 -1 -1 -1 -1 label : spot-1 0.52
90 14 652 315 88 32 -1 -1 -1 -1 label : spot-1 0.43
91 5 1116 444 163 85 -1 -1 -1 -1 label : spot-1 0.53
91 14 649 321 98 31 -1 -1 -1 -1 label : spot-1 0.33
92 5 1128 436 151 95 -1 -1 -1 -1 label : spot-1 0.57
92 14 651 328 99 33 -1 -1 -1 -1 label : spot-1 0.26
93 5 1144 430 135 97 -1 -1 -1 -1 label : spot-1 0.57
93 14 652 335 103 32 -1 -1 -1 -1 label : spot-1 0.15
94 5 1161 432 118 97 -1 -1 -1 -1 label : spot-1 0.47
94 14 653 341 107 32 -1 -1 -1 -1 label : spot-1 0.23
95 14 655 345 110 33 -1 -1 -1 -1 label : spot-1 0.54
96 14 657 349 114 33 -1 -1 -1 -1 label : spot-1 0.57
97 14 659 350 118 34 -1 -1 -1 -1 label : spot-1 0.48
98 14 666 349 113 37 -1 -1 -1 -1 label : spot-2 0.56
99 14 665 348 120 40 -1 -1 -1 -1 label : spot-2 0.49
99 22 661 348 125 38 -1 -1 -1 -1 label : spot-1 0.29
100 14 669 348 127 40 -1 -1 -1 -1 label : spot-2 0.51
100 22 665 346 127 40 -1 -1 -1 -1 label : spot-1 0.42
101 14 671 347 131 40 -1 -1 -1 -1 label : spot-2 0.59
101 22 666 344 133 42 -1 -1 -1 -1 label : spot-1 0.21
102 14 671 345 134 43 -1 -1 -1 -1 label : spot-1 0.44
102 22 671 344 134 41 -1 -1 -1 -1 label : spot-2 0.37
103 14 671 343 141 45 -1 -1 -1 -1 label : spot-2 0.51
103 22 673 342 139 45 -1 -1 -1 -1 label : spot-1 0.28
104 14 675 340 143 49 -1 -1 -1 -1 label : spot-2 0.46
104 22 674 341 144 47 -1 -1 -1 -1 label : spot-1 0.34
105 14 674 340 155 49 -1 -1 -1 -1 label : spot-1 0.51
105 22 677 339 151 49 -1 -1 -1 -1 label : spot-2 0.38
106 14 677 339 159 50 -1 -1 -1 -1 label : spot-1 0.53
106 22 678 338 159 51 -1 -1 -1 -1 label : spot-2 0.34
107 14 680 339 165 53 -1 -1 -1 -1 label : spot-2 0.60
107 22 679 338 166 54 -1 -1 -1 -1 label : spot-1 0.29
108 14 688 338 164 55 -1 -1 -1 -1 label : spot-1 0.41
108 22 682 338 174 54 -1 -1 -1 -1 label : spot-2 0.33
109 14 686 337 178 57 -1 -1 -1 -1 label : spot-2 0.54
109 22 686 337 176 56 -1 -1 -1 -1 label : spot-1 0.36
110 14 688 338 184 58 -1 -1 -1 -1 label : spot-2 0.45
110 22 688 338 184 58 -1 -1 -1 -1 label : spot-1 0.39
111 14 691 337 193 60 -1 -1 -1 -1 label : spot-1 0.53
111 22 693 336 189 62 -1 -1 -1 -1 label : spot-2 0.28
112 14 697 337 199 62 -1 -1 -1 -1 label : spot-2 0.68
112 22 689 337 212 60 -1 -1 -1 -1 label : spot-1 0.13
113 14 698 337 209 65 -1 -1 -1 -1 label : spot-2 0.64
114 14 698 336 223 66 -1 -1 -1 -1 label : spot-2 0.68
115 14 703 337 227 69 -1 -1 -1 -1 label : spot-2 0.70
116 14 702 339 242 68 -1 -1 -1 -1 label : spot-2 0.69
117 14 708 341 251 70 -1 -1 -1 -1 label : spot-2 0.70
118 14 712 343 264 71 -1 -1 -1 -1 label : spot-2 0.68
119 14 718 344 271 78 -1 -1 -1 -1 label : spot-2 0.70
120 14 717 345 292 80 -1 -1 -1 -1 label : spot-2 0.67
121 14 722 345 306 86 -1 -1 -1 -1 label : spot-2 0.72
122 14 718 344 336 86 -1 -1 -1 -1 label : spot-2 0.71
123 14 725 344 345 86 -1 -1 -1 -1 label : spot-2 0.67
124 14 732 342 359 90 -1 -1 -1 -1 label : spot-2 0.69
125 14 737 341 381 94 -1 -1 -1 -1 label : spot-2 0.67
126 14 743 339 405 100 -1 -1 -1 -1 label : spot-2 0.68
127 14 744 339 435 105 -1 -1 -1 -1 label : spot-2 0.63
128 14 739 340 470 109 -1 -1 -1 -1 label : spot-2 0.55
128 22 739 340 304 74 -1 -1 -1 -1 label : spot-2 0.11
129 14 748 341 482 111 -1 -1 -1 -1 label : spot-2 0.44
130 14 763 342 491 133 -1 -1 -1 -1 label : spot-2 0.34
130 22 746 345 351 83 -1 -1 -1 -1 label : spot-2 0.15
131 14 752 347 518 129 -1 -1 -1 -1 label : spot-2 0.35
131 22 751 348 290 70 -1 -1 -1 -1 label : spot-2 0.13
132 14 764 350 510 139 -1 -1 -1 -1 label : spot-2 0.42
132 22 755 352 325 79 -1 -1 -1 -1 label : spot-2 0.23
133 14 757 355 522 137 -1 -1 -1 -1 label : spot-2 0.48
133 22 763 355 339 87 -1 -1 -1 -1 label : spot-2 0.20
134 14 763 359 516 134 -1 -1 -1 -1 label : spot-2 0.53
134 22 765 360 358 88 -1 -1 -1 -1 label : spot-2 0.16
135 14 778 363 501 139 -1 -1 -1 -1 label : spot-2 0.48
135 22 773 363 343 83 -1 -1 -1 -1 label : spot-2 0.11
136 14 772 367 507 134 -1 -1 -1 -1 label : spot-2 0.50
137 14 791 368 488 134 -1 -1 -1 -1 label : spot-2 0.52
138 14 795 368 484 131 -1 -1 -1 -1 label : spot-2 0.49
139 14 797 368 482 131 -1 -1 -1 -1 label : spot-2 0.51
140 14 799 368 480 127 -1 -1 -1 -1 label : spot-2 0.48
141 14 817 369 462 125 -1 -1 -1 -1 label : spot-2 0.34
141 22 815 369 290 73 -1 -1 -1 -1 label : spot-1 0.29
142 14 812 370 467 124 -1 -1 -1 -1 label : spot-2 0.38
142 22 815 369 322 83 -1 -1 -1 -1 label : spot-2 0.15
143 14 817 370 462 125 -1 -1 -1 -1 label : spot-2 0.43
144 14 821 370 458 121 -1 -1 -1 -1 label : spot-2 0.39
145 14 843 371 433 124 -1 -1 -1 -1 label : spot-2 0.36
146 14 876 374 397 126 -1 -1 -1 -1 label : spot-2 0.33
147 14 881 376 398 123 -1 -1 -1 -1 label : spot-2 0.29
148 14 880 377 399 122 -1 -1 -1 -1 label : spot-2 0.33
149 14 890 380 389 116 -1 -1 -1 -1 label : spot-2 0.24
150 14 880 383 399 117 -1 -1 -1 -1 label : spot-2 0.16
151 14 877 383 402 110 -1 -1 -1 -1 label : spot-1 0.19
151 22 886 379 263 71 -1 -1 -1 -1 label : spot-1 0.11
152 14 894 385 385 102 -1 -1 -1 -1 label : spot-1 0.12
152 22 923 383 313 97 -1 -1 -1 -1 label : spot-2 0.11
153 14 898 387 341 91 -1 -1 -1 -1 label : spot-1 0.24
153 22 931 387 338 101 -1 -1 -1 -1 label : spot-2 0.12
154 14 905 389 330 87 -1 -1 -1 -1 label : spot-1 0.27
155 22 964 395 315 98 -1 -1 -1 -1 label : spot-1 0.19
156 22 971 399 308 92 -1 -1 -1 -1 label : spot-1 0.27
157 22 1000 401 278 95 -1 -1 -1 -1 label : spot-1 0.41
158 14 991 402 167 71 -1 -1 -1 -1 label : spot-1 0.44
158 22 992 403 287 92 -1 -1 -1 -1 label : spot-1 0.10
159 14 1000 404 152 68 -1 -1 -1 -1 label : spot-1 0.47
160 22 1043 409 235 89 -1 -1 -1 -1 label : spot-1 0.44
161 22 1064 408 215 86 -1 -1 -1 -1 label : spot-1 0.53
162 22 1082 409 197 82 -1 -1 -1 -1 label : spot-1 0.42
163 22 1096 413 183 82 -1 -1 -1 -1 label : spot-1 0.40
164 22 1118 408 158 85 -1 -1 -1 -1 label : spot-1 0.25
165 22 1144 406 133 83 -1 -1 -1 -1 label : spot-1 0.39
166 22 1179 403 96 84 -1 -1 -1 -1 label : spot-1 0.14
228 26 540 301 78 17 -1 -1 -1 -1 label : spot-2 0.17
229 26 542 301 75 17 -1 -1 -1 -1 label : spot-2 0.15
230 26 542 301 77 17 -1 -1 -1 -1 label : spot-2 0.20
231 26 542 301 79 17 -1 -1 -1 -1 label : spot-2 0.19
232 26 543 301 79 17 -1 -1 -1 -1 label : spot-2 0.21
233 26 542 301 81 17 -1 -1 -1 -1 label : spot-2 0.21
234 26 541 302 82 18 -1 -1 -1 -1 label : spot-2 0.28
235 26 541 302 83 18 -1 -1 -1 -1 label : spot-2 0.23
236 26 540 305 84 17 -1 -1 -1 -1 label : spot-2 0.18
237 26 541 305 83 18 -1 -1 -1 -1 label : spot-2 0.18
238 26 541 306 82 18 -1 -1 -1 -1 label : spot-2 0.16
239 26 540 307 85 18 -1 -1 -1 -1 label : spot-2 0.18
240 26 543 308 85 18 -1 -1 -1 -1 label : spot-2 0.17
241 26 542 308 89 19 -1 -1 -1 -1 label : spot-2 0.17
243 26 542 307 87 18 -1 -1 -1 -1 label : spot-2 0.11
245 26 541 305 90 18 -1 -1 -1 -1 label : spot-2 0.10
246 26 542 304 92 18 -1 -1 -1 -1 label : spot-2 0.11
252 26 552 309 93 20 -1 -1 -1 -1 label : spot-2 0.17
253 26 551 311 98 20 -1 -1 -1 -1 label : spot-2 0.15
253 29 152 319 132 44 -1 -1 -1 -1 label : spot-1 0.12
254 26 552 312 99 20 -1 -1 -1 -1 label : spot-2 0.16
255 26 549 311 103 21 -1 -1 -1 -1 label : spot-2 0.24
255 29 134 322 143 49 -1 -1 -1 -1 label : spot-1 0.14
256 26 547 311 92 19 -1 -1 -1 -1 label : spot-2 0.25
256 29 122 323 151 51 -1 -1 -1 -1 label : spot-1 0.13
257 26 548 310 102 21 -1 -1 -1 -1 label : spot-2 0.29
257 29 106 323 164 51 -1 -1 -1 -1 label : spot-1 0.22
258 26 546 310 96 20 -1 -1 -1 -1 label : spot-2 0.19
258 29 93 326 173 55 -1 -1 -1 -1 label : spot-1 0.11
259 26 546 311 97 19 -1 -1 -1 -1 label : spot-2 0.22
260 26 548 312 81 18 -1 -1 -1 -1 label : spot-2 0.37
260 29 70 332 187 61 -1 -1 -1 -1 label : spot-1 0.14
261 26 548 313 74 18 -1 -1 -1 -1 label : spot-2 0.36
261 29 50 335 206 64 -1 -1 -1 -1 label : spot-1 0.14
262 26 548 314 73 18 -1 -1 -1 -1 label : spot-2 0.39
262 29 30 337 217 69 -1 -1 -1 -1 label : spot-1 0.15
263 29 8 340 234 71 -1 -1 -1 -1 label : spot-1 0.36
264 29 5 343 221 82 -1 -1 -1 -1 label : spot-1 0.31
265 29 0 346 224 86 -1 -1 -1 -1 label : spot-1 0.18
266 26 548 315 66 17 -1 -1 -1 -1 label : spot-2 0.18
266 29 0 347 223 89 -1 -1 -1 -1 label : spot-1 0.13
267 26 548 314 64 17 -1 -1 -1 -1 label : spot-2 0.17
267 29 0 347 217 92 -1 -1 -1 -1 label : spot-1 0.11
268 26 548 314 62 17 -1 -1 -1 -1 label : spot-2 0.14
269 26 604 322 66 16 -1 -1 -1 -1 label : invalidSpot-entrance 0.12
270 26 626 323 57 16 -1 -1 -1 -1 label : invalidSpot-entrance 0.11
271 26 632 323 60 16 -1 -1 -1 -1 label : invalidSpot-entrance 0.15
272 26 580 312 66 15 -1 -1 -1 -1 label : spot-2 0.11
273 26 618 318 61 17 -1 -1 -1 -1 label : invalidSpot-entrance 0.12
274 26 627 322 68 17 -1 -1 -1 -1 label : invalidSpot-entrance 0.11
275 26 579 315 70 16 -1 -1 -1 -1 label : spot-2 0.15
276 26 604 322 83 19 -1 -1 -1 -1 label : invalidSpot-entrance 0.13
277 26 607 323 85 19 -1 -1 -1 -1 label : invalidSpot-entrance 0.17
279 26 568 319 68 16 -1 -1 -1 -1 label : spot-1 0.18
280 26 567 319 68 16 -1 -1 -1 -1 label : spot-1 0.13
281 26 559 318 64 15 -1 -1 -1 -1 label : spot-1 0.13
281 37 622 309 7 23 -1 -1 -1 -1 label : fireHydrant 0.12
282 26 557 318 64 15 -1 -1 -1 -1 label : spot-1 0.17
283 26 561 317 68 16 -1 -1 -1 -1 label : spot-1 0.17
283 37 626 308 8 22 -1 -1 -1 -1 label : fireHydrant 0.12
284 26 559 315 65 16 -1 -1 -1 -1 label : spot-1 0.21
284 37 627 305 7 22 -1 -1 -1 -1 label : fireHydrant 0.11
285 26 561 313 69 18 -1 -1 -1 -1 label : spot-2 0.14
285 37 628 303 7 23 -1 -1 -1 -1 label : fireHydrant 0.13
286 26 562 313 74 18 -1 -1 -1 -1 label : spot-2 0.12
286 40 563 312 57 16 -1 -1 -1 -1 label : spot-1 0.12
287 26 561 312 75 19 -1 -1 -1 -1 label : spot-2 0.12
288 40 563 311 54 15 -1 -1 -1 -1 label : spot-1 0.13
289 40 564 311 54 16 -1 -1 -1 -1 label : spot-1 0.14
290 26 664 334 77 20 -1 -1 -1 -1 label : invalidSpot-entrance 0.18
290 40 566 312 53 16 -1 -1 -1 -1 label : spot-1 0.17
291 26 605 321 72 19 -1 -1 -1 -1 label : spot-2 0.20
291 40 566 314 55 16 -1 -1 -1 -1 label : spot-1 0.19
292 26 581 318 74 19 -1 -1 -1 -1 label : spot-2 0.20
292 40 568 315 51 16 -1 -1 -1 -1 label : spot-1 0.18
293 26 574 318 77 19 -1 -1 -1 -1 label : spot-2 0.21
293 40 564 316 69 17 -1 -1 -1 -1 label : spot-1 0.18
293 41 661 340 103 19 -1 -1 -1 -1 label : invalidSpot-entrance 0.14
294 26 623 333 112 20 -1 -1 -1 -1 label : invalidSpot-entrance 0.16
294 40 567 317 66 16 -1 -1 -1 -1 label : spot-1 0.15
295 26 600 323 75 21 -1 -1 -1 -1 label : spot-2 0.16
295 40 569 317 69 17 -1 -1 -1 -1 label : spot-1 0.15
295 41 653 340 123 22 -1 -1 -1 -1 label : invalidSpot-entrance 0.15
296 26 582 320 76 19 -1 -1 -1 -1 label : spot-2 0.17
296 40 571 317 69 18 -1 -1 -1 -1 label : spot-1 0.16
296 41 651 341 128 22 -1 -1 -1 -1 label : invalidSpot-entrance 0.15
297 26 576 318 75 19 -1 -1 -1 -1 label : spot-2 0.18
297 37 348 292 8 23 -1 -1 -1 -1 label : fireHydrant 0.17
297 40 570 317 72 17 -1 -1 -1 -1 label : spot-1 0.16
298 26 573 318 76 18 -1 -1 -1 -1 label : spot-2 0.16
298 37 330 291 8 24 -1 -1 -1 -1 label : fireHydrant 0.13
299 26 572 317 79 19 -1 -1 -1 -1 label : spot-2 0.12
299 37 342 291 8 25 -1 -1 -1 -1 label : fireHydrant 0.11
299 40 574 318 65 16 -1 -1 -1 -1 label : spot-1 0.11
300 26 572 317 80 20 -1 -1 -1 -1 label : spot-2 0.11
301 26 572 317 79 20 -1 -1 -1 -1 label : spot-2 0.13
302 26 572 318 82 19 -1 -1 -1 -1 label : spot-2 0.16
302 40 575 318 66 17 -1 -1 -1 -1 label : spot-1 0.13
303 26 573 318 83 20 -1 -1 -1 -1 label : spot-2 0.20
304 26 573 318 82 20 -1 -1 -1 -1 label : spot-2 0.22
304 40 574 318 72 19 -1 -1 -1 -1 label : spot-1 0.14
305 26 574 318 80 20 -1 -1 -1 -1 label : spot-2 0.17
305 40 575 318 73 19 -1 -1 -1 -1 label : spot-1 0.13
306 26 576 318 73 20 -1 -1 -1 -1 label : spot-2 0.18
306 40 575 318 73 19 -1 -1 -1 -1 label : spot-1 0.13
307 26 578 319 69 18 -1 -1 -1 -1 label : spot-1 0.13
307 40 577 318 70 20 -1 -1 -1 -1 label : spot-2 0.12
308 26 577 318 78 21 -1 -1 -1 -1 label : spot-2 0.23
308 37 336 294 10 24 -1 -1 -1 -1 label : fireHydrant 0.17
308 40 577 318 74 20 -1 -1 -1 -1 label : spot-1 0.11
309 26 577 318 70 19 -1 -1 -1 -1 label : spot-1 0.15
309 37 335 295 10 24 -1 -1 -1 -1 label : fireHydrant 0.14
309 40 577 318 75 20 -1 -1 -1 -1 label : spot-2 0.14
310 26 578 318 70 20 -1 -1 -1 -1 label : spot-1 0.17
310 37 335 296 9 23 -1 -1 -1 -1 label : fireHydrant 0.15
310 40 578 318 74 21 -1 -1 -1 -1 label : spot-2 0.14
311 26 578 318 67 18 -1 -1 -1 -1 label : spot-1 0.34
311 37 334 295 10 24 -1 -1 -1 -1 label : fireHydrant 0.17
311 40 579 318 71 21 -1 -1 -1 -1 label : spot-2 0.16
312 26 580 318 68 19 -1 -1 -1 -1 label : spot-1 0.41
312 37 334 294 10 26 -1 -1 -1 -1 label : fireHydrant 0.23
312 40 579 318 75 21 -1 -1 -1 -1 label : spot-2 0.16
313 26 582 318 68 21 -1 -1 -1 -1 label : spot-1 0.52
313 37 332 294 11 26 -1 -1 -1 -1 label : fireHydrant 0.28
313 40 581 318 73 21 -1 -1 -1 -1 label : spot-2 0.22
313 43 866 328 17 40 -1 -1 -1 -1 label : fireHydrant 0.20
314 26 582 318 71 21 -1 -1 -1 -1 label : spot-1 0.30
314 37 331 294 11 26 -1 -1 -1 -1 label : fireHydrant 0.19
314 40 585 318 71 24 -1 -1 -1 -1 label : spot-2 0.18
314 43 873 328 15 41 -1 -1 -1 -1 label : fireHydrant 0.13
315 26 583 317 69 21 -1 -1 -1 -1 label : spot-1 0.33
315 37 332 294 10 26 -1 -1 -1 -1 label : fireHydrant 0.17
315 40 586 318 71 24 -1 -1 -1 -1 label : spot-2 0.13
316 26 583 317 68 21 -1 -1 -1 -1 label : spot-1 0.31
316 37 330 294 10 26 -1 -1 -1 -1 label : fireHydrant 0.16
317 26 585 317 66 21 -1 -1 -1 -1 label : spot-1 0.41
317 43 891 326 17 44 -1 -1 -1 -1 label : fireHydrant 0.15
318 26 585 317 67 21 -1 -1 -1 -1 label : spot-1 0.38
319 26 585 318 69 21 -1 -1 -1 -1 label : spot-1 0.36
319 43 906 332 19 42 -1 -1 -1 -1 label : fireHydrant 0.18
319 46 875 366 72 39 -1 -1 -1 -1 label : spot-1 0.16
320 26 587 318 65 21 -1 -1 -1 -1 label : spot-1 0.40
320 43 912 333 18 44 -1 -1 -1 -1 label : fireHydrant 0.35
320 46 877 370 82 37 -1 -1 -1 -1 label : invalidSpot-fireHydrant 0.25
321 26 586 318 69 22 -1 -1 -1 -1 label : spot-1 0.36
321 43 917 334 20 44 -1 -1 -1 -1 label : fireHydrant 0.30
321 46 882 373 85 37 -1 -1 -1 -1 label : invalidSpot-fireHydrant 0.16
322 26 588 318 72 23 -1 -1 -1 -1 label : spot-1 0.47
322 40 587 319 80 26 -1 -1 -1 -1 label : spot-2 0.29
322 43 923 334 20 45 -1 -1 -1 -1 label : fireHydrant 0.17
322 46 893 374 84 37 -1 -1 -1 -1 label : invalidSpot-fireHydrant 0.13
323 26 587 318 78 24 -1 -1 -1 -1 label : spot-1 0.66
323 40 588 318 80 27 -1 -1 -1 -1 label : spot-2 0.27
323 43 929 334 20 46 -1 -1 -1 -1 label : fireHydrant 0.23
323 46 896 376 92 36 -1 -1 -1 -1 label : invalidSpot-fireHydrant 0.16
324 26 590 319 75 24 -1 -1 -1 -1 label : spot-1 0.33
324 40 588 318 81 27 -1 -1 -1 -1 label : spot-2 0.31
324 43 937 334 19 47 -1 -1 -1 -1 label : fireHydrant 0.14
325 26 590 319 77 24 -1 -1 -1 -1 label : spot-1 0.66
325 43 944 336 20 46 -1 -1 -1 -1 label : fireHydrant 0.31
325 46 906 379 107 38 -1 -1 -1 -1 label : invalidSpot-fireHydrant 0.25
326 26 593 320 78 26 -1 -1 -1 -1 label : spot-1 0.32
326 40 594 320 82 29 -1 -1 -1 -1 label : spot-2 0.30
326 43 951 337 19 48 -1 -1 -1 -1 label : fireHydrant 0.18
326 46 915 381 108 40 -1 -1 -1 -1 label : invalidSpot-fireHydrant 0.10
327 26 594 320 80 28 -1 -1 -1 -1 label : spot-1 0.36
327 40 595 320 82 30 -1 -1 -1 -1 label : spot-2 0.24
327 43 959 340 22 47 -1 -1 -1 -1 label : fireHydrant 0.11
328 26 594 321 82 28 -1 -1 -1 -1 label : spot-1 0.35
328 43 966 343 20 46 -1 -1 -1 -1 label : fireHydrant 0.22
329 26 594 321 84 29 -1 -1 -1 -1 label : spot-1 0.37
329 43 972 343 23 49 -1 -1 -1 -1 label : fireHydrant 0.29
330 26 595 322 83 29 -1 -1 -1 -1 label : spot-1 0.35
330 40 597 321 82 31 -1 -1 -1 -1 label : spot-2 0.20
330 43 979 344 23 49 -1 -1 -1 -1 label : fireHydrant 0.14
331 26 595 322 84 29 -1 -1 -1 -1 label : spot-1 0.65
331 40 598 322 82 31 -1 -1 -1 -1 label : spot-2 0.37
331 43 988 342 26 53 -1 -1 -1 -1 label : fireHydrant 0.23
332 26 595 322 86 28 -1 -1 -1 -1 label : spot-1 0.69
332 40 599 322 82 31 -1 -1 -1 -1 label : spot-2 0.44
333 26 598 322 82 28 -1 -1 -1 -1 label : spot-1 0.61
333 43 1007 341 26 57 -1 -1 -1 -1 label : fireHydrant 0.48
334 26 597 322 83 27 -1 -1 -1 -1 label : spot-1 0.58
334 43 1016 342 27 58 -1 -1 -1 -1 label : fireHydrant 0.42
334 46 970 392 175 51 -1 -1 -1 -1 label : invalidSpot-fireHydrant 0.13
335 26 598 322 83 27 -1 -1 -1 -1 label : spot-1 0.66
335 43 1027 342 25 60 -1 -1 -1 -1 label : fireHydrant 0.41
335 46 976 396 189 50 -1 -1 -1 -1 label : invalidSpot-fireHydrant 0.17
336 26 602 322 82 29 -1 -1 -1 -1 label : spot-1 0.58
336 43 1036 344 26 59 -1 -1 -1 -1 label : fireHydrant 0.39
336 46 983 399 195 51 -1 -1 -1 -1 label : invalidSpot-fireHydrant 0.22
337 26 603 322 84 31 -1 -1 -1 -1 label : spot-1 0.44
337 43 1045 346 26 61 -1 -1 -1 -1 label : fireHydrant 0.43
337 46 989 401 203 51 -1 -1 -1 -1 label : invalidSpot-fireHydrant 0.22
338 26 602 322 87 32 -1 -1 -1 -1 label : spot-1 0.39
338 37 719 331 11 31 -1 -1 -1 -1 label : fireHydrant 0.26
338 43 1054 351 26 58 -1 -1 -1 -1 label : fireHydrant 0.23
338 47 1098 399 130 45 -1 -1 -1 -1 label : spot-1 0.13
339 26 603 322 88 31 -1 -1 -1 -1 label : spot-1 0.42
339 37 730 332 10 32 -1 -1 -1 -1 label : fireHydrant 0.37
339 43 1063 354 31 57 -1 -1 -1 -1 label : fireHydrant 0.15
339 47 1109 404 144 45 -1 -1 -1 -1 label : spot-1 0.11
340 26 603 323 89 31 -1 -1 -1 -1 label : spot-2 0.37
340 37 734 333 11 32 -1 -1 -1 -1 label : fireHydrant 0.25
340 40 603 323 87 31 -1 -1 -1 -1 label : spot-1 0.24
340 43 1076 355 28 58 -1 -1 -1 -1 label : fireHydrant 0.12
341 26 604 323 90 31 -1 -1 -1 -1 label : spot-2 0.59
341 37 736 333 11 33 -1 -1 -1 -1 label : fireHydrant 0.41
341 40 603 325 87 29 -1 -1 -1 -1 label : spot-1 0.14
342 26 604 327 94 30 -1 -1 -1 -1 label : spot-1 0.36
342 37 738 335 12 32 -1 -1 -1 -1 label : fireHydrant 0.31
342 40 603 326 91 30 -1 -1 -1 -1 label : spot-2 0.28
342 43 1098 355 28 65 -1 -1 -1 -1 label : fireHydrant 0.13
342 47 1129 410 150 57 -1 -1 -1 -1 label : spot-1 0.11
343 26 605 329 95 31 -1 -1 -1 -1 label : spot-1 0.49
343 37 741 335 12 34 -1 -1 -1 -1 label : fireHydrant 0.26
343 40 604 328 95 32 -1 -1 -1 -1 label : spot-2 0.21
343 43 1108 357 31 67 -1 -1 -1 -1 label : fireHydrant 0.18
343 47 1138 413 141 52 -1 -1 -1 -1 label : spot-1 0.11
344 26 606 330 96 31 -1 -1 -1 -1 label : spot-1 0.27
344 37 743 336 11 34 -1 -1 -1 -1 label : fireHydrant 0.21
345 26 607 330 97 33 -1 -1 -1 -1 label : spot-1 0.26
345 37 745 336 12 36 -1 -1 -1 -1 label : fireHydrant 0.22
345 40 607 330 96 34 -1 -1 -1 -1 label : spot-2 0.19
345 43 1132 362 30 65 -1 -1 -1 -1 label : fireHydrant 0.15
346 26 603 331 100 30 -1 -1 -1 -1 label : spot-1 0.27
346 37 747 337 12 37 -1 -1 -1 -1 label : fireHydrant 0.18
346 40 607 331 100 35 -1 -1 -1 -1 label : spot-2 0.17
346 43 1142 363 30 66 -1 -1 -1 -1 label : fireHydrant 0.13
347 26 607 331 96 32 -1 -1 -1 -1 label : spot-1 0.32
347 37 748 338 11 37 -1 -1 -1 -1 label : fireHydrant 0.13
348 26 607 330 99 33 -1 -1 -1 -1 label : spot-1 0.30
348 37 749 338 12 36 -1 -1 -1 -1 label : fireHydrant 0.24
349 26 608 329 98 33 -1 -1 -1 -1 label : spot-1 0.33
349 37 759 339 12 36 -1 -1 -1 -1 label : fireHydrant 0.30
349 40 609 330 103 35 -1 -1 -1 -1 label : spot-2 0.14
350 26 610 329 98 34 -1 -1 -1 -1 label : spot-1 0.61
350 40 612 329 100 36 -1 -1 -1 -1 label : spot-2 0.26
350 43 1196 371 31 73 -1 -1 -1 -1 label : fireHydrant 0.19
351 26 608 328 94 29 -1 -1 -1 -1 label : spot-1 0.75
351 40 611 329 103 34 -1 -1 -1 -1 label : spot-2 0.31
351 43 1209 373 31 71 -1 -1 -1 -1 label : fireHydrant 0.13
352 26 609 328 94 29 -1 -1 -1 -1 label : spot-1 0.63
352 40 612 328 99 33 -1 -1 -1 -1 label : spot-1 0.41
352 43 1225 373 30 71 -1 -1 -1 -1 label : fireHydrant 0.12
353 26 611 328 86 24 -1 -1 -1 -1 label : spot-1 0.59
353 40 613 328 99 33 -1 -1 -1 -1 label : spot-1 0.28
354 26 613 327 89 28 -1 -1 -1 -1 label : spot-1 0.32
354 40 613 326 103 35 -1 -1 -1 -1 label : spot-2 0.11
354 43 1254 375 25 72 -1 -1 -1 -1 label : fireHydrant 0.11
355 26 612 327 94 28 -1 -1 -1 -1 label : spot-1 0.40
355 37 682 307 9 29 -1 -1 -1 -1 label : fireHydrant 0.11
356 26 613 327 98 30 -1 -1 -1 -1 label : spot-1 0.27
356 37 682 305 9 29 -1 -1 -1 -1 label : fireHydrant 0.16
357 26 611 327 100 27 -1 -1 -1 -1 label : spot-1 0.31
357 37 676 303 8 31 -1 -1 -1 -1 label : fireHydrant 0.15
357 40 613 326 109 36 -1 -1 -1 -1 label : spot-2 0.11
358 26 615 328 98 31 -1 -1 -1 -1 label : spot-1 0.28
358 37 675 301 7 31 -1 -1 -1 -1 label : fireHydrant 0.14
359 26 612 328 102 28 -1 -1 -1 -1 label : spot-1 0.31
359 37 673 303 8 30 -1 -1 -1 -1 label : fireHydrant 0.16
359 40 614 327 108 36 -1 -1 -1 -1 label : spot-2 0.12
360 26 615 328 103 32 -1 -1 -1 -1 label : spot-1 0.35
360 37 672 302 8 29 -1 -1 -1 -1 label : fireHydrant 0.12
361 26 619 329 105 33 -1 -1 -1 -1 label : spot-1 0.37
361 55 291 303 14 34 -1 -1 -1 -1 label : fireHydrant 0.13
