775 3 797 415 131 62 -1 -1 -1 -1 label : spot-1 0.58
776 3 797 416 134 63 -1 -1 -1 -1 label : spot-1 0.58
777 3 804 416 133 67 -1 -1 -1 -1 label : spot-1 0.54
778 3 805 417 135 67 -1 -1 -1 -1 label : spot-1 0.55
779 3 809 416 142 67 -1 -1 -1 -1 label : spot-1 0.53
780 3 811 416 142 66 -1 -1 -1 -1 label : spot-1 0.54
781 3 817 415 139 69 -1 -1 -1 -1 label : spot-1 0.52
782 3 818 415 141 70 -1 -1 -1 -1 label : spot-1 0.52
783 3 823 416 146 71 -1 -1 -1 -1 label : spot-1 0.63
784 3 826 416 146 72 -1 -1 -1 -1 label : spot-1 0.63
785 3 833 416 146 74 -1 -1 -1 -1 label : spot-1 0.67
786 3 834 416 149 75 -1 -1 -1 -1 label : spot-1 0.67
787 3 841 417 152 75 -1 -1 -1 -1 label : spot-1 0.61
788 3 844 417 152 75 -1 -1 -1 -1 label : spot-1 0.60
789 3 851 416 157 79 -1 -1 -1 -1 label : spot-1 0.56
790 3 854 416 158 80 -1 -1 -1 -1 label : spot-1 0.57
791 3 858 419 169 82 -1 -1 -1 -1 label : spot-1 0.66
792 3 860 420 172 83 -1 -1 -1 -1 label : spot-1 0.67
793 3 867 422 173 86 -1 -1 -1 -1 label : spot-1 0.67
794 3 868 422 177 89 -1 -1 -1 -1 label : spot-1 0.67
795 3 875 424 176 93 -1 -1 -1 -1 label : spot-1 0.65
796 3 876 425 179 95 -1 -1 -1 -1 label : spot-1 0.66
797 3 878 427 191 93 -1 -1 -1 -1 label : spot-1 0.63
798 3 882 428 188 92 -1 -1 -1 -1 label : spot-1 0.63
799 3 890 428 197 97 -1 -1 -1 -1 label : spot-1 0.69
800 3 894 429 199 97 -1 -1 -1 -1 label : spot-1 0.69
801 3 900 430 207 99 -1 -1 -1 -1 label : spot-1 0.69
802 3 903 431 208 99 -1 -1 -1 -1 label : spot-1 0.69
803 3 907 432 223 98 -1 -1 -1 -1 label : spot-1 0.60
804 3 912 432 221 98 -1 -1 -1 -1 label : spot-1 0.60
805 3 920 433 224 101 -1 -1 -1 -1 label : spot-1 0.64
806 3 922 434 227 102 -1 -1 -1 -1 label : spot-1 0.64
807 3 931 435 234 106 -1 -1 -1 -1 label : spot-1 0.55
808 3 934 435 238 108 -1 -1 -1 -1 label : spot-1 0.55
811 3 946 438 270 115 -1 -1 -1 -1 label : spot-1 0.59
812 3 954 439 276 117 -1 -1 -1 -1 label : spot-1 0.58
813 3 960 439 291 118 -1 -1 -1 -1 label : spot-1 0.60
814 3 965 440 290 117 -1 -1 -1 -1 label : spot-1 0.60
999 6 1 377 19 33 -1 -1 -1 -1 label : fireHydrant 0.56
1000 6 0 377 19 33 -1 -1 -1 -1 label : fireHydrant 0.56
1001 6 1 377 18 33 -1 -1 -1 -1 label : fireHydrant 0.53
1002 6 1 377 18 33 -1 -1 -1 -1 label : fireHydrant 0.54
1563 7 827 374 18 46 -1 -1 -1 -1 label : fireHydrant 0.61
1564 7 828 373 18 46 -1 -1 -1 -1 label : fireHydrant 0.62
1585 7 832 374 19 46 -1 -1 -1 -1 label : fireHydrant 0.52
1586 7 834 374 19 46 -1 -1 -1 -1 label : fireHydrant 0.52
