3 1 609 340 362 96 -1 -1 -1 -1 label : spot-2 0.39
4 1 602 340 418 104 -1 -1 -1 -1 label : spot-2 0.40
5 1 609 344 473 115 -1 -1 -1 -1 label : spot-2 0.31
25 1 644 359 616 172 -1 -1 -1 -1 label : spot-2 0.43
26 1 653 359 626 189 -1 -1 -1 -1 label : spot-2 0.40
27 1 639 360 640 187 -1 -1 -1 -1 label : spot-2 0.48
28 1 653 360 626 190 -1 -1 -1 -1 label : spot-2 0.44
29 1 646 360 633 187 -1 -1 -1 -1 label : spot-2 0.57
30 1 657 361 622 183 -1 -1 -1 -1 label : spot-2 0.48
30 4 601 331 74 17 -1 -1 -1 -1 label : spot-1 0.42
31 1 648 360 631 181 -1 -1 -1 -1 label : spot-2 0.48
31 4 602 331 75 17 -1 -1 -1 -1 label : spot-1 0.39
32 1 647 360 632 182 -1 -1 -1 -1 label : spot-2 0.42
32 4 604 330 74 18 -1 -1 -1 -1 label : spot-1 0.34
33 1 643 360 636 179 -1 -1 -1 -1 label : spot-2 0.44
33 4 605 329 73 18 -1 -1 -1 -1 label : spot-1 0.41
34 1 662 360 617 184 -1 -1 -1 -1 label : spot-2 0.44
34 4 604 329 75 18 -1 -1 -1 -1 label : spot-1 0.39
35 1 648 361 631 183 -1 -1 -1 -1 label : spot-2 0.45
35 4 605 329 75 17 -1 -1 -1 -1 label : spot-1 0.38
36 1 661 361 618 184 -1 -1 -1 -1 label : spot-2 0.41
37 1 663 361 616 182 -1 -1 -1 -1 label : spot-2 0.43
38 1 663 361 616 180 -1 -1 -1 -1 label : spot-2 0.46
39 1 667 362 612 179 -1 -1 -1 -1 label : spot-2 0.54
40 1 671 363 608 178 -1 -1 -1 -1 label : spot-2 0.45
41 1 676 363 603 179 -1 -1 -1 -1 label : spot-2 0.43
41 4 606 329 84 18 -1 -1 -1 -1 label : spot-1 0.36
42 1 675 362 604 181 -1 -1 -1 -1 label : spot-2 0.37
42 4 607 329 83 19 -1 -1 -1 -1 label : spot-1 0.32
43 1 679 362 600 181 -1 -1 -1 -1 label : spot-2 0.40
43 4 608 329 86 19 -1 -1 -1 -1 label : spot-1 0.33
44 1 678 362 601 181 -1 -1 -1 -1 label : spot-2 0.40
45 1 683 362 596 183 -1 -1 -1 -1 label : spot-2 0.35
45 4 610 329 86 19 -1 -1 -1 -1 label : spot-1 0.30
46 1 683 362 596 182 -1 -1 -1 -1 label : spot-2 0.42
46 4 611 328 87 20 -1 -1 -1 -1 label : spot-1 0.36
47 1 686 362 593 183 -1 -1 -1 -1 label : spot-2 0.38
47 4 610 328 86 20 -1 -1 -1 -1 label : spot-1 0.36
48 1 680 362 599 180 -1 -1 -1 -1 label : spot-2 0.39
48 4 608 329 88 19 -1 -1 -1 -1 label : spot-1 0.34
49 1 681 364 598 175 -1 -1 -1 -1 label : spot-2 0.42
49 4 610 329 88 20 -1 -1 -1 -1 label : spot-1 0.37
50 1 683 364 596 177 -1 -1 -1 -1 label : spot-2 0.47
50 4 610 330 89 21 -1 -1 -1 -1 label : spot-1 0.36
51 1 685 365 591 184 -1 -1 -1 -1 label : spot-2 0.35
52 1 673 367 606 182 -1 -1 -1 -1 label : spot-2 0.37
52 4 608 334 93 22 -1 -1 -1 -1 label : spot-1 0.31
53 1 674 370 605 181 -1 -1 -1 -1 label : spot-2 0.35
53 4 608 336 95 21 -1 -1 -1 -1 label : spot-1 0.32
54 1 674 370 605 184 -1 -1 -1 -1 label : spot-2 0.35
55 1 677 371 602 179 -1 -1 -1 -1 label : spot-2 0.33
55 4 609 338 95 21 -1 -1 -1 -1 label : spot-2 0.32
56 1 678 372 601 179 -1 -1 -1 -1 label : spot-2 0.31
60 4 607 340 104 21 -1 -1 -1 -1 label : spot-2 0.32
65 4 611 339 108 23 -1 -1 -1 -1 label : spot-1 0.34
66 4 614 338 111 25 -1 -1 -1 -1 label : spot-1 0.31
67 4 612 338 119 25 -1 -1 -1 -1 label : spot-1 0.40
68 4 612 338 122 26 -1 -1 -1 -1 label : spot-1 0.34
69 1 720 378 559 169 -1 -1 -1 -1 label : spot-2 0.32
70 1 720 380 559 165 -1 -1 -1 -1 label : spot-2 0.38
70 4 613 337 125 28 -1 -1 -1 -1 label : spot-2 0.36
71 1 728 383 551 164 -1 -1 -1 -1 label : spot-2 0.36
71 4 612 337 129 27 -1 -1 -1 -1 label : spot-2 0.34
72 1 733 384 546 161 -1 -1 -1 -1 label : spot-2 0.40
72 4 619 337 121 28 -1 -1 -1 -1 label : spot-1 0.31
73 1 738 385 540 162 -1 -1 -1 -1 label : spot-2 0.37
73 4 616 337 130 29 -1 -1 -1 -1 label : spot-2 0.31
74 1 735 387 544 156 -1 -1 -1 -1 label : spot-2 0.43
74 4 617 337 132 30 -1 -1 -1 -1 label : spot-2 0.36
75 1 734 389 545 152 -1 -1 -1 -1 label : spot-2 0.53
75 4 618 337 132 31 -1 -1 -1 -1 label : spot-2 0.32
76 1 737 392 540 153 -1 -1 -1 -1 label : spot-2 0.43
76 4 620 339 135 32 -1 -1 -1 -1 label : spot-2 0.37
77 1 741 392 530 163 -1 -1 -1 -1 label : spot-2 0.50
77 4 621 339 136 33 -1 -1 -1 -1 label : spot-2 0.32
78 1 723 393 556 165 -1 -1 -1 -1 label : spot-2 0.51
78 4 622 339 138 34 -1 -1 -1 -1 label : spot-2 0.32
79 1 723 394 556 166 -1 -1 -1 -1 label : spot-2 0.55
80 4 622 340 142 36 -1 -1 -1 -1 label : spot-2 0.53
81 4 625 341 141 37 -1 -1 -1 -1 label : spot-2 0.55
82 4 625 341 146 38 -1 -1 -1 -1 label : spot-2 0.51
83 4 625 341 155 40 -1 -1 -1 -1 label : spot-2 0.45
84 4 628 340 157 41 -1 -1 -1 -1 label : spot-2 0.37
85 4 628 338 162 41 -1 -1 -1 -1 label : spot-2 0.45
86 4 627 336 167 42 -1 -1 -1 -1 label : spot-2 0.47
87 1 796 400 483 153 -1 -1 -1 -1 label : spot-2 0.59
87 4 628 334 169 44 -1 -1 -1 -1 label : spot-2 0.35
88 1 807 401 472 151 -1 -1 -1 -1 label : spot-2 0.57
88 4 626 334 178 43 -1 -1 -1 -1 label : spot-2 0.31
89 1 812 401 467 151 -1 -1 -1 -1 label : spot-2 0.50
90 1 829 402 450 143 -1 -1 -1 -1 label : spot-2 0.49
90 4 631 335 183 45 -1 -1 -1 -1 label : spot-2 0.31
91 1 836 403 443 142 -1 -1 -1 -1 label : spot-2 0.59
92 4 632 335 192 49 -1 -1 -1 -1 label : spot-2 0.54
93 4 632 336 198 50 -1 -1 -1 -1 label : spot-2 0.55
94 4 633 338 204 51 -1 -1 -1 -1 label : spot-2 0.52
95 4 634 340 210 51 -1 -1 -1 -1 label : spot-2 0.47
96 4 636 342 214 50 -1 -1 -1 -1 label : spot-2 0.56
97 4 640 342 213 54 -1 -1 -1 -1 label : spot-2 0.65
98 4 641 343 219 56 -1 -1 -1 -1 label : spot-2 0.64
99 4 643 344 226 57 -1 -1 -1 -1 label : spot-2 0.60
100 4 642 345 233 59 -1 -1 -1 -1 label : spot-2 0.62
101 4 642 346 241 62 -1 -1 -1 -1 label : spot-2 0.62
102 4 641 347 250 63 -1 -1 -1 -1 label : spot-2 0.64
103 4 644 346 255 66 -1 -1 -1 -1 label : spot-2 0.69
104 4 644 347 264 69 -1 -1 -1 -1 label : spot-2 0.73
105 4 647 347 272 72 -1 -1 -1 -1 label : spot-2 0.63
105 12 916 402 150 72 -1 -1 -1 -1 label : invalidSpot-entrance 0.38
106 4 647 347 285 74 -1 -1 -1 -1 label : spot-2 0.67
106 12 931 402 154 80 -1 -1 -1 -1 label : invalidSpot-entrance 0.44
107 4 648 346 294 79 -1 -1 -1 -1 label : spot-2 0.69
107 12 943 404 164 84 -1 -1 -1 -1 label : invalidSpot-entrance 0.38
107 13 1 387 99 50 -1 -1 -1 -1 label : invalidSpot-entrance 0.37
108 4 648 346 304 80 -1 -1 -1 -1 label : spot-2 0.65
108 12 926 413 215 77 -1 -1 -1 -1 label : invalidSpot-entrance 0.33
109 4 647 346 314 82 -1 -1 -1 -1 label : spot-2 0.76
109 12 961 415 189 83 -1 -1 -1 -1 label : invalidSpot-entrance 0.33
110 4 651 346 318 85 -1 -1 -1 -1 label : spot-2 0.71
110 12 974 416 205 91 -1 -1 -1 -1 label : invalidSpot-entrance 0.48
111 4 645 346 342 89 -1 -1 -1 -1 label : spot-2 0.71
111 12 995 419 208 97 -1 -1 -1 -1 label : invalidSpot-entrance 0.52
112 4 644 346 358 93 -1 -1 -1 -1 label : spot-2 0.68
112 12 1007 423 226 103 -1 -1 -1 -1 label : invalidSpot-entrance 0.50
113 4 646 346 372 97 -1 -1 -1 -1 label : spot-2 0.68
113 12 1016 430 248 101 -1 -1 -1 -1 label : invalidSpot-entrance 0.49
114 4 649 347 384 102 -1 -1 -1 -1 label : spot-2 0.71
114 12 1043 438 231 113 -1 -1 -1 -1 label : invalidSpot-entrance 0.44
115 4 649 348 402 105 -1 -1 -1 -1 label : spot-2 0.70
115 12 1061 444 218 118 -1 -1 -1 -1 label : invalidSpot-entrance 0.41
116 4 650 348 418 109 -1 -1 -1 -1 label : spot-2 0.64
116 12 1082 444 197 122 -1 -1 -1 -1 label : invalidSpot-entrance 0.39
117 4 654 348 430 115 -1 -1 -1 -1 label : spot-2 0.68
117 12 1100 448 179 121 -1 -1 -1 -1 label : invalidSpot-entrance 0.41
118 4 652 349 455 119 -1 -1 -1 -1 label : spot-2 0.62
118 12 1103 459 176 107 -1 -1 -1 -1 label : invalidSpot-entrance 0.38
119 4 654 351 478 125 -1 -1 -1 -1 label : spot-2 0.53
119 12 1136 465 143 99 -1 -1 -1 -1 label : invalidSpot-entrance 0.33
120 4 655 350 499 133 -1 -1 -1 -1 label : spot-2 0.63
121 4 653 348 527 141 -1 -1 -1 -1 label : spot-2 0.59
122 4 656 347 554 149 -1 -1 -1 -1 label : spot-2 0.48
123 4 652 350 591 154 -1 -1 -1 -1 label : spot-2 0.54
124 4 668 353 594 173 -1 -1 -1 -1 label : spot-2 0.48
125 4 666 355 613 181 -1 -1 -1 -1 label : spot-2 0.55
126 4 661 355 618 184 -1 -1 -1 -1 label : spot-2 0.59
127 4 663 355 616 187 -1 -1 -1 -1 label : spot-2 0.61
128 4 663 355 616 189 -1 -1 -1 -1 label : spot-2 0.63
129 4 656 357 623 183 -1 -1 -1 -1 label : spot-2 0.60
130 4 671 357 608 190 -1 -1 -1 -1 label : spot-2 0.56
131 4 669 358 610 194 -1 -1 -1 -1 label : spot-2 0.57
132 4 669 359 610 196 -1 -1 -1 -1 label : spot-2 0.56
133 4 665 360 614 192 -1 -1 -1 -1 label : spot-2 0.58
134 4 665 362 614 185 -1 -1 -1 -1 label : spot-2 0.46
135 4 671 364 608 180 -1 -1 -1 -1 label : spot-2 0.44
136 4 673 365 606 177 -1 -1 -1 -1 label : spot-2 0.39
137 4 675 366 604 175 -1 -1 -1 -1 label : spot-2 0.44
138 4 681 365 596 180 -1 -1 -1 -1 label : spot-2 0.49
139 4 676 365 603 179 -1 -1 -1 -1 label : spot-2 0.51
140 4 678 365 601 177 -1 -1 -1 -1 label : spot-2 0.54
141 4 684 365 595 174 -1 -1 -1 -1 label : spot-2 0.57
142 4 690 365 588 175 -1 -1 -1 -1 label : spot-2 0.55
143 4 697 364 581 177 -1 -1 -1 -1 label : spot-2 0.56
144 4 691 364 588 172 -1 -1 -1 -1 label : spot-2 0.50
145 4 695 364 584 172 -1 -1 -1 -1 label : spot-2 0.59
146 4 700 364 579 172 -1 -1 -1 -1 label : spot-2 0.58
147 4 707 364 572 171 -1 -1 -1 -1 label : spot-2 0.43
148 4 704 365 575 168 -1 -1 -1 -1 label : spot-2 0.59
149 4 713 365 566 168 -1 -1 -1 -1 label : spot-2 0.43
154 15 716 367 284 69 -1 -1 -1 -1 label : spot-2 0.35
155 15 715 368 294 70 -1 -1 -1 -1 label : spot-2 0.43
156 15 718 369 307 76 -1 -1 -1 -1 label : spot-2 0.37
157 4 720 372 559 161 -1 -1 -1 -1 label : spot-2 0.34
160 4 730 376 546 162 -1 -1 -1 -1 label : spot-2 0.38
161 4 724 378 555 157 -1 -1 -1 -1 label : spot-2 0.41
162 4 721 380 546 141 -1 -1 -1 -1 label : spot-2 0.48
163 4 736 381 531 150 -1 -1 -1 -1 label : spot-2 0.66
164 4 737 382 535 153 -1 -1 -1 -1 label : spot-2 0.66
165 4 727 384 540 133 -1 -1 -1 -1 label : spot-2 0.63
166 4 743 387 522 135 -1 -1 -1 -1 label : spot-2 0.39
167 4 746 388 518 133 -1 -1 -1 -1 label : spot-2 0.37
168 4 757 388 511 146 -1 -1 -1 -1 label : spot-2 0.56
169 4 751 389 524 151 -1 -1 -1 -1 label : spot-2 0.51
170 4 778 390 492 155 -1 -1 -1 -1 label : spot-2 0.51
171 4 781 391 493 158 -1 -1 -1 -1 label : spot-2 0.55
172 4 797 392 477 159 -1 -1 -1 -1 label : spot-2 0.55
173 4 807 393 470 159 -1 -1 -1 -1 label : spot-2 0.51
174 4 824 394 452 160 -1 -1 -1 -1 label : spot-2 0.52
175 4 833 394 442 166 -1 -1 -1 -1 label : spot-2 0.35
176 4 817 395 462 162 -1 -1 -1 -1 label : spot-2 0.36
177 4 830 398 449 160 -1 -1 -1 -1 label : spot-2 0.31
183 4 839 407 440 155 -1 -1 -1 -1 label : spot-1 0.30
189 4 923 421 343 152 -1 -1 -1 -1 label : spot-1 0.31
190 4 914 430 365 147 -1 -1 -1 -1 label : spot-1 0.31
192 4 1005 438 258 149 -1 -1 -1 -1 label : spot-1 0.33
201 19 606 351 93 30 -1 -1 -1 -1 label : invalidSpot-entrance 0.43
202 19 609 350 93 32 -1 -1 -1 -1 label : invalidSpot-entrance 0.42
203 19 612 350 93 34 -1 -1 -1 -1 label : invalidSpot-entrance 0.41
204 19 608 350 103 34 -1 -1 -1 -1 label : invalidSpot-entrance 0.36
208 19 618 349 105 38 -1 -1 -1 -1 label : invalidSpot-entrance 0.30
237 20 748 384 470 133 -1 -1 -1 -1 label : spot-2 0.45
238 20 736 385 529 156 -1 -1 -1 -1 label : spot-2 0.43
239 20 728 385 551 162 -1 -1 -1 -1 label : spot-2 0.31
246 20 781 396 498 148 -1 -1 -1 -1 label : spot-2 0.36
248 20 833 407 446 140 -1 -1 -1 -1 label : spot-2 0.32
252 21 786 386 197 46 -1 -1 -1 -1 label : invalidspot-coloredCurb 0.41
253 21 798 389 200 47 -1 -1 -1 -1 label : invalidspot-coloredCurb 0.49
254 21 803 391 206 50 -1 -1 -1 -1 label : invalidspot-coloredCurb 0.50
255 21 806 392 221 53 -1 -1 -1 -1 label : invalidspot-coloredCurb 0.41
256 21 812 393 230 57 -1 -1 -1 -1 label : invalidspot-coloredCurb 0.42
257 21 821 394 239 62 -1 -1 -1 -1 label : invalidspot-coloredCurb 0.44
258 21 827 397 246 62 -1 -1 -1 -1 label : invalidspot-coloredCurb 0.47
259 21 837 398 256 68 -1 -1 -1 -1 label : invalidspot-coloredCurb 0.49
260 21 859 402 262 74 -1 -1 -1 -1 label : invalidspot-coloredCurb 0.50
261 20 870 409 404 119 -1 -1 -1 -1 label : invalidspot-coloredCurb 0.73
261 21 867 404 269 77 -1 -1 -1 -1 label : invalidspot-coloredCurb 0.33
262 20 897 407 311 103 -1 -1 -1 -1 label : invalidspot-coloredCurb 0.55
262 22 957 338 30 67 -1 -1 -1 -1 label : fireHydrant 0.38
263 20 894 410 326 102 -1 -1 -1 -1 label : invalidspot-coloredCurb 0.68
263 22 970 341 29 66 -1 -1 -1 -1 label : fireHydrant 0.49
264 20 929 414 323 116 -1 -1 -1 -1 label : invalidspot-coloredCurb 0.68
264 22 982 342 29 69 -1 -1 -1 -1 label : fireHydrant 0.52
265 20 948 416 320 126 -1 -1 -1 -1 label : invalidspot-coloredCurb 0.56
265 22 996 342 29 72 -1 -1 -1 -1 label : fireHydrant 0.55
266 20 920 421 359 125 -1 -1 -1 -1 label : invalidspot-coloredCurb 0.72
266 22 1010 342 32 77 -1 -1 -1 -1 label : fireHydrant 0.36
267 20 932 425 347 122 -1 -1 -1 -1 label : invalidspot-coloredCurb 0.68
267 22 1024 345 34 78 -1 -1 -1 -1 label : fireHydrant 0.37
268 20 936 427 343 123 -1 -1 -1 -1 label : invalidspot-coloredCurb 0.72
269 22 1056 347 39 86 -1 -1 -1 -1 label : fireHydrant 0.74
270 22 1071 349 45 90 -1 -1 -1 -1 label : fireHydrant 0.75
271 22 1089 352 47 91 -1 -1 -1 -1 label : fireHydrant 0.58
272 22 1111 353 48 96 -1 -1 -1 -1 label : fireHydrant 0.72
