761 2 760 411 107 50 -1 -1 -1 -1 label : spot-1 0.46
765 2 770 412 111 51 -1 -1 -1 -1 label : spot-1 0.46
766 2 773 412 112 52 -1 -1 -1 -1 label : spot-1 0.46
771 2 787 413 119 57 -1 -1 -1 -1 label : spot-1 0.49
772 2 791 414 122 58 -1 -1 -1 -1 label : spot-1 0.49
773 2 794 414 127 60 -1 -1 -1 -1 label : spot-1 0.55
774 2 795 415 129 59 -1 -1 -1 -1 label : spot-1 0.55
775 2 799 415 131 63 -1 -1 -1 -1 label : spot-1 0.58
776 2 799 416 134 63 -1 -1 -1 -1 label : spot-1 0.58
777 2 805 416 133 67 -1 -1 -1 -1 label : spot-1 0.54
778 2 806 417 136 67 -1 -1 -1 -1 label : spot-1 0.55
779 2 810 416 142 67 -1 -1 -1 -1 label : spot-1 0.53
780 2 812 416 142 67 -1 -1 -1 -1 label : spot-1 0.54
781 2 818 415 139 69 -1 -1 -1 -1 label : spot-1 0.52
782 2 818 415 141 70 -1 -1 -1 -1 label : spot-1 0.52
783 2 824 416 146 71 -1 -1 -1 -1 label : spot-1 0.63
784 2 826 416 147 73 -1 -1 -1 -1 label : spot-1 0.63
785 2 833 416 147 74 -1 -1 -1 -1 label : spot-1 0.67
786 2 834 416 150 75 -1 -1 -1 -1 label : spot-1 0.67
787 2 841 417 152 75 -1 -1 -1 -1 label : spot-1 0.61
788 2 844 417 152 75 -1 -1 -1 -1 label : spot-1 0.60
789 2 851 416 157 79 -1 -1 -1 -1 label : spot-1 0.56
790 2 854 416 158 80 -1 -1 -1 -1 label : spot-1 0.57
791 2 858 419 170 82 -1 -1 -1 -1 label : spot-1 0.66
792 2 860 420 172 83 -1 -1 -1 -1 label : spot-1 0.67
793 2 867 422 173 86 -1 -1 -1 -1 label : spot-1 0.67
794 2 868 422 177 89 -1 -1 -1 -1 label : spot-1 0.67
795 2 875 424 176 93 -1 -1 -1 -1 label : spot-1 0.65
796 2 876 425 180 95 -1 -1 -1 -1 label : spot-1 0.66
797 2 878 427 191 93 -1 -1 -1 -1 label : spot-1 0.63
798 2 882 428 188 92 -1 -1 -1 -1 label : spot-1 0.63
799 2 890 428 197 97 -1 -1 -1 -1 label : spot-1 0.69
800 2 894 429 199 97 -1 -1 -1 -1 label : spot-1 0.69
801 2 900 430 207 99 -1 -1 -1 -1 label : spot-1 0.69
802 2 903 431 208 99 -1 -1 -1 -1 label : spot-1 0.69
803 2 907 432 223 98 -1 -1 -1 -1 label : spot-1 0.60
804 2 912 432 221 98 -1 -1 -1 -1 label : spot-1 0.60
805 2 920 433 224 101 -1 -1 -1 -1 label : spot-1 0.64
806 2 922 434 227 102 -1 -1 -1 -1 label : spot-1 0.64
807 2 931 435 234 106 -1 -1 -1 -1 label : spot-1 0.55
808 2 934 435 238 108 -1 -1 -1 -1 label : spot-1 0.55
809 2 936 436 306 126 -1 -1 -1 -1 label : spot-1 0.47
810 2 943 437 316 132 -1 -1 -1 -1 label : spot-1 0.48
811 2 953 438 292 124 -1 -1 -1 -1 label : spot-1 0.59
812 2 956 439 284 121 -1 -1 -1 -1 label : spot-1 0.58
813 2 960 439 294 119 -1 -1 -1 -1 label : spot-1 0.60
814 2 965 440 290 117 -1 -1 -1 -1 label : spot-1 0.60
891 3 21 364 17 37 -1 -1 -1 -1 label : fireHydrant 0.48
892 3 20 363 17 39 -1 -1 -1 -1 label : fireHydrant 0.48
893 3 20 366 17 36 -1 -1 -1 -1 label : fireHydrant 0.49
894 3 20 366 16 37 -1 -1 -1 -1 label : fireHydrant 0.50
895 3 19 367 17 36 -1 -1 -1 -1 label : fireHydrant 0.48
896 3 18 368 17 36 -1 -1 -1 -1 label : fireHydrant 0.47
993 5 2 376 17 34 -1 -1 -1 -1 label : fireHydrant 0.48
994 5 2 376 17 34 -1 -1 -1 -1 label : fireHydrant 0.49
995 5 1 376 19 34 -1 -1 -1 -1 label : fireHydrant 0.50
996 5 1 376 19 34 -1 -1 -1 -1 label : fireHydrant 0.49
997 5 2 377 17 33 -1 -1 -1 -1 label : fireHydrant 0.53
998 5 2 377 17 33 -1 -1 -1 -1 label : fireHydrant 0.53
999 5 1 377 19 33 -1 -1 -1 -1 label : fireHydrant 0.56
1000 5 1 377 19 33 -1 -1 -1 -1 label : fireHydrant 0.56
1001 5 1 377 18 33 -1 -1 -1 -1 label : fireHydrant 0.53
1002 5 1 377 18 33 -1 -1 -1 -1 label : fireHydrant 0.54
1003 5 1 377 19 33 -1 -1 -1 -1 label : fireHydrant 0.49
1004 5 1 377 19 33 -1 -1 -1 -1 label : fireHydrant 0.48
1005 5 1 377 18 33 -1 -1 -1 -1 label : fireHydrant 0.47
1006 5 1 377 18 33 -1 -1 -1 -1 label : fireHydrant 0.46
1563 7 827 374 18 46 -1 -1 -1 -1 label : fireHydrant 0.61
1564 7 828 373 18 46 -1 -1 -1 -1 label : fireHydrant 0.62
1583 7 831 372 16 46 -1 -1 -1 -1 label : fireHydrant 0.49
1584 7 832 371 16 46 -1 -1 -1 -1 label : fireHydrant 0.49
1585 7 833 373 19 46 -1 -1 -1 -1 label : fireHydrant 0.52
1586 7 834 374 19 46 -1 -1 -1 -1 label : fireHydrant 0.52
