24 1 812 536 467 132 -1 -1 -1 -1 label : spot-2 0.44
25 1 814 537 465 129 -1 -1 -1 -1 label : spot-2 0.44
27 1 821 538 456 130 -1 -1 -1 -1 label : spot-2 0.53
28 1 822 540 457 127 -1 -1 -1 -1 label : spot-2 0.55
29 1 831 540 443 131 -1 -1 -1 -1 label : spot-2 0.59
31 1 832 539 444 132 -1 -1 -1 -1 label : spot-2 0.45
32 1 831 537 448 132 -1 -1 -1 -1 label : spot-2 0.52
33 1 833 536 446 130 -1 -1 -1 -1 label : spot-2 0.50
34 1 837 534 442 131 -1 -1 -1 -1 label : spot-2 0.50
35 1 837 533 442 128 -1 -1 -1 -1 label : spot-2 0.55
41 1 840 529 439 115 -1 -1 -1 -1 label : spot-0.46
45 1 876 527 403 106 -1 -1 -1 -1 label : spot-0.45
46 1 878 522 401 106 -1 -1 -1 -1 label : spot-0.54
47 1 880 517 399 101 -1 -1 -1 -1 label : spot-0.45
48 1 891 514 384 104 -1 -1 -1 -1 label : spot-0.54
49 1 892 513 386 104 -1 -1 -1 -1 label : spot-0.60
50 1 897 510 381 105 -1 -1 -1 -1 label : spot-0.48
51 1 898 508 380 106 -1 -1 -1 -1 label : spot-0.53
53 1 911 507 365 108 -1 -1 -1 -1 label : spot-0.55
54 1 920 504 359 106 -1 -1 -1 -1 label : spot-0.44
55 1 921 504 358 105 -1 -1 -1 -1 label : spot-0.54
56 1 933 504 344 108 -1 -1 -1 -1 label : spot-0.44
57 1 934 508 344 110 -1 -1 -1 -1 label : spot-0.50
58 1 940 509 338 111 -1 -1 -1 -1 label : spot-0.43
138 4 870 464 184 83 -1 -1 -1 -1 label : spot-1 0.66
139 4 870 467 200 83 -1 -1 -1 -1 label : spot-1 0.64
140 4 874 468 202 88 -1 -1 -1 -1 label : spot-1 0.66
141 4 873 470 221 79 -1 -1 -1 -1 label : spot-1 0.57
142 4 887 472 216 77 -1 -1 -1 -1 label : spot-1 0.64
143 4 885 474 241 77 -1 -1 -1 -1 label : spot-1 0.63
144 4 887 478 259 72 -1 -1 -1 -1 label : spot-1 0.52
145 4 897 478 252 75 -1 -1 -1 -1 label : spot-1 0.61
146 4 898 479 278 84 -1 -1 -1 -1 label : spot-1 0.67
147 4 904 481 304 88 -1 -1 -1 -1 label : spot-1 0.55
148 4 910 483 321 93 -1 -1 -1 -1 label : spot-1 0.62
150 4 924 487 339 103 -1 -1 -1 -1 label : spot-1 0.53
151 4 925 490 352 109 -1 -1 -1 -1 label : spot-1 0.52
152 4 929 493 350 114 -1 -1 -1 -1 label : spot-1 0.52
153 4 929 494 350 113 -1 -1 -1 -1 label : spot-1 0.55
154 4 938 494 341 114 -1 -1 -1 -1 label : spot-1 0.57
155 4 943 497 336 113 -1 -1 -1 -1 label : spot-1 0.54
156 4 949 500 330 111 -1 -1 -1 -1 label : spot-1 0.54
157 4 959 504 320 107 -1 -1 -1 -1 label : spot-1 0.54
158 4 977 505 298 115 -1 -1 -1 -1 label : spot-1 0.48
159 4 981 510 298 112 -1 -1 -1 -1 label : spot-1 0.54
271 11 943 497 332 118 -1 -1 -1 -1 label : spot-1 0.58
272 11 954 498 322 121 -1 -1 -1 -1 label : spot-1 0.50
273 11 964 501 315 119 -1 -1 -1 -1 label : spot-1 0.44
333 12 848 464 240 101 -1 -1 -1 -1 label : spot-1 0.57
338 12 857 482 289 83 -1 -1 -1 -1 label : spot-1 0.44
347 13 926 507 352 113 -1 -1 -1 -1 label : spot-1 0.47
