321 2 0 492 283 87 -1 -1 -1 -1 label : spot-1 0.35
322 2 0 492 281 87 -1 -1 -1 -1 label : spot-1 0.35
323 2 0 492 284 86 -1 -1 -1 -1 label : spot-1 0.45
324 2 0 492 284 85 -1 -1 -1 -1 label : spot-1 0.46
325 2 1 493 280 84 -1 -1 -1 -1 label : spot-1 0.46
326 2 0 493 281 84 -1 -1 -1 -1 label : spot-1 0.46
327 2 2 493 274 86 -1 -1 -1 -1 label : spot-1 0.41
328 2 1 493 274 88 -1 -1 -1 -1 label : spot-1 0.41
329 2 0 492 270 85 -1 -1 -1 -1 label : spot-1 0.37
330 2 0 491 268 84 -1 -1 -1 -1 label : spot-1 0.37
331 2 0 493 276 84 -1 -1 -1 -1 label : spot-1 0.39
332 2 0 492 272 84 -1 -1 -1 -1 label : spot-1 0.39
333 2 5 491 254 89 -1 -1 -1 -1 label : spot-1 0.37
334 2 1 491 259 90 -1 -1 -1 -1 label : spot-1 0.37
335 2 2 490 244 92 -1 -1 -1 -1 label : spot-1 0.36
336 2 0 490 244 92 -1 -1 -1 -1 label : spot-1 0.36
339 2 5 490 214 96 -1 -1 -1 -1 label : spot-1 0.33
340 2 0 490 217 97 -1 -1 -1 -1 label : spot-1 0.33
686 3 3 360 15 36 -1 -1 -1 -1 label : fireHydrant 0.43
687 3 2 361 15 35 -1 -1 -1 -1 label : fireHydrant 0.42
688 3 2 361 15 36 -1 -1 -1 -1 label : fireHydrant 0.43
689 3 1 361 15 36 -1 -1 -1 -1 label : fireHydrant 0.43
690 3 1 360 15 38 -1 -1 -1 -1 label : fireHydrant 0.40
691 3 0 360 15 39 -1 -1 -1 -1 label : fireHydrant 0.40
695 3 0 360 14 38 -1 -1 -1 -1 label : fireHydrant 0.30
696 3 0 359 13 39 -1 -1 -1 -1 label : fireHydrant 0.39
697 3 0 359 13 40 -1 -1 -1 -1 label : fireHydrant 0.39
