160 2 1109 308 34 69 -1 -1 -1 -1 label : fireHydrant 0.55
161 2 1111 307 35 71 -1 -1 -1 -1 label : fireHydrant 0.55
162 2 1116 309 38 68 -1 -1 -1 -1 label : fireHydrant 0.50
163 2 1118 309 38 68 -1 -1 -1 -1 label : fireHydrant 0.50
170 2 1149 309 35 74 -1 -1 -1 -1 label : fireHydrant 0.56
171 2 1159 309 35 76 -1 -1 -1 -1 label : fireHydrant 0.57
172 2 1169 309 38 78 -1 -1 -1 -1 label : fireHydrant 0.60
173 2 1174 309 37 77 -1 -1 -1 -1 label : fireHydrant 0.62
174 2 1181 310 40 78 -1 -1 -1 -1 label : fireHydrant 0.48
175 2 1184 310 39 78 -1 -1 -1 -1 label : fireHydrant 0.48
176 2 1194 311 39 78 -1 -1 -1 -1 label : fireHydrant 0.59
177 2 1197 311 39 79 -1 -1 -1 -1 label : fireHydrant 0.57
186 3 704 312 98 32 -1 -1 -1 -1 label : spot-2 0.45
187 3 705 312 98 32 -1 -1 -1 -1 label : spot-2 0.46
212 3 719 316 108 35 -1 -1 -1 -1 label : spot-2 0.47
213 3 719 317 111 34 -1 -1 -1 -1 label : spot-2 0.46
217 3 722 317 114 35 -1 -1 -1 -1 label : spot-2 0.46
230 3 731 314 114 37 -1 -1 -1 -1 label : spot-2 0.47
231 3 733 313 116 37 -1 -1 -1 -1 label : spot-2 0.47
232 3 734 313 118 38 -1 -1 -1 -1 label : spot-2 0.51
233 3 735 313 117 38 -1 -1 -1 -1 label : spot-2 0.50
236 3 737 316 118 39 -1 -1 -1 -1 label : spot-2 0.52
237 3 738 317 119 39 -1 -1 -1 -1 label : spot-2 0.52
238 3 737 318 121 39 -1 -1 -1 -1 label : spot-2 0.45
239 3 739 319 118 39 -1 -1 -1 -1 label : spot-2 0.46
240 3 740 320 126 41 -1 -1 -1 -1 label : spot-2 0.48
241 3 741 321 128 42 -1 -1 -1 -1 label : spot-2 0.49
242 3 741 321 137 45 -1 -1 -1 -1 label : spot-2 0.45
