14 1 656 425 381 64 -1 -1 -1 -1 label : spot-2 0.48
15 1 652 426 414 69 -1 -1 -1 -1 label : spot-2 0.41
16 1 655 428 429 76 -1 -1 -1 -1 label : spot-2 0.43
17 1 662 433 549 109 -1 -1 -1 -1 label : spot-2 0.42
18 1 644 434 627 117 -1 -1 -1 -1 label : spot-2 0.44
19 1 669 437 609 129 -1 -1 -1 -1 label : spot-2 0.43
21 1 645 436 634 126 -1 -1 -1 -1 label : spot-2 0.41
22 1 660 435 619 131 -1 -1 -1 -1 label : invalidspot-coloredCurb 0.42
23 1 664 434 615 134 -1 -1 -1 -1 label : invalidspot-coloredCurb 0.56
24 1 668 434 611 142 -1 -1 -1 -1 label : invalidspot-coloredCurb 0.51
26 1 673 435 606 153 -1 -1 -1 -1 label : invalidspot-coloredCurb 0.49
29 1 677 440 602 161 -1 -1 -1 -1 label : spot-2 0.42
30 1 681 444 595 173 -1 -1 -1 -1 label : spot-2 0.45
37 1 686 440 593 180 -1 -1 -1 -1 label : spot-2 0.47
38 1 686 436 593 186 -1 -1 -1 -1 label : spot-2 0.46
39 1 687 432 592 188 -1 -1 -1 -1 label : spot-2 0.51
41 1 688 425 591 184 -1 -1 -1 -1 label : spot-2 0.46
42 1 695 421 584 184 -1 -1 -1 -1 label : spot-2 0.51
43 1 699 417 580 182 -1 -1 -1 -1 label : spot-2 0.42
44 1 702 415 577 180 -1 -1 -1 -1 label : spot-2 0.43
45 1 705 412 574 180 -1 -1 -1 -1 label : spot-2 0.46
46 1 709 410 570 179 -1 -1 -1 -1 label : spot-2 0.47
47 1 711 407 568 177 -1 -1 -1 -1 label : spot-2 0.53
48 1 716 406 563 175 -1 -1 -1 -1 label : spot-2 0.46
49 1 719 406 560 175 -1 -1 -1 -1 label : spot-2 0.49
51 1 735 409 544 172 -1 -1 -1 -1 label : spot-2 0.40
52 1 731 412 548 166 -1 -1 -1 -1 label : spot-0.43
53 1 738 414 541 163 -1 -1 -1 -1 label : spot-0.59
54 1 741 417 538 158 -1 -1 -1 -1 label : spot-0.45
55 1 752 421 526 151 -1 -1 -1 -1 label : spot-0.61
56 1 762 424 514 150 -1 -1 -1 -1 label : spot-0.58
57 1 768 427 510 149 -1 -1 -1 -1 label : spot-0.68
58 1 774 430 505 146 -1 -1 -1 -1 label : spot-0.69
59 1 783 430 495 145 -1 -1 -1 -1 label : spot-0.70
60 1 791 432 488 143 -1 -1 -1 -1 label : spot-0.75
61 1 801 436 478 141 -1 -1 -1 -1 label : spot-0.74
62 1 808 439 471 138 -1 -1 -1 -1 label : spot-0.73
63 1 821 441 458 136 -1 -1 -1 -1 label : spot-0.67
64 1 840 443 435 138 -1 -1 -1 -1 label : spot-0.61
65 1 851 446 428 135 -1 -1 -1 -1 label : spot-0.42
114 3 731 397 242 51 -1 -1 -1 -1 label : invalidSpot-entrance 0.53
115 3 737 400 262 60 -1 -1 -1 -1 label : invalidSpot-entrance 0.63
116 3 747 404 287 69 -1 -1 -1 -1 label : invalidSpot-entrance 0.67
117 3 749 406 326 80 -1 -1 -1 -1 label : invalidSpot-entrance 0.72
118 3 757 409 361 93 -1 -1 -1 -1 label : invalidSpot-entrance 0.72
119 3 759 413 414 106 -1 -1 -1 -1 label : invalidSpot-entrance 0.76
120 3 760 417 478 121 -1 -1 -1 -1 label : invalidSpot-entrance 0.68
121 3 785 424 482 134 -1 -1 -1 -1 label : invalidSpot-entrance 0.64
122 3 790 428 489 138 -1 -1 -1 -1 label : invalidSpot-entrance 0.67
123 3 794 431 485 138 -1 -1 -1 -1 label : invalidSpot-entrance 0.70
124 3 804 436 475 134 -1 -1 -1 -1 label : invalidSpot-entrance 0.69
125 3 832 441 447 133 -1 -1 -1 -1 label : invalidSpot-entrance 0.65
126 3 829 445 450 130 -1 -1 -1 -1 label : invalidSpot-entrance 0.65
127 3 846 452 433 122 -1 -1 -1 -1 label : invalidSpot-entrance 0.58
128 3 868 462 411 111 -1 -1 -1 -1 label : invalidSpot-entrance 0.45
129 3 903 473 376 101 -1 -1 -1 -1 label : invalidSpot-entrance 0.43
152 4 693 362 126 63 -1 -1 -1 -1 label : spot-1 0.48
153 4 693 365 136 65 -1 -1 -1 -1 label : spot-1 0.56
154 4 702 365 137 72 -1 -1 -1 -1 label : spot-1 0.57
155 4 701 366 152 75 -1 -1 -1 -1 label : spot-1 0.64
156 4 705 367 161 80 -1 -1 -1 -1 label : spot-1 0.65
157 4 703 369 180 81 -1 -1 -1 -1 label : spot-1 0.60
158 4 709 371 186 87 -1 -1 -1 -1 label : spot-1 0.57
159 4 712 374 203 85 -1 -1 -1 -1 label : spot-1 0.54
160 4 699 377 251 70 -1 -1 -1 -1 label : spot-1 0.52
161 4 723 381 232 69 -1 -1 -1 -1 label : spot-1 0.40
162 4 729 383 243 74 -1 -1 -1 -1 label : spot-1 0.44
163 4 725 386 280 73 -1 -1 -1 -1 label : spot-1 0.57
164 4 736 389 294 77 -1 -1 -1 -1 label : spot-1 0.55
165 4 744 391 319 93 -1 -1 -1 -1 label : spot-1 0.50
169 7 775 400 490 157 -1 -1 -1 -1 label : spot-2 0.46
170 7 769 401 510 160 -1 -1 -1 -1 label : spot-2 0.56
171 7 777 403 502 162 -1 -1 -1 -1 label : spot-2 0.54
172 7 788 408 491 153 -1 -1 -1 -1 label : spot-2 0.46
173 7 789 412 490 149 -1 -1 -1 -1 label : spot-1 0.45
175 7 802 416 477 148 -1 -1 -1 -1 label : spot-1 0.65
176 7 808 419 471 145 -1 -1 -1 -1 label : spot-1 0.67
177 7 819 422 460 143 -1 -1 -1 -1 label : spot-1 0.75
178 7 830 425 449 140 -1 -1 -1 -1 label : spot-1 0.75
179 7 844 428 435 138 -1 -1 -1 -1 label : spot-1 0.69
180 7 855 435 424 133 -1 -1 -1 -1 label : spot-1 0.70
181 7 874 442 405 129 -1 -1 -1 -1 label : spot-1 0.64
182 7 891 447 388 126 -1 -1 -1 -1 label : spot-1 0.63
183 7 912 451 366 124 -1 -1 -1 -1 label : spot-1 0.46
202 9 713 367 163 81 -1 -1 -1 -1 label : spot-1 0.44
203 9 718 369 175 83 -1 -1 -1 -1 label : spot-1 0.43
204 9 724 371 186 94 -1 -1 -1 -1 label : spot-1 0.55
205 9 722 373 213 92 -1 -1 -1 -1 label : spot-1 0.42
206 9 733 376 217 98 -1 -1 -1 -1 label : spot-1 0.47
212 7 1041 431 161 91 -1 -1 -1 -1 label : invalidSpot-entrance 0.46
213 7 1034 440 229 101 -1 -1 -1 -1 label : invalidSpot-entrance 0.48
214 7 1081 444 184 114 -1 -1 -1 -1 label : invalidSpot-entrance 0.43
216 9 771 410 347 73 -1 -1 -1 -1 label : spot-1 0.47
217 9 798 416 345 76 -1 -1 -1 -1 label : spot-1 0.57
218 9 816 422 344 81 -1 -1 -1 -1 label : spot-1 0.61
219 9 826 426 355 86 -1 -1 -1 -1 label : spot-1 0.62
220 9 837 432 387 91 -1 -1 -1 -1 label : spot-1 0.58
221 7 864 438 415 121 -1 -1 -1 -1 label : spot-1 0.71
222 7 864 441 415 120 -1 -1 -1 -1 label : spot-1 0.69
223 7 875 445 403 118 -1 -1 -1 -1 label : spot-1 0.66
224 7 892 449 384 118 -1 -1 -1 -1 label : spot-1 0.60
225 7 921 454 351 119 -1 -1 -1 -1 label : spot-1 0.41
259 10 742 371 191 105 -1 -1 -1 -1 label : spot-1 0.41
260 10 747 375 210 111 -1 -1 -1 -1 label : spot-1 0.47
270 10 792 417 361 75 -1 -1 -1 -1 label : spot-1 0.49
276 14 867 430 409 118 -1 -1 -1 -1 label : spot-1 0.60
277 14 887 437 389 118 -1 -1 -1 -1 label : spot-1 0.56
278 14 901 443 376 120 -1 -1 -1 -1 label : spot-1 0.53
279 14 920 447 357 122 -1 -1 -1 -1 label : spot-1 0.47
