3 1 141 463 314 74 -1 -1 -1 -1 label : invalidSpot-entrance 0.30
3 3 920 388 341 91 -1 -1 -1 -1 label : spot-2 0.25
4 1 121 457 335 85 -1 -1 -1 -1 label : spot-0.23
4 3 917 389 355 92 -1 -1 -1 -1 label : spot-2 0.22
5 1 111 454 349 90 -1 -1 -1 -1 label : spot-0.24
5 3 917 389 357 93 -1 -1 -1 -1 label : spot-2 0.21
6 1 99 454 351 90 -1 -1 -1 -1 label : invalidSpot-entrance 0.28
6 3 921 385 351 102 -1 -1 -1 -1 label : spot-2 0.27
6 4 101 452 350 91 -1 -1 -1 -1 label : spot-1 0.23
7 1 96 454 350 89 -1 -1 -1 -1 label : invalidSpot-entrance 0.28
7 3 916 384 362 105 -1 -1 -1 -1 label : spot-2 0.25
7 4 94 449 362 95 -1 -1 -1 -1 label : spot-1 0.24
8 1 65 452 367 97 -1 -1 -1 -1 label : invalidSpot-entrance 0.25
8 3 915 383 364 103 -1 -1 -1 -1 label : spot-2 0.16
8 4 54 447 394 109 -1 -1 -1 -1 label : spot-1 0.12
8 6 926 382 135 45 -1 -1 -1 -1 label : spot-2 0.11
9 1 52 451 378 100 -1 -1 -1 -1 label : invalidSpot-entrance 0.24
9 3 917 384 362 102 -1 -1 -1 -1 label : spot-2 0.16
9 4 38 447 413 113 -1 -1 -1 -1 label : spot-1 0.12
9 6 926 381 130 44 -1 -1 -1 -1 label : spot-2 0.11
10 1 108 443 336 91 -1 -1 -1 -1 label : spot-0.26
10 3 921 383 354 100 -1 -1 -1 -1 label : spot-2 0.20
10 4 22 446 415 128 -1 -1 -1 -1 label : spot-1 0.13
11 1 104 440 341 93 -1 -1 -1 -1 label : spot-0.26
11 3 922 383 350 98 -1 -1 -1 -1 label : spot-2 0.20
11 4 13 444 444 121 -1 -1 -1 -1 label : spot-1 0.12
12 1 120 439 322 88 -1 -1 -1 -1 label : spot-0.38
12 3 924 382 338 103 -1 -1 -1 -1 label : spot-2 0.30
12 4 13 444 419 133 -1 -1 -1 -1 label : spot-1 0.21
13 1 119 437 324 89 -1 -1 -1 -1 label : spot-0.38
13 3 921 381 342 105 -1 -1 -1 -1 label : spot-2 0.30
13 4 3 444 432 138 -1 -1 -1 -1 label : spot-1 0.20
14 3 925 384 346 113 -1 -1 -1 -1 label : spot-2 0.62
14 4 8 447 408 156 -1 -1 -1 -1 label : spot-1 0.26
14 6 930 383 113 39 -1 -1 -1 -1 label : spot-1 0.16
15 3 923 385 355 115 -1 -1 -1 -1 label : spot-2 0.62
15 4 0 449 422 161 -1 -1 -1 -1 label : spot-1 0.25
15 6 931 383 111 39 -1 -1 -1 -1 label : spot-1 0.16
16 3 920 387 359 112 -1 -1 -1 -1 label : spot-2 0.60
16 4 0 451 436 152 -1 -1 -1 -1 label : spot-1 0.27
16 6 931 386 112 39 -1 -1 -1 -1 label : spot-1 0.12
17 3 923 388 356 111 -1 -1 -1 -1 label : spot-2 0.60
17 4 0 452 428 146 -1 -1 -1 -1 label : spot-1 0.27
17 6 931 386 112 40 -1 -1 -1 -1 label : spot-1 0.12
18 3 926 389 350 115 -1 -1 -1 -1 label : spot-2 0.56
18 4 0 457 395 145 -1 -1 -1 -1 label : spot-1 0.23
18 6 926 387 131 42 -1 -1 -1 -1 label : spot-1 0.15
18 10 928 389 170 52 -1 -1 -1 -1 label : spot-2 0.12
19 3 923 389 355 116 -1 -1 -1 -1 label : spot-2 0.56
19 4 0 459 390 144 -1 -1 -1 -1 label : spot-1 0.22
19 6 926 388 134 43 -1 -1 -1 -1 label : spot-1 0.15
19 10 931 389 162 55 -1 -1 -1 -1 label : spot-2 0.12
20 3 910 393 361 99 -1 -1 -1 -1 label : spot-2 0.51
20 4 0 463 403 147 -1 -1 -1 -1 label : spot-1 0.17
20 6 926 388 134 43 -1 -1 -1 -1 label : spot-1 0.14
21 3 919 395 336 91 -1 -1 -1 -1 label : spot-2 0.51
21 4 0 464 407 149 -1 -1 -1 -1 label : spot-1 0.17
21 10 930 392 151 50 -1 -1 -1 -1 label : spot-2 0.14
22 3 917 400 345 92 -1 -1 -1 -1 label : spot-2 0.47
22 4 0 470 371 142 -1 -1 -1 -1 label : spot-1 0.25
22 6 915 396 153 42 -1 -1 -1 -1 label : spot-1 0.15
22 10 927 397 144 48 -1 -1 -1 -1 label : spot-2 0.14
23 3 918 401 344 93 -1 -1 -1 -1 label : spot-2 0.48
23 4 0 472 362 140 -1 -1 -1 -1 label : spot-1 0.25
23 6 916 397 150 42 -1 -1 -1 -1 label : spot-1 0.15
23 10 925 398 143 48 -1 -1 -1 -1 label : spot-2 0.13
24 3 917 405 313 79 -1 -1 -1 -1 label : spot-2 0.38
24 4 7 478 360 162 -1 -1 -1 -1 label : spot-1 0.34
24 6 916 399 151 41 -1 -1 -1 -1 label : spot-1 0.25
24 10 918 402 167 48 -1 -1 -1 -1 label : spot-2 0.17
25 3 920 406 304 77 -1 -1 -1 -1 label : spot-2 0.39
25 4 0 480 378 170 -1 -1 -1 -1 label : spot-1 0.33
25 10 920 404 167 48 -1 -1 -1 -1 label : spot-2 0.25
26 3 931 414 324 91 -1 -1 -1 -1 label : spot-2 0.36
26 4 4 486 356 177 -1 -1 -1 -1 label : spot-1 0.22
26 10 923 408 146 44 -1 -1 -1 -1 label : spot-2 0.13
26 12 978 365 12 38 -1 -1 -1 -1 label : fireHydrant 0.11
27 3 930 417 342 96 -1 -1 -1 -1 label : spot-2 0.35
27 4 0 488 358 182 -1 -1 -1 -1 label : spot-1 0.21
27 10 923 410 141 43 -1 -1 -1 -1 label : spot-2 0.13
27 12 979 367 12 37 -1 -1 -1 -1 label : fireHydrant 0.10
28 3 929 419 346 96 -1 -1 -1 -1 label : spot-2 0.45
28 4 0 492 356 169 -1 -1 -1 -1 label : spot-1 0.29
29 4 0 494 348 163 -1 -1 -1 -1 label : spot-1 0.46
29 12 983 372 13 37 -1 -1 -1 -1 label : fireHydrant 0.29
30 3 935 426 344 96 -1 -1 -1 -1 label : spot-2 0.45
30 4 5 497 337 183 -1 -1 -1 -1 label : spot-1 0.33
30 6 928 419 217 58 -1 -1 -1 -1 label : spot-2 0.14
30 10 924 418 131 38 -1 -1 -1 -1 label : invalidSpot-fireHydrant 0.14
30 12 984 374 12 37 -1 -1 -1 -1 label : fireHydrant 0.12
31 3 935 427 344 96 -1 -1 -1 -1 label : spot-2 0.46
31 4 0 498 349 190 -1 -1 -1 -1 label : spot-1 0.34
31 6 928 420 232 61 -1 -1 -1 -1 label : spot-2 0.15
31 10 925 419 128 38 -1 -1 -1 -1 label : invalidSpot-fireHydrant 0.15
31 12 985 374 11 38 -1 -1 -1 -1 label : fireHydrant 0.13
32 3 935 429 344 97 -1 -1 -1 -1 label : spot-2 0.47
32 4 0 500 343 192 -1 -1 -1 -1 label : spot-1 0.15
32 6 938 420 166 54 -1 -1 -1 -1 label : spot-2 0.12
32 10 926 419 129 41 -1 -1 -1 -1 label : invalidSpot-fireHydrant 0.12
33 4 0 501 342 192 -1 -1 -1 -1 label : spot-1 0.47
33 6 933 420 160 52 -1 -1 -1 -1 label : spot-2 0.16
33 10 925 419 135 42 -1 -1 -1 -1 label : invalidSpot-fireHydrant 0.14
33 12 987 377 11 35 -1 -1 -1 -1 label : fireHydrant 0.13
34 4 2 505 327 199 -1 -1 -1 -1 label : spot-1 0.33
34 6 933 422 160 52 -1 -1 -1 -1 label : spot-2 0.22
34 10 929 420 121 39 -1 -1 -1 -1 label : invalidSpot-fireHydrant 0.20
35 4 0 506 330 203 -1 -1 -1 -1 label : spot-1 0.32
35 10 929 420 119 39 -1 -1 -1 -1 label : invalidSpot-fireHydrant 0.21
35 12 991 376 13 42 -1 -1 -1 -1 label : fireHydrant 0.20
36 4 0 504 312 200 -1 -1 -1 -1 label : spot-1 0.27
36 10 929 418 124 38 -1 -1 -1 -1 label : invalidSpot-fireHydrant 0.24
36 12 994 375 13 40 -1 -1 -1 -1 label : fireHydrant 0.15
37 4 0 504 308 198 -1 -1 -1 -1 label : spot-1 0.27
37 10 931 417 123 38 -1 -1 -1 -1 label : invalidSpot-fireHydrant 0.22
37 12 995 375 13 40 -1 -1 -1 -1 label : fireHydrant 0.15
38 3 953 426 326 93 -1 -1 -1 -1 label : spot-2 0.47
38 4 16 502 196 191 -1 -1 -1 -1 label : spot-1 0.15
38 10 940 418 128 39 -1 -1 -1 -1 label : invalidSpot-fireHydrant 0.13
38 12 996 374 14 40 -1 -1 -1 -1 label : fireHydrant 0.13
39 3 954 424 325 94 -1 -1 -1 -1 label : spot-2 0.46
39 4 3 501 191 187 -1 -1 -1 -1 label : spot-1 0.15
39 6 944 418 224 60 -1 -1 -1 -1 label : spot-2 0.13
39 10 943 418 131 40 -1 -1 -1 -1 label : invalidSpot-fireHydrant 0.13
39 12 997 374 14 39 -1 -1 -1 -1 label : fireHydrant 0.11
40 1 0 507 295 195 -1 -1 -1 -1 label : spot-0.22
40 3 945 421 334 92 -1 -1 -1 -1 label : spot-2 0.15
40 4 1 502 177 188 -1 -1 -1 -1 label : spot-1 0.12
40 6 942 417 219 58 -1 -1 -1 -1 label : spot-2 0.11
41 1 0 508 296 197 -1 -1 -1 -1 label : spot-0.24
41 3 946 420 332 92 -1 -1 -1 -1 label : spot-2 0.16
41 6 943 417 221 58 -1 -1 -1 -1 label : spot-2 0.14
41 12 1000 371 14 44 -1 -1 -1 -1 label : fireHydrant 0.11
44 12 1006 371 14 45 -1 -1 -1 -1 label : fireHydrant 0.18
45 12 1008 371 14 46 -1 -1 -1 -1 label : fireHydrant 0.18
46 6 949 416 140 42 -1 -1 -1 -1 label : invalidSpot-fireHydrant 0.17
46 12 1011 371 15 48 -1 -1 -1 -1 label : fireHydrant 0.12
47 6 949 416 128 39 -1 -1 -1 -1 label : invalidSpot-fireHydrant 0.17
47 12 1012 371 15 49 -1 -1 -1 -1 label : fireHydrant 0.12
48 6 952 418 118 36 -1 -1 -1 -1 label : invalidSpot-fireHydrant 0.43
48 12 1014 373 15 48 -1 -1 -1 -1 label : fireHydrant 0.29
49 6 953 418 114 36 -1 -1 -1 -1 label : invalidSpot-fireHydrant 0.42
49 12 1015 373 15 49 -1 -1 -1 -1 label : fireHydrant 0.28
50 6 953 422 113 36 -1 -1 -1 -1 label : invalidSpot-fireHydrant 0.29
50 12 1016 376 17 50 -1 -1 -1 -1 label : fireHydrant 0.23
51 6 953 423 114 37 -1 -1 -1 -1 label : invalidSpot-fireHydrant 0.29
51 12 1016 376 17 51 -1 -1 -1 -1 label : fireHydrant 0.23
52 6 944 426 147 38 -1 -1 -1 -1 label : spot-1 0.12
53 6 946 427 149 39 -1 -1 -1 -1 label : spot-1 0.10
54 6 965 429 115 38 -1 -1 -1 -1 label : spot-1 0.25
54 10 1067 453 82 38 -1 -1 -1 -1 label : invalidSpot-entrance 0.17
55 6 967 429 113 39 -1 -1 -1 -1 label : spot-1 0.25
55 10 1070 454 82 38 -1 -1 -1 -1 label : invalidSpot-entrance 0.16
56 6 959 433 121 39 -1 -1 -1 -1 label : spot-1 0.26
56 10 1074 460 81 36 -1 -1 -1 -1 label : invalidSpot-entrance 0.23
57 6 957 434 123 40 -1 -1 -1 -1 label : spot-1 0.26
57 10 1076 462 79 36 -1 -1 -1 -1 label : invalidSpot-entrance 0.24
58 6 951 437 134 40 -1 -1 -1 -1 label : spot-1 0.17
58 10 1075 466 84 36 -1 -1 -1 -1 label : invalidSpot-entrance 0.16
59 6 950 438 135 41 -1 -1 -1 -1 label : spot-1 0.17
59 10 1075 467 85 36 -1 -1 -1 -1 label : invalidSpot-entrance 0.16
60 6 951 439 135 40 -1 -1 -1 -1 label : spot-1 0.24
60 10 1084 469 80 37 -1 -1 -1 -1 label : invalidSpot-entrance 0.15
61 6 951 439 134 40 -1 -1 -1 -1 label : spot-1 0.24
61 10 1085 469 81 37 -1 -1 -1 -1 label : invalidSpot-entrance 0.13
62 6 947 442 181 44 -1 -1 -1 -1 label : spot-1 0.12
63 6 951 444 186 44 -1 -1 -1 -1 label : spot-1 0.13
64 6 958 445 180 46 -1 -1 -1 -1 label : spot-1 0.16
64 10 1098 474 93 37 -1 -1 -1 -1 label : invalidSpot-entrance 0.15
65 6 958 446 181 46 -1 -1 -1 -1 label : spot-1 0.16
65 10 1100 474 94 37 -1 -1 -1 -1 label : invalidSpot-entrance 0.16
66 3 971 448 233 61 -1 -1 -1 -1 label : spot-2 0.16
66 6 947 446 215 50 -1 -1 -1 -1 label : spot-1 0.12
66 10 1104 476 95 37 -1 -1 -1 -1 label : invalidSpot-entrance 0.11
67 3 972 449 231 61 -1 -1 -1 -1 label : spot-2 0.16
67 6 947 446 218 52 -1 -1 -1 -1 label : spot-1 0.12
67 14 830 411 60 27 -1 -1 -1 -1 label : spot-1 0.11
68 3 973 450 227 59 -1 -1 -1 -1 label : spot-2 0.25
69 14 834 416 59 27 -1 -1 -1 -1 label : spot-1 0.25
70 14 834 417 57 27 -1 -1 -1 -1 label : spot-1 0.23
71 14 836 418 56 28 -1 -1 -1 -1 label : spot-1 0.22
72 3 980 456 236 62 -1 -1 -1 -1 label : spot-2 0.21
72 14 836 419 58 27 -1 -1 -1 -1 label : spot-1 0.13
73 3 982 457 231 61 -1 -1 -1 -1 label : spot-2 0.21
73 14 837 420 57 26 -1 -1 -1 -1 label : spot-1 0.14
78 3 989 463 257 63 -1 -1 -1 -1 label : invalidSpot-entrance 0.11
79 3 995 466 261 63 -1 -1 -1 -1 label : invalidSpot-entrance 0.12
80 3 990 463 261 63 -1 -1 -1 -1 label : spot-2 0.13
81 3 988 462 261 63 -1 -1 -1 -1 label : spot-2 0.13
82 3 1001 462 247 62 -1 -1 -1 -1 label : spot-2 0.11
83 3 1004 462 246 61 -1 -1 -1 -1 label : spot-2 0.11
85 14 848 421 62 24 -1 -1 -1 -1 label : spot-1 0.10
86 3 1006 464 261 61 -1 -1 -1 -1 label : spot-2 0.18
86 14 849 421 63 24 -1 -1 -1 -1 label : spot-1 0.14
87 3 1007 464 262 62 -1 -1 -1 -1 label : spot-2 0.17
87 14 850 422 60 24 -1 -1 -1 -1 label : spot-1 0.15
88 3 1007 465 233 56 -1 -1 -1 -1 label : spot-1 0.18
88 14 851 423 57 24 -1 -1 -1 -1 label : spot-1 0.12
89 3 1006 465 222 54 -1 -1 -1 -1 label : spot-1 0.18
89 14 851 424 57 24 -1 -1 -1 -1 label : spot-1 0.12
90 3 1006 466 223 55 -1 -1 -1 -1 label : spot-1 0.16
90 14 847 426 68 24 -1 -1 -1 -1 label : spot-1 0.12
91 3 1005 467 225 55 -1 -1 -1 -1 label : spot-1 0.17
91 14 847 427 68 23 -1 -1 -1 -1 label : spot-1 0.11
92 3 1004 468 250 59 -1 -1 -1 -1 label : spot-1 0.22
92 14 848 427 64 23 -1 -1 -1 -1 label : spot-1 0.11
93 3 1005 469 256 60 -1 -1 -1 -1 label : spot-1 0.22
93 14 855 427 54 24 -1 -1 -1 -1 label : spot-1 0.11
98 3 1017 471 259 57 -1 -1 -1 -1 label : spot-1 0.11
99 3 1025 472 253 56 -1 -1 -1 -1 label : spot-1 0.12
102 3 1036 473 239 57 -1 -1 -1 -1 label : spot-1 0.13
103 3 1037 473 240 58 -1 -1 -1 -1 label : spot-1 0.13
104 3 1067 474 206 59 -1 -1 -1 -1 label : spot-1 0.14
104 14 871 426 62 24 -1 -1 -1 -1 label : spot-1 0.12
105 3 1072 474 207 60 -1 -1 -1 -1 label : spot-1 0.14
105 14 873 426 62 24 -1 -1 -1 -1 label : spot-1 0.12
106 3 1079 474 197 62 -1 -1 -1 -1 label : spot-1 0.15
106 14 872 426 74 24 -1 -1 -1 -1 label : spot-1 0.15
107 3 1080 474 198 64 -1 -1 -1 -1 label : spot-1 0.15
107 14 874 427 73 24 -1 -1 -1 -1 label : spot-1 0.14
108 3 1096 473 180 65 -1 -1 -1 -1 label : spot-1 0.25
108 14 877 427 77 26 -1 -1 -1 -1 label : spot-1 0.24
109 3 1099 473 180 65 -1 -1 -1 -1 label : spot-1 0.25
109 14 878 427 79 26 -1 -1 -1 -1 label : spot-1 0.25
110 3 1099 473 180 65 -1 -1 -1 -1 label : spot-1 0.24
110 14 879 426 76 26 -1 -1 -1 -1 label : spot-1 0.13
111 3 1101 474 178 64 -1 -1 -1 -1 label : spot-1 0.24
111 14 879 426 76 26 -1 -1 -1 -1 label : spot-1 0.13
112 3 1100 474 179 67 -1 -1 -1 -1 label : spot-1 0.21
112 14 875 428 87 26 -1 -1 -1 -1 label : spot-1 0.16
113 3 1098 475 181 66 -1 -1 -1 -1 label : spot-1 0.20
113 14 876 429 85 25 -1 -1 -1 -1 label : spot-1 0.16
114 3 1085 476 194 66 -1 -1 -1 -1 label : spot-1 0.24
114 14 875 431 86 25 -1 -1 -1 -1 label : spot-1 0.21
115 3 1083 476 196 67 -1 -1 -1 -1 label : spot-1 0.24
115 14 875 431 85 25 -1 -1 -1 -1 label : spot-1 0.21
116 3 1122 477 149 71 -1 -1 -1 -1 label : spot-1 0.25
116 14 886 432 51 24 -1 -1 -1 -1 label : spot-1 0.12
117 3 1127 478 151 71 -1 -1 -1 -1 label : spot-1 0.27
117 14 877 434 81 23 -1 -1 -1 -1 label : spot-1 0.12
118 3 1128 480 151 76 -1 -1 -1 -1 label : spot-1 0.37
118 14 881 436 90 26 -1 -1 -1 -1 label : spot-1 0.24
119 3 1131 480 148 79 -1 -1 -1 -1 label : spot-1 0.38
119 14 883 437 93 26 -1 -1 -1 -1 label : spot-1 0.26
120 3 1135 486 144 75 -1 -1 -1 -1 label : spot-1 0.32
120 14 884 437 98 27 -1 -1 -1 -1 label : spot-1 0.31
121 3 1137 488 142 73 -1 -1 -1 -1 label : spot-1 0.33
121 14 885 437 99 28 -1 -1 -1 -1 label : spot-1 0.32
122 3 1147 489 132 72 -1 -1 -1 -1 label : spot-1 0.31
122 14 892 436 92 30 -1 -1 -1 -1 label : spot-1 0.15
123 3 1149 490 130 71 -1 -1 -1 -1 label : spot-1 0.30
123 14 892 435 95 31 -1 -1 -1 -1 label : spot-1 0.16
124 3 1159 485 119 73 -1 -1 -1 -1 label : spot-1 0.38
124 14 890 435 101 31 -1 -1 -1 -1 label : spot-1 0.13
125 3 1164 486 115 73 -1 -1 -1 -1 label : spot-1 0.38
125 14 891 436 101 30 -1 -1 -1 -1 label : spot-1 0.14
126 14 894 436 101 32 -1 -1 -1 -1 label : spot-1 0.46
127 14 895 437 102 32 -1 -1 -1 -1 label : spot-1 0.46
128 3 1182 480 97 78 -1 -1 -1 -1 label : spot-1 0.39
128 14 899 437 101 31 -1 -1 -1 -1 label : spot-1 0.14
129 3 1182 480 97 78 -1 -1 -1 -1 label : spot-1 0.39
129 14 900 437 101 31 -1 -1 -1 -1 label : spot-1 0.14
130 3 1189 480 90 76 -1 -1 -1 -1 label : spot-1 0.49
130 14 899 436 107 33 -1 -1 -1 -1 label : spot-1 0.17
131 3 1191 480 88 76 -1 -1 -1 -1 label : spot-1 0.49
131 14 900 436 108 32 -1 -1 -1 -1 label : spot-1 0.17
132 3 1198 477 81 77 -1 -1 -1 -1 label : spot-1 0.51
132 14 901 435 110 33 -1 -1 -1 -1 label : spot-1 0.22
133 3 1197 477 82 76 -1 -1 -1 -1 label : spot-1 0.50
133 14 901 435 111 33 -1 -1 -1 -1 label : spot-1 0.23
134 3 1206 474 73 77 -1 -1 -1 -1 label : spot-1 0.47
134 14 907 434 109 34 -1 -1 -1 -1 label : spot-1 0.19
135 3 1207 474 72 77 -1 -1 -1 -1 label : spot-1 0.48
135 14 909 434 110 34 -1 -1 -1 -1 label : spot-1 0.20
136 3 1214 472 65 76 -1 -1 -1 -1 label : spot-1 0.51
136 14 910 433 111 35 -1 -1 -1 -1 label : spot-1 0.12
137 3 1215 471 64 77 -1 -1 -1 -1 label : spot-1 0.53
137 14 909 433 114 35 -1 -1 -1 -1 label : spot-1 0.12
138 3 1219 473 60 74 -1 -1 -1 -1 label : spot-1 0.57
138 14 909 432 116 37 -1 -1 -1 -1 label : spot-1 0.12
139 3 1220 474 59 73 -1 -1 -1 -1 label : spot-1 0.57
139 14 908 432 118 37 -1 -1 -1 -1 label : spot-1 0.12
140 3 1224 474 55 73 -1 -1 -1 -1 label : spot-1 0.52
141 14 910 433 122 36 -1 -1 -1 -1 label : spot-1 0.52
142 14 917 434 119 35 -1 -1 -1 -1 label : spot-1 0.52
143 14 919 434 119 36 -1 -1 -1 -1 label : spot-1 0.52
144 14 914 434 129 37 -1 -1 -1 -1 label : spot-1 0.46
145 14 913 435 131 36 -1 -1 -1 -1 label : spot-1 0.46
146 14 913 435 136 37 -1 -1 -1 -1 label : spot-1 0.48
147 14 915 435 134 37 -1 -1 -1 -1 label : spot-1 0.46
148 14 914 436 138 36 -1 -1 -1 -1 label : spot-1 0.33
149 14 915 436 137 37 -1 -1 -1 -1 label : spot-1 0.33
150 3 921 435 147 39 -1 -1 -1 -1 label : spot-1 0.25
150 14 918 435 138 38 -1 -1 -1 -1 label : spot-2 0.22
151 3 913 434 143 38 -1 -1 -1 -1 label : spot-1 0.26
151 14 918 435 141 38 -1 -1 -1 -1 label : spot-2 0.21
152 3 913 432 143 39 -1 -1 -1 -1 label : spot-2 0.26
152 14 917 433 147 39 -1 -1 -1 -1 label : spot-1 0.16
153 3 913 431 144 40 -1 -1 -1 -1 label : spot-2 0.26
154 3 918 431 143 40 -1 -1 -1 -1 label : spot-2 0.31
154 14 921 433 147 38 -1 -1 -1 -1 label : spot-1 0.15
155 3 919 431 145 40 -1 -1 -1 -1 label : spot-2 0.32
155 14 922 432 146 39 -1 -1 -1 -1 label : spot-1 0.15
156 3 919 431 152 40 -1 -1 -1 -1 label : spot-1 0.39
156 14 925 432 151 41 -1 -1 -1 -1 label : spot-2 0.10
157 3 921 432 151 39 -1 -1 -1 -1 label : spot-1 0.41
158 3 926 431 150 40 -1 -1 -1 -1 label : spot-1 0.53
159 3 928 431 151 41 -1 -1 -1 -1 label : spot-1 0.52
160 3 930 432 153 42 -1 -1 -1 -1 label : spot-1 0.62
161 3 929 432 156 43 -1 -1 -1 -1 label : spot-1 0.61
162 3 932 433 157 43 -1 -1 -1 -1 label : spot-1 0.61
163 3 934 434 156 43 -1 -1 -1 -1 label : spot-1 0.60
164 3 935 433 159 44 -1 -1 -1 -1 label : spot-1 0.51
165 3 935 432 160 46 -1 -1 -1 -1 label : spot-1 0.52
166 3 935 434 167 44 -1 -1 -1 -1 label : spot-1 0.34
167 3 937 434 166 44 -1 -1 -1 -1 label : spot-1 0.33
168 3 940 435 167 48 -1 -1 -1 -1 label : spot-1 0.27
169 3 939 435 172 50 -1 -1 -1 -1 label : spot-1 0.29
170 3 941 437 175 50 -1 -1 -1 -1 label : spot-1 0.33
171 3 943 438 174 49 -1 -1 -1 -1 label : spot-1 0.33
172 3 938 439 189 48 -1 -1 -1 -1 label : spot-1 0.24
172 14 934 439 196 48 -1 -1 -1 -1 label : spot-2 0.17
173 3 940 439 186 48 -1 -1 -1 -1 label : spot-1 0.24
173 14 934 440 196 48 -1 -1 -1 -1 label : spot-2 0.17
174 3 937 442 192 48 -1 -1 -1 -1 label : spot-1 0.21
174 14 933 442 200 48 -1 -1 -1 -1 label : spot-2 0.14
174 19 186 480 209 111 -1 -1 -1 -1 label : spot-1 0.12
175 3 937 443 192 48 -1 -1 -1 -1 label : spot-1 0.22
175 14 933 442 200 50 -1 -1 -1 -1 label : spot-2 0.15
175 19 182 482 214 113 -1 -1 -1 -1 label : spot-1 0.11
176 3 934 445 201 48 -1 -1 -1 -1 label : spot-2 0.20
176 14 933 445 204 48 -1 -1 -1 -1 label : spot-1 0.16
176 19 164 485 238 122 -1 -1 -1 -1 label : spot-1 0.11
177 3 936 446 200 48 -1 -1 -1 -1 label : spot-1 0.19
177 14 934 446 206 48 -1 -1 -1 -1 label : spot-1 0.16
178 3 945 448 194 50 -1 -1 -1 -1 label : spot-2 0.25
178 19 142 490 246 120 -1 -1 -1 -1 label : spot-1 0.24
179 3 945 450 199 50 -1 -1 -1 -1 label : spot-2 0.24
179 19 138 492 242 117 -1 -1 -1 -1 label : spot-1 0.24
180 3 948 453 203 49 -1 -1 -1 -1 label : spot-1 0.40
180 19 123 495 230 129 -1 -1 -1 -1 label : spot-1 0.23
181 3 950 454 203 49 -1 -1 -1 -1 label : spot-1 0.39
181 19 113 496 236 133 -1 -1 -1 -1 label : spot-1 0.22
182 3 949 457 214 50 -1 -1 -1 -1 label : spot-1 0.34
182 19 87 499 241 129 -1 -1 -1 -1 label : spot-1 0.32
183 3 951 458 213 51 -1 -1 -1 -1 label : spot-1 0.34
183 19 82 500 235 128 -1 -1 -1 -1 label : spot-1 0.33
184 3 953 460 212 50 -1 -1 -1 -1 label : spot-1 0.33
184 19 25 506 297 124 -1 -1 -1 -1 label : spot-1 0.24
185 3 954 461 211 49 -1 -1 -1 -1 label : spot-1 0.32
185 19 23 507 287 123 -1 -1 -1 -1 label : spot-1 0.25
186 3 989 466 177 50 -1 -1 -1 -1 label : spot-1 0.36
186 19 0 516 333 123 -1 -1 -1 -1 label : spot-1 0.18
187 3 995 467 179 51 -1 -1 -1 -1 label : spot-1 0.35
187 19 0 519 332 124 -1 -1 -1 -1 label : spot-1 0.17
188 3 996 470 187 52 -1 -1 -1 -1 label : spot-1 0.39
188 19 0 522 322 130 -1 -1 -1 -1 label : spot-1 0.25
189 3 997 471 189 52 -1 -1 -1 -1 label : spot-1 0.38
189 19 0 524 324 131 -1 -1 -1 -1 label : spot-1 0.25
190 3 978 471 221 53 -1 -1 -1 -1 label : spot-2 0.33
190 14 859 440 38 20 -1 -1 -1 -1 label : spot-1 0.23
190 19 0 526 304 132 -1 -1 -1 -1 label : spot-1 0.15
190 22 6 514 152 126 -1 -1 -1 -1 label : spot-1 0.12
191 3 976 471 223 53 -1 -1 -1 -1 label : spot-2 0.33
191 14 855 439 37 20 -1 -1 -1 -1 label : spot-1 0.23
191 19 0 527 301 131 -1 -1 -1 -1 label : spot-1 0.15
191 22 0 513 154 129 -1 -1 -1 -1 label : spot-1 0.12
192 3 970 471 237 54 -1 -1 -1 -1 label : spot-2 0.34
192 14 853 439 39 19 -1 -1 -1 -1 label : spot-1 0.32
192 19 0 526 300 135 -1 -1 -1 -1 label : spot-1 0.18
193 3 970 470 238 56 -1 -1 -1 -1 label : spot-2 0.36
193 14 853 438 39 20 -1 -1 -1 -1 label : spot-1 0.32
193 19 0 526 301 135 -1 -1 -1 -1 label : spot-1 0.18
194 3 987 471 225 56 -1 -1 -1 -1 label : spot-2 0.27
194 14 852 438 42 19 -1 -1 -1 -1 label : spot-1 0.26
194 19 5 528 283 149 -1 -1 -1 -1 label : spot-1 0.14
195 3 993 471 222 56 -1 -1 -1 -1 label : spot-2 0.27
195 14 852 437 42 20 -1 -1 -1 -1 label : spot-1 0.26
195 19 0 528 291 155 -1 -1 -1 -1 label : spot-1 0.14
196 3 1012 470 207 57 -1 -1 -1 -1 label : spot-1 0.29
196 14 854 436 42 20 -1 -1 -1 -1 label : spot-1 0.26
196 19 0 530 297 159 -1 -1 -1 -1 label : spot-1 0.15
197 3 1016 469 208 57 -1 -1 -1 -1 label : spot-1 0.29
197 14 855 435 42 20 -1 -1 -1 -1 label : spot-1 0.25
197 19 0 530 299 162 -1 -1 -1 -1 label : spot-1 0.14
198 3 988 468 265 59 -1 -1 -1 -1 label : spot-2 0.26
198 14 852 435 41 19 -1 -1 -1 -1 label : spot-1 0.19
199 3 986 467 270 61 -1 -1 -1 -1 label : spot-2 0.23
199 19 0 536 293 173 -1 -1 -1 -1 label : spot-1 0.19
200 3 984 465 278 66 -1 -1 -1 -1 label : spot-2 0.21
200 14 854 433 47 20 -1 -1 -1 -1 label : spot-1 0.17
200 19 0 537 285 175 -1 -1 -1 -1 label : spot-1 0.14
201 3 979 464 288 68 -1 -1 -1 -1 label : spot-2 0.21
201 14 854 433 48 20 -1 -1 -1 -1 label : spot-1 0.17
201 19 0 537 283 176 -1 -1 -1 -1 label : spot-1 0.14
202 3 979 464 294 71 -1 -1 -1 -1 label : spot-2 0.31
202 14 858 432 43 21 -1 -1 -1 -1 label : spot-1 0.18
202 19 7 540 223 172 -1 -1 -1 -1 label : spot-1 0.11
203 3 979 464 297 72 -1 -1 -1 -1 label : spot-2 0.33
203 14 853 432 51 21 -1 -1 -1 -1 label : spot-1 0.20
203 19 0 541 220 170 -1 -1 -1 -1 label : spot-1 0.11
204 3 1012 465 256 79 -1 -1 -1 -1 label : spot-2 0.44
205 3 1012 465 266 83 -1 -1 -1 -1 label : spot-2 0.44
206 3 1012 463 267 85 -1 -1 -1 -1 label : spot-2 0.47
207 3 1011 463 268 85 -1 -1 -1 -1 label : spot-2 0.48
208 3 1005 465 274 83 -1 -1 -1 -1 label : spot-2 0.42
208 14 848 431 63 23 -1 -1 -1 -1 label : spot-1 0.25
209 3 1005 465 274 82 -1 -1 -1 -1 label : spot-2 0.41
209 14 848 431 63 23 -1 -1 -1 -1 label : spot-1 0.25
210 3 1032 467 245 82 -1 -1 -1 -1 label : spot-2 0.51
210 14 859 432 53 24 -1 -1 -1 -1 label : spot-1 0.23
211 3 1035 469 244 81 -1 -1 -1 -1 label : spot-2 0.52
211 14 860 432 54 24 -1 -1 -1 -1 label : spot-1 0.23
212 3 1013 470 266 78 -1 -1 -1 -1 label : spot-2 0.52
212 14 866 435 50 23 -1 -1 -1 -1 label : spot-1 0.22
213 3 1012 471 267 76 -1 -1 -1 -1 label : spot-2 0.53
213 14 868 436 48 22 -1 -1 -1 -1 label : spot-1 0.22
214 3 1016 475 263 73 -1 -1 -1 -1 label : spot-2 0.41
214 14 862 438 58 22 -1 -1 -1 -1 label : spot-1 0.12
215 3 1018 476 261 73 -1 -1 -1 -1 label : spot-2 0.41
215 14 861 439 58 22 -1 -1 -1 -1 label : spot-1 0.12
216 3 1010 477 269 69 -1 -1 -1 -1 label : spot-2 0.41
216 14 879 440 37 24 -1 -1 -1 -1 label : spot-1 0.12
217 3 1012 477 267 67 -1 -1 -1 -1 label : spot-2 0.40
217 14 881 441 38 24 -1 -1 -1 -1 label : spot-1 0.11
218 3 1010 478 267 71 -1 -1 -1 -1 label : spot-2 0.47
219 3 1006 479 273 72 -1 -1 -1 -1 label : spot-2 0.48
219 14 883 442 40 25 -1 -1 -1 -1 label : spot-1 0.10
220 3 1013 479 262 77 -1 -1 -1 -1 label : spot-2 0.31
220 14 883 443 45 25 -1 -1 -1 -1 label : spot-1 0.13
221 3 1011 479 267 79 -1 -1 -1 -1 label : spot-2 0.33
221 14 884 444 45 25 -1 -1 -1 -1 label : spot-1 0.13
222 3 1007 480 272 77 -1 -1 -1 -1 label : spot-2 0.44
222 14 886 444 44 25 -1 -1 -1 -1 label : spot-1 0.13
223 3 1008 481 271 76 -1 -1 -1 -1 label : spot-2 0.44
223 14 887 445 44 25 -1 -1 -1 -1 label : spot-1 0.13
224 3 1017 481 260 78 -1 -1 -1 -1 label : spot-2 0.39
224 14 887 445 47 25 -1 -1 -1 -1 label : spot-1 0.12
225 3 1016 481 263 78 -1 -1 -1 -1 label : spot-2 0.40
225 14 887 445 47 25 -1 -1 -1 -1 label : spot-1 0.12
226 3 1019 481 260 74 -1 -1 -1 -1 label : spot-2 0.42
226 14 879 443 61 25 -1 -1 -1 -1 label : spot-1 0.15
227 3 1025 482 254 72 -1 -1 -1 -1 label : spot-2 0.41
227 14 878 442 61 25 -1 -1 -1 -1 label : spot-1 0.16
228 3 1077 483 192 73 -1 -1 -1 -1 label : spot-1 0.27
228 14 881 441 60 25 -1 -1 -1 -1 label : spot-1 0.13
228 23 784 420 51 21 -1 -1 -1 -1 label : spot-1 0.12
229 3 1085 484 192 72 -1 -1 -1 -1 label : spot-1 0.26
229 14 882 441 60 25 -1 -1 -1 -1 label : spot-1 0.14
229 23 785 419 51 21 -1 -1 -1 -1 label : spot-1 0.12
230 3 1090 482 188 77 -1 -1 -1 -1 label : spot-2 0.22
230 14 885 439 61 25 -1 -1 -1 -1 label : spot-1 0.20
230 23 785 418 52 22 -1 -1 -1 -1 label : spot-1 0.12
231 3 1090 482 189 77 -1 -1 -1 -1 label : spot-2 0.21
231 14 887 439 59 24 -1 -1 -1 -1 label : spot-1 0.20
231 23 785 417 53 22 -1 -1 -1 -1 label : spot-1 0.12
232 3 1096 482 183 80 -1 -1 -1 -1 label : spot-2 0.21
232 14 899 436 48 27 -1 -1 -1 -1 label : spot-1 0.16
232 23 785 419 56 20 -1 -1 -1 -1 label : spot-1 0.15
233 3 1097 483 182 81 -1 -1 -1 -1 label : spot-2 0.21
233 14 900 436 50 27 -1 -1 -1 -1 label : spot-1 0.16
233 23 786 419 55 20 -1 -1 -1 -1 label : spot-1 0.14
234 3 1098 482 181 79 -1 -1 -1 -1 label : spot-1 0.17
234 14 903 435 49 29 -1 -1 -1 -1 label : spot-1 0.17
234 23 786 420 55 19 -1 -1 -1 -1 label : spot-1 0.16
235 3 1099 482 180 79 -1 -1 -1 -1 label : spot-1 0.17
235 14 903 435 50 29 -1 -1 -1 -1 label : spot-1 0.17
235 23 787 420 54 19 -1 -1 -1 -1 label : spot-1 0.16
236 3 1103 484 176 77 -1 -1 -1 -1 label : spot-1 0.19
236 14 904 435 51 30 -1 -1 -1 -1 label : spot-1 0.17
236 23 787 420 55 20 -1 -1 -1 -1 label : spot-1 0.16
237 3 1105 484 174 77 -1 -1 -1 -1 label : spot-1 0.20
237 14 903 435 53 30 -1 -1 -1 -1 label : spot-1 0.17
237 23 786 420 56 20 -1 -1 -1 -1 label : spot-1 0.16
238 3 1111 485 168 73 -1 -1 -1 -1 label : spot-1 0.39
238 14 911 435 47 30 -1 -1 -1 -1 label : spot-1 0.17
238 23 786 420 59 20 -1 -1 -1 -1 label : spot-1 0.17
239 3 1112 485 167 71 -1 -1 -1 -1 label : spot-1 0.38
239 14 912 435 48 31 -1 -1 -1 -1 label : spot-1 0.17
239 23 786 420 60 20 -1 -1 -1 -1 label : spot-1 0.17
240 3 1114 483 165 67 -1 -1 -1 -1 label : spot-1 0.41
240 14 914 437 50 30 -1 -1 -1 -1 label : spot-1 0.21
240 23 788 420 59 21 -1 -1 -1 -1 label : spot-1 0.17
241 3 1116 483 163 65 -1 -1 -1 -1 label : spot-1 0.40
241 14 916 438 49 29 -1 -1 -1 -1 label : spot-1 0.21
241 23 788 421 59 20 -1 -1 -1 -1 label : spot-1 0.17
242 3 1126 486 151 65 -1 -1 -1 -1 label : spot-1 0.37
242 14 917 440 51 29 -1 -1 -1 -1 label : spot-1 0.27
242 23 787 421 62 21 -1 -1 -1 -1 label : spot-1 0.19
243 3 1127 487 152 65 -1 -1 -1 -1 label : spot-1 0.37
243 14 918 440 51 29 -1 -1 -1 -1 label : spot-1 0.28
243 23 788 421 62 21 -1 -1 -1 -1 label : spot-1 0.19
244 3 1136 486 140 70 -1 -1 -1 -1 label : spot-1 0.35
244 14 920 441 52 29 -1 -1 -1 -1 label : spot-1 0.32
244 23 788 422 63 21 -1 -1 -1 -1 label : spot-1 0.17
245 3 1135 486 144 72 -1 -1 -1 -1 label : spot-1 0.35
245 14 921 441 52 29 -1 -1 -1 -1 label : spot-1 0.31
245 23 789 422 62 21 -1 -1 -1 -1 label : spot-1 0.18
246 3 1127 485 152 69 -1 -1 -1 -1 label : spot-1 0.37
246 14 927 441 51 30 -1 -1 -1 -1 label : spot-1 0.30
246 23 792 422 63 22 -1 -1 -1 -1 label : spot-1 0.21
247 3 1129 485 150 67 -1 -1 -1 -1 label : spot-1 0.39
247 14 930 441 50 30 -1 -1 -1 -1 label : spot-1 0.30
247 23 792 422 64 22 -1 -1 -1 -1 label : spot-1 0.22
248 3 1118 485 161 67 -1 -1 -1 -1 label : spot-1 0.35
248 14 935 441 50 32 -1 -1 -1 -1 label : spot-1 0.34
248 23 792 422 68 22 -1 -1 -1 -1 label : spot-1 0.20
249 3 1118 485 161 66 -1 -1 -1 -1 label : spot-1 0.35
249 14 936 440 51 33 -1 -1 -1 -1 label : spot-1 0.35
249 23 792 422 68 22 -1 -1 -1 -1 label : spot-1 0.21
250 3 1144 486 130 67 -1 -1 -1 -1 label : spot-1 0.44
250 14 939 439 53 34 -1 -1 -1 -1 label : spot-1 0.38
250 23 794 422 67 22 -1 -1 -1 -1 label : spot-1 0.22
251 3 1147 486 131 68 -1 -1 -1 -1 label : spot-1 0.44
251 14 940 439 54 33 -1 -1 -1 -1 label : spot-1 0.39
251 23 795 421 66 23 -1 -1 -1 -1 label : spot-1 0.21
252 3 1143 488 136 63 -1 -1 -1 -1 label : spot-1 0.43
252 14 940 441 58 32 -1 -1 -1 -1 label : spot-1 0.36
252 23 794 421 69 22 -1 -1 -1 -1 label : spot-1 0.18
253 3 1145 488 134 62 -1 -1 -1 -1 label : spot-1 0.42
253 14 941 441 57 32 -1 -1 -1 -1 label : spot-1 0.36
253 23 795 421 68 22 -1 -1 -1 -1 label : spot-1 0.18
254 3 1147 486 132 64 -1 -1 -1 -1 label : spot-1 0.49
254 14 944 439 58 33 -1 -1 -1 -1 label : spot-1 0.43
254 23 797 420 67 23 -1 -1 -1 -1 label : spot-1 0.24
255 3 1147 486 132 63 -1 -1 -1 -1 label : spot-1 0.49
255 14 945 439 58 33 -1 -1 -1 -1 label : spot-1 0.43
255 23 798 420 67 23 -1 -1 -1 -1 label : spot-1 0.24
256 3 1150 486 129 65 -1 -1 -1 -1 label : spot-1 0.48
256 14 952 438 57 34 -1 -1 -1 -1 label : spot-1 0.41
256 23 801 420 68 23 -1 -1 -1 -1 label : spot-1 0.29
257 3 1150 486 129 66 -1 -1 -1 -1 label : spot-1 0.48
257 14 954 438 58 34 -1 -1 -1 -1 label : spot-1 0.41
257 23 802 420 69 22 -1 -1 -1 -1 label : spot-1 0.29
258 3 1174 487 101 65 -1 -1 -1 -1 label : spot-1 0.55
258 14 954 438 61 35 -1 -1 -1 -1 label : spot-1 0.38
258 23 802 419 72 23 -1 -1 -1 -1 label : spot-1 0.25
259 3 1179 488 100 64 -1 -1 -1 -1 label : spot-1 0.55
259 14 954 438 62 35 -1 -1 -1 -1 label : spot-1 0.39
259 23 802 419 72 23 -1 -1 -1 -1 label : spot-1 0.25
260 3 1196 488 81 64 -1 -1 -1 -1 label : spot-1 0.53
260 14 955 438 64 36 -1 -1 -1 -1 label : spot-1 0.36
260 23 801 418 75 23 -1 -1 -1 -1 label : spot-1 0.25
261 3 1199 489 80 64 -1 -1 -1 -1 label : spot-1 0.52
261 14 955 438 65 37 -1 -1 -1 -1 label : spot-1 0.36
261 23 802 418 74 23 -1 -1 -1 -1 label : spot-1 0.26
262 3 1211 489 67 62 -1 -1 -1 -1 label : spot-1 0.54
262 14 961 438 68 39 -1 -1 -1 -1 label : spot-1 0.34
262 23 804 418 74 24 -1 -1 -1 -1 label : spot-1 0.28
263 3 1212 489 67 62 -1 -1 -1 -1 label : spot-1 0.54
263 14 963 438 69 39 -1 -1 -1 -1 label : spot-1 0.34
263 23 804 418 76 24 -1 -1 -1 -1 label : spot-1 0.30
264 3 1221 491 57 66 -1 -1 -1 -1 label : spot-1 0.50
264 14 965 440 73 38 -1 -1 -1 -1 label : spot-1 0.29
264 23 804 418 80 24 -1 -1 -1 -1 label : spot-1 0.17
265 3 1222 492 57 68 -1 -1 -1 -1 label : spot-1 0.50
265 14 967 440 71 38 -1 -1 -1 -1 label : spot-1 0.28
265 23 805 418 79 24 -1 -1 -1 -1 label : spot-1 0.17
266 3 1223 493 56 68 -1 -1 -1 -1 label : spot-1 0.47
266 14 966 442 77 37 -1 -1 -1 -1 label : spot-1 0.28
266 23 806 419 79 23 -1 -1 -1 -1 label : spot-1 0.13
267 3 1224 494 55 68 -1 -1 -1 -1 label : spot-1 0.47
267 14 967 442 77 38 -1 -1 -1 -1 label : spot-1 0.28
267 23 807 419 78 23 -1 -1 -1 -1 label : spot-1 0.14
268 3 1228 495 51 67 -1 -1 -1 -1 label : spot-1 0.55
268 14 972 443 77 38 -1 -1 -1 -1 label : spot-1 0.32
269 14 974 444 77 38 -1 -1 -1 -1 label : spot-1 0.56
269 23 807 420 82 23 -1 -1 -1 -1 label : spot-1 0.32
270 14 978 448 80 37 -1 -1 -1 -1 label : spot-1 0.51
270 23 808 421 84 24 -1 -1 -1 -1 label : spot-1 0.22
271 14 979 449 80 37 -1 -1 -1 -1 label : spot-1 0.51
271 23 809 421 84 24 -1 -1 -1 -1 label : spot-1 0.22
272 14 980 451 85 36 -1 -1 -1 -1 label : spot-1 0.56
272 23 810 422 86 24 -1 -1 -1 -1 label : spot-2 0.22
273 14 982 451 84 37 -1 -1 -1 -1 label : spot-1 0.57
273 23 810 422 87 25 -1 -1 -1 -1 label : spot-2 0.22
274 14 980 453 97 35 -1 -1 -1 -1 label : spot-1 0.58
274 23 811 422 88 25 -1 -1 -1 -1 label : spot-2 0.14
274 25 812 423 88 24 -1 -1 -1 -1 label : spot-1 0.12
275 14 983 453 94 35 -1 -1 -1 -1 label : spot-1 0.58
275 23 812 422 88 26 -1 -1 -1 -1 label : spot-2 0.14
275 25 814 424 87 24 -1 -1 -1 -1 label : spot-1 0.12
276 14 983 454 99 35 -1 -1 -1 -1 label : spot-1 0.54
276 23 811 424 91 24 -1 -1 -1 -1 label : spot-1 0.14
277 14 984 455 99 35 -1 -1 -1 -1 label : spot-1 0.54
277 23 812 424 89 25 -1 -1 -1 -1 label : spot-1 0.14
278 14 996 454 92 37 -1 -1 -1 -1 label : spot-1 0.54
278 23 812 424 91 25 -1 -1 -1 -1 label : spot-2 0.12
279 14 999 454 93 38 -1 -1 -1 -1 label : spot-1 0.53
279 23 814 425 92 25 -1 -1 -1 -1 label : spot-2 0.12
280 14 1000 456 99 37 -1 -1 -1 -1 label : spot-1 0.58
281 14 1002 457 99 37 -1 -1 -1 -1 label : spot-1 0.58
282 14 1005 456 103 38 -1 -1 -1 -1 label : spot-1 0.63
282 23 817 425 95 26 -1 -1 -1 -1 label : spot-2 0.19
283 14 1006 456 104 38 -1 -1 -1 -1 label : spot-1 0.63
283 23 818 425 95 26 -1 -1 -1 -1 label : spot-2 0.18
284 14 1009 456 110 39 -1 -1 -1 -1 label : spot-1 0.62
284 23 818 424 99 27 -1 -1 -1 -1 label : spot-2 0.20
285 14 1010 457 110 39 -1 -1 -1 -1 label : spot-1 0.63
285 23 819 424 100 27 -1 -1 -1 -1 label : spot-2 0.20
286 14 1014 455 110 40 -1 -1 -1 -1 label : spot-1 0.55
286 23 819 423 102 27 -1 -1 -1 -1 label : spot-2 0.20
287 14 1015 454 111 41 -1 -1 -1 -1 label : spot-1 0.55
287 23 819 423 102 27 -1 -1 -1 -1 label : spot-2 0.20
288 14 1018 454 115 42 -1 -1 -1 -1 label : spot-1 0.61
288 23 819 422 103 28 -1 -1 -1 -1 label : spot-2 0.23
289 14 1019 454 116 43 -1 -1 -1 -1 label : spot-1 0.60
289 23 819 422 104 28 -1 -1 -1 -1 label : spot-2 0.22
290 14 1018 455 126 42 -1 -1 -1 -1 label : spot-1 0.60
290 23 818 421 107 29 -1 -1 -1 -1 label : spot-2 0.24
291 14 1019 455 126 43 -1 -1 -1 -1 label : spot-1 0.60
291 23 818 421 107 29 -1 -1 -1 -1 label : spot-2 0.24
292 14 1024 455 126 43 -1 -1 -1 -1 label : spot-1 0.58
292 23 818 421 109 29 -1 -1 -1 -1 label : spot-2 0.20
293 14 1025 455 127 44 -1 -1 -1 -1 label : spot-1 0.58
293 23 818 421 109 29 -1 -1 -1 -1 label : spot-2 0.21
294 14 1022 457 136 42 -1 -1 -1 -1 label : spot-1 0.51
294 23 817 422 110 30 -1 -1 -1 -1 label : spot-2 0.14
295 14 1024 458 134 42 -1 -1 -1 -1 label : spot-1 0.51
295 23 818 422 110 30 -1 -1 -1 -1 label : spot-2 0.15
296 14 1033 457 126 42 -1 -1 -1 -1 label : spot-1 0.44
296 23 816 422 114 30 -1 -1 -1 -1 label : spot-2 0.18
297 14 1033 457 130 42 -1 -1 -1 -1 label : spot-1 0.44
297 23 816 422 113 30 -1 -1 -1 -1 label : spot-2 0.18
298 14 1041 457 103 40 -1 -1 -1 -1 label : spot-1 0.44
298 23 815 422 115 30 -1 -1 -1 -1 label : spot-2 0.22
299 14 1039 457 102 40 -1 -1 -1 -1 label : spot-1 0.44
299 23 815 422 116 30 -1 -1 -1 -1 label : spot-2 0.22
300 14 1041 459 90 37 -1 -1 -1 -1 label : spot-1 0.42
300 23 816 423 117 31 -1 -1 -1 -1 label : spot-2 0.18
301 14 1041 460 87 36 -1 -1 -1 -1 label : spot-1 0.42
301 23 816 423 118 31 -1 -1 -1 -1 label : spot-2 0.18
302 14 1043 462 79 31 -1 -1 -1 -1 label : spot-1 0.41
302 23 815 423 121 32 -1 -1 -1 -1 label : spot-2 0.29
303 14 1045 463 74 29 -1 -1 -1 -1 label : spot-1 0.41
303 23 815 423 122 32 -1 -1 -1 -1 label : spot-2 0.29
304 14 1050 459 69 30 -1 -1 -1 -1 label : spot-1 0.25
304 23 816 425 123 30 -1 -1 -1 -1 label : spot-2 0.13
305 14 1051 457 70 31 -1 -1 -1 -1 label : spot-1 0.25
305 23 818 425 121 31 -1 -1 -1 -1 label : spot-2 0.13
306 14 1053 455 65 30 -1 -1 -1 -1 label : spot-1 0.18
306 23 817 424 124 30 -1 -1 -1 -1 label : spot-2 0.16
307 14 1054 455 64 29 -1 -1 -1 -1 label : spot-1 0.18
307 23 818 424 123 30 -1 -1 -1 -1 label : spot-2 0.16
308 14 1056 454 61 29 -1 -1 -1 -1 label : spot-1 0.18
309 23 816 423 125 31 -1 -1 -1 -1 label : spot-2 0.18
310 23 824 425 119 31 -1 -1 -1 -1 label : spot-2 0.17
311 23 825 425 120 31 -1 -1 -1 -1 label : spot-2 0.20
312 23 823 425 126 32 -1 -1 -1 -1 label : spot-2 0.26
313 23 824 425 126 32 -1 -1 -1 -1 label : spot-2 0.26
314 23 824 426 128 31 -1 -1 -1 -1 label : spot-2 0.22
315 23 825 426 126 31 -1 -1 -1 -1 label : spot-2 0.22
316 23 828 427 124 31 -1 -1 -1 -1 label : spot-2 0.23
317 23 828 428 125 30 -1 -1 -1 -1 label : spot-2 0.23
318 23 831 428 127 33 -1 -1 -1 -1 label : spot-2 0.27
319 23 831 429 130 32 -1 -1 -1 -1 label : spot-2 0.27
320 23 831 431 134 31 -1 -1 -1 -1 label : spot-2 0.26
321 23 833 431 132 32 -1 -1 -1 -1 label : spot-2 0.33
322 23 832 431 137 33 -1 -1 -1 -1 label : spot-2 0.28
323 23 832 432 138 33 -1 -1 -1 -1 label : spot-2 0.28
324 23 830 431 139 34 -1 -1 -1 -1 label : spot-2 0.31
325 23 828 431 141 34 -1 -1 -1 -1 label : spot-2 0.31
326 23 830 431 145 34 -1 -1 -1 -1 label : spot-2 0.21
327 14 825 427 64 19 -1 -1 -1 -1 label : spot-1 0.20
327 23 832 432 144 33 -1 -1 -1 -1 label : spot-2 0.10
328 14 814 425 63 19 -1 -1 -1 -1 label : spot-1 0.33
329 23 832 431 153 36 -1 -1 -1 -1 label : spot-2 0.33
330 14 820 426 62 20 -1 -1 -1 -1 label : spot-1 0.21
330 23 833 431 152 35 -1 -1 -1 -1 label : spot-2 0.16
331 14 819 426 63 20 -1 -1 -1 -1 label : spot-1 0.21
331 23 833 431 151 35 -1 -1 -1 -1 label : spot-2 0.16
332 14 813 425 62 20 -1 -1 -1 -1 label : spot-1 0.24
332 23 836 431 148 36 -1 -1 -1 -1 label : spot-2 0.13
333 23 835 431 150 36 -1 -1 -1 -1 label : spot-2 0.24
333 28 897 416 10 27 -1 -1 -1 -1 label : fireHydrant 0.13
334 23 836 431 150 36 -1 -1 -1 -1 label : spot-2 0.17
334 28 899 414 11 27 -1 -1 -1 -1 label : fireHydrant 0.15
335 23 836 431 150 35 -1 -1 -1 -1 label : spot-2 0.18
335 28 900 414 11 27 -1 -1 -1 -1 label : fireHydrant 0.16
336 23 836 430 147 36 -1 -1 -1 -1 label : spot-2 0.22
336 28 901 414 11 27 -1 -1 -1 -1 label : fireHydrant 0.17
336 29 829 430 147 35 -1 -1 -1 -1 label : invalidSpot-fireHydrant 0.13
337 23 835 430 147 36 -1 -1 -1 -1 label : spot-2 0.24
337 28 901 414 11 27 -1 -1 -1 -1 label : fireHydrant 0.17
337 29 829 430 147 35 -1 -1 -1 -1 label : invalidSpot-fireHydrant 0.13
338 23 835 430 148 36 -1 -1 -1 -1 label : spot-2 0.35
338 28 902 414 11 27 -1 -1 -1 -1 label : fireHydrant 0.20
339 28 903 413 11 27 -1 -1 -1 -1 label : fireHydrant 0.34
339 29 837 430 138 34 -1 -1 -1 -1 label : invalidSpot-fireHydrant 0.20
340 23 832 429 148 39 -1 -1 -1 -1 label : spot-1 0.17
340 28 904 413 11 27 -1 -1 -1 -1 label : fireHydrant 0.14
341 23 831 429 150 39 -1 -1 -1 -1 label : spot-1 0.17
341 29 834 429 145 35 -1 -1 -1 -1 label : spot-2 0.14
342 23 831 428 146 40 -1 -1 -1 -1 label : spot-1 0.15
343 23 831 428 145 40 -1 -1 -1 -1 label : spot-1 0.16
344 23 831 427 142 40 -1 -1 -1 -1 label : spot-1 0.16
345 23 831 427 142 40 -1 -1 -1 -1 label : spot-1 0.16
346 23 832 427 139 40 -1 -1 -1 -1 label : spot-1 0.14
346 28 909 412 12 27 -1 -1 -1 -1 label : fireHydrant 0.12
346 29 834 428 133 34 -1 -1 -1 -1 label : invalidSpot-fireHydrant 0.11
347 23 833 427 138 40 -1 -1 -1 -1 label : spot-1 0.14
347 28 910 412 12 27 -1 -1 -1 -1 label : fireHydrant 0.12
347 29 834 427 132 34 -1 -1 -1 -1 label : invalidSpot-fireHydrant 0.11
348 23 834 427 134 36 -1 -1 -1 -1 label : spot-1 0.33
349 23 837 427 128 34 -1 -1 -1 -1 label : spot-1 0.32
350 23 836 425 126 34 -1 -1 -1 -1 label : spot-1 0.20
351 23 836 425 125 33 -1 -1 -1 -1 label : spot-1 0.20
352 23 837 424 123 31 -1 -1 -1 -1 label : spot-1 0.17
353 23 838 423 120 31 -1 -1 -1 -1 label : spot-1 0.16
354 23 837 423 119 29 -1 -1 -1 -1 label : spot-1 0.16
355 23 837 423 118 29 -1 -1 -1 -1 label : spot-1 0.17
356 23 843 423 108 29 -1 -1 -1 -1 label : spot-1 0.24
357 23 844 423 108 29 -1 -1 -1 -1 label : spot-1 0.24
358 23 843 423 106 28 -1 -1 -1 -1 label : spot-1 0.26
359 23 843 422 105 28 -1 -1 -1 -1 label : spot-1 0.29
360 23 849 423 95 27 -1 -1 -1 -1 label : spot-1 0.30
361 23 849 423 95 27 -1 -1 -1 -1 label : spot-1 0.31
362 23 850 424 91 25 -1 -1 -1 -1 label : spot-1 0.22
362 28 893 408 8 21 -1 -1 -1 -1 label : fireHydrant 0.20
363 23 851 424 88 25 -1 -1 -1 -1 label : spot-1 0.22
363 28 892 407 8 21 -1 -1 -1 -1 label : fireHydrant 0.20
364 23 854 425 82 24 -1 -1 -1 -1 label : spot-1 0.25
364 28 893 407 8 21 -1 -1 -1 -1 label : fireHydrant 0.22
365 23 855 425 81 24 -1 -1 -1 -1 label : spot-1 0.25
365 28 893 407 8 21 -1 -1 -1 -1 label : fireHydrant 0.21
366 23 855 426 80 23 -1 -1 -1 -1 label : spot-1 0.24
366 28 894 408 8 21 -1 -1 -1 -1 label : fireHydrant 0.23
367 23 856 426 79 23 -1 -1 -1 -1 label : spot-1 0.24
367 28 895 408 8 21 -1 -1 -1 -1 label : fireHydrant 0.23
368 23 856 427 79 23 -1 -1 -1 -1 label : spot-1 0.28
369 23 856 427 80 23 -1 -1 -1 -1 label : spot-1 0.28
370 23 857 427 78 23 -1 -1 -1 -1 label : spot-1 0.29
371 23 857 427 77 23 -1 -1 -1 -1 label : spot-1 0.29
372 23 857 428 76 22 -1 -1 -1 -1 label : spot-1 0.23
373 23 858 428 74 22 -1 -1 -1 -1 label : spot-1 0.23
374 23 860 430 71 21 -1 -1 -1 -1 label : spot-1 0.16
375 23 861 430 69 21 -1 -1 -1 -1 label : spot-1 0.16
376 23 862 431 63 20 -1 -1 -1 -1 label : spot-1 0.10
378 23 862 431 63 20 -1 -1 -1 -1 label : spot-1 0.12
379 23 862 431 63 21 -1 -1 -1 -1 label : spot-1 0.11
404 30 1204 477 75 67 -1 -1 -1 -1 label : spot-1 0.21
405 30 1204 476 75 68 -1 -1 -1 -1 label : spot-1 0.21
406 30 1196 478 83 66 -1 -1 -1 -1 label : spot-1 0.19
407 30 1195 478 84 66 -1 -1 -1 -1 label : spot-1 0.19
408 30 1195 478 83 70 -1 -1 -1 -1 label : spot-1 0.20
409 30 1195 478 84 72 -1 -1 -1 -1 label : spot-1 0.21
410 30 1188 478 91 76 -1 -1 -1 -1 label : spot-1 0.22
411 30 1186 478 93 77 -1 -1 -1 -1 label : spot-1 0.22
412 30 1182 478 97 79 -1 -1 -1 -1 label : spot-1 0.27
413 30 1181 478 98 80 -1 -1 -1 -1 label : spot-1 0.27
414 30 1178 477 101 81 -1 -1 -1 -1 label : spot-1 0.33
415 30 1178 476 101 82 -1 -1 -1 -1 label : spot-1 0.34
416 30 1172 479 107 80 -1 -1 -1 -1 label : spot-1 0.37
417 30 1172 480 107 80 -1 -1 -1 -1 label : spot-1 0.37
418 30 1169 480 110 77 -1 -1 -1 -1 label : spot-1 0.40
419 30 1170 480 109 76 -1 -1 -1 -1 label : spot-1 0.40
420 30 1168 480 111 75 -1 -1 -1 -1 label : spot-1 0.44
421 30 1169 481 110 74 -1 -1 -1 -1 label : spot-1 0.44
422 30 1166 483 113 72 -1 -1 -1 -1 label : spot-1 0.39
423 30 1166 483 113 73 -1 -1 -1 -1 label : spot-1 0.39
424 30 1160 485 119 75 -1 -1 -1 -1 label : spot-1 0.38
425 30 1158 486 121 76 -1 -1 -1 -1 label : spot-1 0.38
426 30 1155 487 124 76 -1 -1 -1 -1 label : spot-1 0.40
427 30 1155 488 124 75 -1 -1 -1 -1 label : spot-1 0.40
428 30 1157 488 120 82 -1 -1 -1 -1 label : spot-1 0.40
429 30 1156 489 122 84 -1 -1 -1 -1 label : spot-1 0.40
430 30 1149 489 130 83 -1 -1 -1 -1 label : spot-1 0.38
431 30 1149 489 130 82 -1 -1 -1 -1 label : spot-1 0.38
432 30 1147 489 132 80 -1 -1 -1 -1 label : spot-1 0.35
433 30 1148 490 131 77 -1 -1 -1 -1 label : spot-1 0.35
434 30 1142 490 137 73 -1 -1 -1 -1 label : spot-1 0.36
435 30 1143 490 136 71 -1 -1 -1 -1 label : spot-1 0.36
436 30 1142 487 137 73 -1 -1 -1 -1 label : spot-1 0.28
437 30 1141 486 138 74 -1 -1 -1 -1 label : spot-1 0.28
438 30 1131 482 148 65 -1 -1 -1 -1 label : spot-1 0.45
439 30 1135 481 144 62 -1 -1 -1 -1 label : spot-1 0.45
440 30 1134 481 145 59 -1 -1 -1 -1 label : spot-1 0.53
441 30 1135 480 144 59 -1 -1 -1 -1 label : spot-1 0.53
442 30 1133 480 145 60 -1 -1 -1 -1 label : spot-1 0.46
443 30 1132 479 146 61 -1 -1 -1 -1 label : spot-1 0.46
444 30 1129 479 150 60 -1 -1 -1 -1 label : spot-1 0.52
445 30 1130 478 149 60 -1 -1 -1 -1 label : spot-1 0.52
446 30 1130 479 147 61 -1 -1 -1 -1 label : spot-1 0.49
447 30 1129 479 149 62 -1 -1 -1 -1 label : spot-1 0.49
448 30 1125 481 154 60 -1 -1 -1 -1 label : spot-1 0.45
449 30 1125 481 154 60 -1 -1 -1 -1 label : spot-1 0.44
450 30 1126 483 153 61 -1 -1 -1 -1 label : spot-1 0.49
451 30 1126 484 153 61 -1 -1 -1 -1 label : spot-1 0.49
452 30 1123 488 156 59 -1 -1 -1 -1 label : spot-1 0.48
453 30 1123 489 156 59 -1 -1 -1 -1 label : spot-1 0.48
454 30 1123 491 155 61 -1 -1 -1 -1 label : spot-1 0.46
455 30 1122 492 157 62 -1 -1 -1 -1 label : spot-1 0.46
456 30 1121 492 157 67 -1 -1 -1 -1 label : spot-1 0.45
457 30 1120 493 159 67 -1 -1 -1 -1 label : spot-1 0.45
458 30 1116 491 163 69 -1 -1 -1 -1 label : spot-1 0.50
459 30 1115 491 164 69 -1 -1 -1 -1 label : spot-1 0.50
460 30 1113 489 166 70 -1 -1 -1 -1 label : spot-1 0.49
461 30 1112 488 167 70 -1 -1 -1 -1 label : spot-1 0.49
462 30 1110 487 169 69 -1 -1 -1 -1 label : spot-1 0.51
463 30 1111 487 168 68 -1 -1 -1 -1 label : spot-1 0.52
464 30 1113 486 166 69 -1 -1 -1 -1 label : spot-1 0.48
465 30 1112 486 167 70 -1 -1 -1 -1 label : spot-1 0.48
466 30 1114 484 164 72 -1 -1 -1 -1 label : spot-1 0.44
467 30 1113 484 166 72 -1 -1 -1 -1 label : spot-1 0.44
468 30 1114 483 165 73 -1 -1 -1 -1 label : spot-1 0.37
469 30 1114 482 165 74 -1 -1 -1 -1 label : spot-1 0.37
470 30 1108 479 171 74 -1 -1 -1 -1 label : spot-1 0.42
471 30 1108 479 171 73 -1 -1 -1 -1 label : spot-1 0.42
472 30 1107 478 172 76 -1 -1 -1 -1 label : spot-1 0.39
473 30 1106 478 173 76 -1 -1 -1 -1 label : spot-1 0.39
474 30 1104 479 175 73 -1 -1 -1 -1 label : spot-1 0.40
474 39 289 450 233 56 -1 -1 -1 -1 label : invalidspot-coloredCurb 0.29
475 30 1105 479 174 72 -1 -1 -1 -1 label : spot-1 0.40
475 39 284 451 237 57 -1 -1 -1 -1 label : invalidspot-coloredCurb 0.30
476 30 1106 480 173 72 -1 -1 -1 -1 label : spot-1 0.32
476 39 267 454 262 57 -1 -1 -1 -1 label : invalidspot-coloredCurb 0.28
476 40 271 453 145 71 -1 -1 -1 -1 label : invalidspot-coloredCurb 0.21
477 30 1106 480 173 72 -1 -1 -1 -1 label : spot-1 0.32
477 39 260 455 268 58 -1 -1 -1 -1 label : invalidspot-coloredCurb 0.27
477 40 266 454 168 66 -1 -1 -1 -1 label : invalidspot-coloredCurb 0.11
478 30 1107 480 171 75 -1 -1 -1 -1 label : spot-1 0.33
478 40 250 456 193 65 -1 -1 -1 -1 label : invalidspot-coloredCurb 0.24
478 41 332 345 23 78 -1 -1 -1 -1 label : fireHydrant 0.16
479 30 1106 480 173 76 -1 -1 -1 -1 label : spot-1 0.33
479 40 248 456 194 65 -1 -1 -1 -1 label : invalidspot-coloredCurb 0.24
479 41 330 345 23 78 -1 -1 -1 -1 label : fireHydrant 0.16
480 30 1103 480 176 71 -1 -1 -1 -1 label : spot-1 0.38
480 40 225 459 258 67 -1 -1 -1 -1 label : invalidspot-coloredCurb 0.37
480 41 329 345 23 78 -1 -1 -1 -1 label : fireHydrant 0.26
481 30 1105 480 174 69 -1 -1 -1 -1 label : spot-1 0.37
481 40 227 460 262 67 -1 -1 -1 -1 label : invalidspot-coloredCurb 0.37
482 30 1109 479 166 76 -1 -1 -1 -1 label : spot-1 0.45
482 40 210 461 291 69 -1 -1 -1 -1 label : invalidspot-coloredCurb 0.42
482 43 211 459 154 82 -1 -1 -1 -1 label : invalidspot-coloredCurb 0.20
483 30 1106 479 171 78 -1 -1 -1 -1 label : spot-1 0.45
483 40 207 461 295 71 -1 -1 -1 -1 label : invalidspot-coloredCurb 0.42
483 43 207 460 154 83 -1 -1 -1 -1 label : invalidspot-coloredCurb 0.21
484 30 1107 478 170 84 -1 -1 -1 -1 label : spot-1 0.45
484 40 187 462 316 75 -1 -1 -1 -1 label : invalidspot-coloredCurb 0.40
484 43 202 460 156 85 -1 -1 -1 -1 label : invalidspot-coloredCurb 0.10
485 30 1106 478 173 85 -1 -1 -1 -1 label : spot-1 0.44
485 40 180 463 320 75 -1 -1 -1 -1 label : invalidspot-coloredCurb 0.41
485 44 1090 409 13 29 -1 -1 -1 -1 label : fireHydrant 0.10
486 30 1106 478 173 88 -1 -1 -1 -1 label : spot-1 0.41
486 40 167 462 314 88 -1 -1 -1 -1 label : invalidspot-coloredCurb 0.36
486 44 1091 409 13 29 -1 -1 -1 -1 label : fireHydrant 0.11
487 30 1105 478 174 90 -1 -1 -1 -1 label : spot-1 0.42
487 40 153 462 330 93 -1 -1 -1 -1 label : invalidspot-coloredCurb 0.37
488 30 1108 478 170 94 -1 -1 -1 -1 label : spot-1 0.51
488 40 119 463 367 100 -1 -1 -1 -1 label : invalidspot-coloredCurb 0.41
488 45 4 424 132 47 -1 -1 -1 -1 label : spot-1 0.10
489 30 1107 478 172 95 -1 -1 -1 -1 label : spot-1 0.51
489 40 109 464 376 102 -1 -1 -1 -1 label : invalidspot-coloredCurb 0.41
489 45 0 423 134 49 -1 -1 -1 -1 label : spot-1 0.10
490 30 1105 479 174 93 -1 -1 -1 -1 label : spot-1 0.45
490 40 72 466 428 109 -1 -1 -1 -1 label : invalidspot-coloredCurb 0.40
490 44 1107 411 14 38 -1 -1 -1 -1 label : fireHydrant 0.15
491 30 1107 479 172 93 -1 -1 -1 -1 label : spot-1 0.46
491 40 63 467 439 111 -1 -1 -1 -1 label : invalidspot-coloredCurb 0.40
491 44 1108 411 14 39 -1 -1 -1 -1 label : fireHydrant 0.14
492 30 1105 483 174 84 -1 -1 -1 -1 label : spot-1 0.57
492 40 27 469 477 123 -1 -1 -1 -1 label : invalidspot-coloredCurb 0.31
492 44 1113 413 14 39 -1 -1 -1 -1 label : fireHydrant 0.11
493 30 1110 484 169 81 -1 -1 -1 -1 label : spot-1 0.58
493 40 12 470 495 127 -1 -1 -1 -1 label : invalidspot-coloredCurb 0.30
493 44 1114 413 14 40 -1 -1 -1 -1 label : fireHydrant 0.11
494 30 1116 482 163 81 -1 -1 -1 -1 label : spot-1 0.56
494 40 4 473 494 134 -1 -1 -1 -1 label : invalidspot-coloredCurb 0.37
494 44 1117 414 14 41 -1 -1 -1 -1 label : fireHydrant 0.28
495 30 1117 483 162 80 -1 -1 -1 -1 label : spot-1 0.56
495 40 0 474 501 136 -1 -1 -1 -1 label : invalidspot-coloredCurb 0.37
495 47 303 369 17 42 -1 -1 -1 -1 label : fireHydrant 0.29
496 30 1118 483 160 85 -1 -1 -1 -1 label : spot-1 0.55
496 40 0 475 481 138 -1 -1 -1 -1 label : invalidspot-coloredCurb 0.54
496 44 1126 414 15 44 -1 -1 -1 -1 label : fireHydrant 0.36
496 47 299 366 19 44 -1 -1 -1 -1 label : fireHydrant 0.23
497 30 1116 483 163 87 -1 -1 -1 -1 label : spot-1 0.54
497 40 0 476 478 139 -1 -1 -1 -1 label : invalidspot-coloredCurb 0.54
497 44 1127 414 15 44 -1 -1 -1 -1 label : fireHydrant 0.36
497 47 298 366 19 44 -1 -1 -1 -1 label : fireHydrant 0.22
498 30 1113 485 166 80 -1 -1 -1 -1 label : spot-1 0.51
498 40 6 472 416 142 -1 -1 -1 -1 label : invalidspot-coloredCurb 0.48
498 44 1132 413 16 46 -1 -1 -1 -1 label : fireHydrant 0.34
498 47 296 363 20 46 -1 -1 -1 -1 label : fireHydrant 0.29
499 30 1116 485 163 78 -1 -1 -1 -1 label : spot-1 0.52
499 40 0 471 416 143 -1 -1 -1 -1 label : invalidspot-coloredCurb 0.51
499 44 1133 412 17 47 -1 -1 -1 -1 label : fireHydrant 0.34
499 47 295 362 20 47 -1 -1 -1 -1 label : fireHydrant 0.28
500 30 1116 486 163 77 -1 -1 -1 -1 label : spot-1 0.60
500 40 0 474 423 136 -1 -1 -1 -1 label : invalidspot-coloredCurb 0.54
500 44 1136 412 18 48 -1 -1 -1 -1 label : fireHydrant 0.27
501 30 1116 486 163 77 -1 -1 -1 -1 label : spot-1 0.60
501 40 0 475 419 133 -1 -1 -1 -1 label : invalidspot-coloredCurb 0.54
501 47 289 363 21 46 -1 -1 -1 -1 label : fireHydrant 0.27
502 30 1117 485 162 75 -1 -1 -1 -1 label : spot-1 0.59
502 40 0 472 415 134 -1 -1 -1 -1 label : invalidspot-coloredCurb 0.43
502 47 286 361 20 48 -1 -1 -1 -1 label : fireHydrant 0.32
503 30 1118 485 161 74 -1 -1 -1 -1 label : spot-1 0.59
503 40 0 470 415 136 -1 -1 -1 -1 label : invalidspot-coloredCurb 0.44
503 47 284 360 21 49 -1 -1 -1 -1 label : fireHydrant 0.32
504 30 1117 483 162 65 -1 -1 -1 -1 label : invalidspot-coloredCurb 0.60
504 40 0 473 457 134 -1 -1 -1 -1 label : invalidspot-coloredCurb 0.50
504 47 281 360 21 49 -1 -1 -1 -1 label : fireHydrant 0.13
505 30 1121 481 158 63 -1 -1 -1 -1 label : invalidspot-coloredCurb 0.61
505 40 0 474 462 133 -1 -1 -1 -1 label : invalidspot-coloredCurb 0.50
505 47 280 361 21 48 -1 -1 -1 -1 label : fireHydrant 0.14
506 30 1124 483 150 74 -1 -1 -1 -1 label : spot-1 0.49
506 40 0 475 455 133 -1 -1 -1 -1 label : invalidspot-coloredCurb 0.47
506 47 276 360 21 48 -1 -1 -1 -1 label : fireHydrant 0.17
507 30 1120 484 156 79 -1 -1 -1 -1 label : spot-1 0.50
507 40 0 475 456 133 -1 -1 -1 -1 label : invalidspot-coloredCurb 0.47
507 47 274 360 21 48 -1 -1 -1 -1 label : fireHydrant 0.14
508 30 1120 484 157 79 -1 -1 -1 -1 label : spot-1 0.48
508 40 0 478 439 127 -1 -1 -1 -1 label : invalidspot-coloredCurb 0.31
508 41 198 406 26 82 -1 -1 -1 -1 label : fireHydrant 0.24
508 47 270 360 22 48 -1 -1 -1 -1 label : fireHydrant 0.23
509 30 1117 483 162 77 -1 -1 -1 -1 label : spot-1 0.48
509 40 0 479 431 125 -1 -1 -1 -1 label : invalidspot-coloredCurb 0.33
509 41 197 407 26 82 -1 -1 -1 -1 label : fireHydrant 0.24
509 47 270 360 21 48 -1 -1 -1 -1 label : fireHydrant 0.22
509 49 1162 412 22 59 -1 -1 -1 -1 label : fireHydrant 0.10
510 30 1119 481 160 76 -1 -1 -1 -1 label : spot-1 0.51
510 40 16 476 336 128 -1 -1 -1 -1 label : invalidspot-coloredCurb 0.34
510 41 192 409 26 83 -1 -1 -1 -1 label : fireHydrant 0.17
510 47 264 358 23 50 -1 -1 -1 -1 label : fireHydrant 0.10
511 30 1120 481 159 75 -1 -1 -1 -1 label : spot-1 0.51
511 40 3 475 338 129 -1 -1 -1 -1 label : invalidspot-coloredCurb 0.32
511 47 262 358 23 50 -1 -1 -1 -1 label : fireHydrant 0.17
511 49 1172 414 19 55 -1 -1 -1 -1 label : fireHydrant 0.10
512 30 1120 480 159 76 -1 -1 -1 -1 label : spot-1 0.44
512 40 1 474 328 130 -1 -1 -1 -1 label : invalidspot-coloredCurb 0.43
512 47 258 357 23 51 -1 -1 -1 -1 label : fireHydrant 0.39
513 40 0 474 328 131 -1 -1 -1 -1 label : invalidspot-coloredCurb 0.44
513 47 257 357 22 51 -1 -1 -1 -1 label : fireHydrant 0.43
513 49 1174 413 24 61 -1 -1 -1 -1 label : fireHydrant 0.42
514 30 1118 479 161 80 -1 -1 -1 -1 label : spot-1 0.48
514 40 0 476 319 123 -1 -1 -1 -1 label : invalidspot-coloredCurb 0.31
515 30 1117 478 162 81 -1 -1 -1 -1 label : spot-1 0.48
515 40 0 477 313 120 -1 -1 -1 -1 label : invalidspot-coloredCurb 0.31
516 30 1112 480 167 85 -1 -1 -1 -1 label : spot-1 0.40
516 40 0 482 304 120 -1 -1 -1 -1 label : invalidspot-coloredCurb 0.34
516 41 132 405 30 96 -1 -1 -1 -1 label : fireHydrant 0.19
517 30 1109 480 170 88 -1 -1 -1 -1 label : spot-1 0.40
517 40 0 484 303 120 -1 -1 -1 -1 label : invalidspot-coloredCurb 0.33
517 41 130 405 30 96 -1 -1 -1 -1 label : fireHydrant 0.18
518 30 1110 478 169 88 -1 -1 -1 -1 label : spot-1 0.44
518 40 2 484 286 124 -1 -1 -1 -1 label : invalidspot-coloredCurb 0.24
518 41 123 406 30 97 -1 -1 -1 -1 label : fireHydrant 0.22
519 30 1110 478 169 87 -1 -1 -1 -1 label : spot-1 0.44
519 40 0 484 288 125 -1 -1 -1 -1 label : invalidspot-coloredCurb 0.25
519 49 1198 412 21 60 -1 -1 -1 -1 label : fireHydrant 0.22
520 30 1110 479 169 89 -1 -1 -1 -1 label : spot-1 0.38
520 40 0 487 285 127 -1 -1 -1 -1 label : invalidspot-coloredCurb 0.35
521 30 1109 480 170 89 -1 -1 -1 -1 label : spot-1 0.39
521 40 0 488 285 128 -1 -1 -1 -1 label : invalidspot-coloredCurb 0.35
522 30 1108 480 171 88 -1 -1 -1 -1 label : spot-1 0.41
522 40 1 491 273 130 -1 -1 -1 -1 label : invalidspot-coloredCurb 0.36
523 30 1108 479 171 87 -1 -1 -1 -1 label : spot-1 0.41
523 40 0 492 273 131 -1 -1 -1 -1 label : invalidspot-coloredCurb 0.36
524 30 1105 479 174 82 -1 -1 -1 -1 label : spot-1 0.38
524 40 4 493 240 133 -1 -1 -1 -1 label : invalidspot-coloredCurb 0.37
525 30 1108 479 171 81 -1 -1 -1 -1 label : spot-1 0.38
525 40 0 493 240 134 -1 -1 -1 -1 label : invalidspot-coloredCurb 0.37
526 30 1106 480 173 81 -1 -1 -1 -1 label : spot-1 0.45
526 40 0 495 227 134 -1 -1 -1 -1 label : invalidspot-coloredCurb 0.40
527 30 1106 480 173 81 -1 -1 -1 -1 label : spot-1 0.45
527 40 0 496 224 135 -1 -1 -1 -1 label : invalidspot-coloredCurb 0.40
528 30 1095 482 184 73 -1 -1 -1 -1 label : spot-1 0.46
528 40 0 501 213 127 -1 -1 -1 -1 label : invalidspot-coloredCurb 0.37
529 30 1098 482 181 71 -1 -1 -1 -1 label : spot-1 0.46
529 40 0 502 209 125 -1 -1 -1 -1 label : invalidspot-coloredCurb 0.37
530 30 1096 484 183 68 -1 -1 -1 -1 label : spot-1 0.44
530 40 3 502 188 132 -1 -1 -1 -1 label : invalidspot-coloredCurb 0.31
531 30 1098 484 180 69 -1 -1 -1 -1 label : spot-1 0.44
531 40 0 501 191 135 -1 -1 -1 -1 label : invalidspot-coloredCurb 0.31
532 30 1102 486 177 60 -1 -1 -1 -1 label : spot-1 0.32
532 40 0 504 180 136 -1 -1 -1 -1 label : invalidspot-coloredCurb 0.28
533 30 1109 486 170 58 -1 -1 -1 -1 label : spot-1 0.32
533 40 0 506 179 136 -1 -1 -1 -1 label : invalidspot-coloredCurb 0.28
534 30 1121 490 152 65 -1 -1 -1 -1 label : spot-1 0.33
534 40 1 507 160 138 -1 -1 -1 -1 label : invalidspot-coloredCurb 0.32
535 30 1119 491 158 68 -1 -1 -1 -1 label : spot-1 0.33
535 40 0 506 157 143 -1 -1 -1 -1 label : invalidspot-coloredCurb 0.30
536 30 1104 493 175 57 -1 -1 -1 -1 label : spot-1 0.40
536 40 0 509 139 140 -1 -1 -1 -1 label : invalidspot-coloredCurb 0.28
537 30 1111 494 168 53 -1 -1 -1 -1 label : spot-1 0.41
537 40 0 510 136 139 -1 -1 -1 -1 label : invalidspot-coloredCurb 0.29
538 30 1116 494 159 61 -1 -1 -1 -1 label : spot-1 0.39
538 40 1 515 122 143 -1 -1 -1 -1 label : invalidspot-coloredCurb 0.27
539 30 1112 494 166 64 -1 -1 -1 -1 label : spot-1 0.39
539 40 0 515 122 145 -1 -1 -1 -1 label : invalidspot-coloredCurb 0.27
540 30 1113 493 165 66 -1 -1 -1 -1 label : spot-1 0.40
540 40 0 520 108 137 -1 -1 -1 -1 label : invalidspot-coloredCurb 0.21
541 30 1112 493 167 66 -1 -1 -1 -1 label : spot-1 0.39
541 40 0 521 103 134 -1 -1 -1 -1 label : invalidspot-coloredCurb 0.21
542 30 1118 492 157 74 -1 -1 -1 -1 label : spot-1 0.34
542 40 0 523 96 134 -1 -1 -1 -1 label : invalidspot-coloredCurb 0.10
543 30 1116 492 162 77 -1 -1 -1 -1 label : spot-1 0.34
544 30 1120 492 159 76 -1 -1 -1 -1 label : spot-1 0.23
545 30 1122 492 157 75 -1 -1 -1 -1 label : spot-1 0.23
546 30 1127 492 152 72 -1 -1 -1 -1 label : spot-1 0.28
547 30 1130 492 149 70 -1 -1 -1 -1 label : spot-1 0.28
548 30 1135 491 143 74 -1 -1 -1 -1 label : spot-1 0.20
549 30 1137 492 142 72 -1 -1 -1 -1 label : spot-1 0.22
550 30 1145 492 132 76 -1 -1 -1 -1 label : spot-1 0.14
551 30 1144 492 135 79 -1 -1 -1 -1 label : spot-1 0.14
554 30 1152 490 127 80 -1 -1 -1 -1 label : spot-1 0.13
555 30 1153 490 126 79 -1 -1 -1 -1 label : spot-1 0.13
590 59 7 509 130 155 -1 -1 -1 -1 label : invalidspot-coloredCurb 0.43
591 59 0 512 132 160 -1 -1 -1 -1 label : invalidspot-coloredCurb 0.43
592 59 0 519 119 151 -1 -1 -1 -1 label : invalidspot-coloredCurb 0.35
593 59 0 521 116 148 -1 -1 -1 -1 label : invalidspot-coloredCurb 0.35
594 59 0 530 93 142 -1 -1 -1 -1 label : invalidspot-coloredCurb 0.24
595 59 0 532 90 140 -1 -1 -1 -1 label : invalidspot-coloredCurb 0.23
596 59 0 540 68 125 -1 -1 -1 -1 label : invalidspot-coloredCurb 0.11
597 59 0 542 64 120 -1 -1 -1 -1 label : invalidspot-coloredCurb 0.11
680 61 942 413 13 35 -1 -1 -1 -1 label : fireHydrant 0.10
681 61 941 412 15 35 -1 -1 -1 -1 label : fireHydrant 0.10
684 61 958 414 15 35 -1 -1 -1 -1 label : fireHydrant 0.41
685 61 963 414 15 35 -1 -1 -1 -1 label : fireHydrant 0.40
686 61 968 417 12 33 -1 -1 -1 -1 label : fireHydrant 0.27
687 61 969 417 12 33 -1 -1 -1 -1 label : fireHydrant 0.28
688 61 970 419 13 32 -1 -1 -1 -1 label : fireHydrant 0.24
689 61 970 420 13 31 -1 -1 -1 -1 label : fireHydrant 0.24
692 61 973 422 14 32 -1 -1 -1 -1 label : fireHydrant 0.50
693 61 975 423 13 32 -1 -1 -1 -1 label : fireHydrant 0.50
694 61 963 420 17 36 -1 -1 -1 -1 label : fireHydrant 0.37
695 61 959 419 17 37 -1 -1 -1 -1 label : fireHydrant 0.37
696 61 961 415 15 41 -1 -1 -1 -1 label : fireHydrant 0.33
697 61 961 413 16 42 -1 -1 -1 -1 label : fireHydrant 0.32
698 61 963 415 16 41 -1 -1 -1 -1 label : fireHydrant 0.37
699 61 963 415 17 41 -1 -1 -1 -1 label : fireHydrant 0.35
700 61 964 415 17 41 -1 -1 -1 -1 label : fireHydrant 0.13
701 61 966 414 15 43 -1 -1 -1 -1 label : fireHydrant 0.18
702 61 966 411 18 46 -1 -1 -1 -1 label : fireHydrant 0.30
703 61 967 410 18 47 -1 -1 -1 -1 label : fireHydrant 0.30
704 61 970 409 17 48 -1 -1 -1 -1 label : fireHydrant 0.31
705 61 971 409 17 48 -1 -1 -1 -1 label : fireHydrant 0.33
712 61 992 414 17 45 -1 -1 -1 -1 label : fireHydrant 0.26
713 61 1001 417 16 42 -1 -1 -1 -1 label : fireHydrant 0.26
714 61 1007 417 15 44 -1 -1 -1 -1 label : fireHydrant 0.24
715 61 1009 417 15 45 -1 -1 -1 -1 label : fireHydrant 0.22
718 61 1011 415 17 47 -1 -1 -1 -1 label : fireHydrant 0.11
720 61 999 417 18 46 -1 -1 -1 -1 label : fireHydrant 0.15
721 61 995 418 17 46 -1 -1 -1 -1 label : fireHydrant 0.14
722 61 1114 431 20 47 -1 -1 -1 -1 label : fireHydrant 0.20
723 61 1158 436 20 47 -1 -1 -1 -1 label : fireHydrant 0.20
726 61 1062 426 18 44 -1 -1 -1 -1 label : fireHydrant 0.15
727 61 1021 422 17 43 -1 -1 -1 -1 label : fireHydrant 0.15
728 61 1023 422 17 44 -1 -1 -1 -1 label : fireHydrant 0.18
728 68 1119 486 160 83 -1 -1 -1 -1 label : spot-1 0.12
729 68 1119 487 160 83 -1 -1 -1 -1 label : spot-1 0.13
729 69 557 400 11 30 -1 -1 -1 -1 label : fireHydrant 0.12
730 61 1002 419 19 45 -1 -1 -1 -1 label : fireHydrant 0.22
730 68 1113 489 166 85 -1 -1 -1 -1 label : spot-1 0.11
730 69 556 399 11 31 -1 -1 -1 -1 label : fireHydrant 0.10
731 61 999 419 19 45 -1 -1 -1 -1 label : fireHydrant 0.22
731 68 1111 490 168 85 -1 -1 -1 -1 label : spot-1 0.11
732 61 998 418 19 46 -1 -1 -1 -1 label : fireHydrant 0.28
732 68 1112 489 166 88 -1 -1 -1 -1 label : spot-1 0.14
732 70 557 419 68 20 -1 -1 -1 -1 label : invalidSpot-entrance 0.14
733 61 998 418 19 46 -1 -1 -1 -1 label : fireHydrant 0.28
733 68 1112 489 167 89 -1 -1 -1 -1 label : spot-1 0.13
733 70 558 418 66 20 -1 -1 -1 -1 label : invalidSpot-entrance 0.13
734 61 997 417 20 46 -1 -1 -1 -1 label : fireHydrant 0.20
734 68 1125 489 154 82 -1 -1 -1 -1 label : spot-1 0.19
734 69 552 399 9 33 -1 -1 -1 -1 label : fireHydrant 0.17
734 70 566 416 56 22 -1 -1 -1 -1 label : spot-1 0.13
735 68 1130 489 149 80 -1 -1 -1 -1 label : spot-1 0.19
735 69 551 399 10 34 -1 -1 -1 -1 label : fireHydrant 0.18
735 70 567 415 57 22 -1 -1 -1 -1 label : spot-1 0.16
735 71 1179 486 100 60 -1 -1 -1 -1 label : spot-1 0.13
736 68 1137 490 140 83 -1 -1 -1 -1 label : spot-1 0.20
736 69 546 402 12 30 -1 -1 -1 -1 label : fireHydrant 0.17
736 70 565 415 55 21 -1 -1 -1 -1 label : spot-1 0.17
736 71 1189 488 87 64 -1 -1 -1 -1 label : spot-1 0.12
737 68 1136 490 143 85 -1 -1 -1 -1 label : spot-1 0.20
737 69 545 403 12 29 -1 -1 -1 -1 label : fireHydrant 0.17
737 70 564 415 56 21 -1 -1 -1 -1 label : spot-1 0.17
737 71 1189 488 89 66 -1 -1 -1 -1 label : spot-1 0.11
738 61 1196 442 22 50 -1 -1 -1 -1 label : fireHydrant 0.17
738 68 1137 493 142 85 -1 -1 -1 -1 label : spot-1 0.16
738 69 544 403 11 29 -1 -1 -1 -1 label : fireHydrant 0.15
739 61 1214 444 23 50 -1 -1 -1 -1 label : fireHydrant 0.18
739 68 1136 493 143 86 -1 -1 -1 -1 label : spot-1 0.16
739 71 1190 491 89 68 -1 -1 -1 -1 label : spot-1 0.15
740 61 1221 447 24 50 -1 -1 -1 -1 label : fireHydrant 0.52
740 68 1137 494 142 86 -1 -1 -1 -1 label : spot-1 0.17
740 70 554 415 57 20 -1 -1 -1 -1 label : spot-1 0.13
740 71 1196 493 83 64 -1 -1 -1 -1 label : spot-1 0.12
741 61 1224 447 24 50 -1 -1 -1 -1 label : fireHydrant 0.52
741 70 553 415 57 20 -1 -1 -1 -1 label : spot-1 0.16
741 71 1198 494 81 63 -1 -1 -1 -1 label : spot-1 0.13
742 61 1079 427 21 54 -1 -1 -1 -1 label : fireHydrant 0.23
742 68 1130 496 149 85 -1 -1 -1 -1 label : spot-1 0.19
742 70 550 415 56 20 -1 -1 -1 -1 label : spot-1 0.18
742 71 1196 492 83 67 -1 -1 -1 -1 label : spot-1 0.16
743 61 1020 419 20 56 -1 -1 -1 -1 label : fireHydrant 0.23
743 68 1131 496 148 85 -1 -1 -1 -1 label : spot-1 0.18
743 70 549 414 56 20 -1 -1 -1 -1 label : spot-1 0.18
743 71 1195 492 84 68 -1 -1 -1 -1 label : spot-1 0.15
744 61 1014 418 21 57 -1 -1 -1 -1 label : fireHydrant 0.27
744 68 1130 497 149 84 -1 -1 -1 -1 label : spot-1 0.19
744 70 548 414 53 22 -1 -1 -1 -1 label : spot-1 0.12
745 68 1130 498 149 83 -1 -1 -1 -1 label : spot-1 0.27
745 70 546 414 55 22 -1 -1 -1 -1 label : spot-1 0.19
745 71 1199 493 80 66 -1 -1 -1 -1 label : spot-1 0.12
746 68 1129 500 150 83 -1 -1 -1 -1 label : spot-1 0.19
746 70 545 414 54 22 -1 -1 -1 -1 label : spot-1 0.10
747 68 1129 501 150 83 -1 -1 -1 -1 label : spot-1 0.19
747 71 1203 493 75 67 -1 -1 -1 -1 label : spot-1 0.10
748 68 1129 502 150 82 -1 -1 -1 -1 label : spot-1 0.11
749 71 1207 495 72 69 -1 -1 -1 -1 label : spot-1 0.11
750 61 1220 440 25 57 -1 -1 -1 -1 label : fireHydrant 0.15
750 70 535 414 54 21 -1 -1 -1 -1 label : spot-1 0.15
751 61 1234 441 25 58 -1 -1 -1 -1 label : fireHydrant 0.15
751 70 534 414 54 20 -1 -1 -1 -1 label : spot-1 0.14
752 61 1249 443 25 57 -1 -1 -1 -1 label : fireHydrant 0.15
752 70 530 414 54 19 -1 -1 -1 -1 label : invalidSpot-entrance 0.14
753 70 529 414 53 19 -1 -1 -1 -1 label : invalidSpot-entrance 0.15
754 70 526 414 52 19 -1 -1 -1 -1 label : invalidSpot-entrance 0.12
755 70 525 414 52 18 -1 -1 -1 -1 label : invalidSpot-entrance 0.13
756 61 1256 447 23 53 -1 -1 -1 -1 label : fireHydrant 0.17
757 61 1255 447 24 53 -1 -1 -1 -1 label : fireHydrant 0.17
758 61 1256 450 22 49 -1 -1 -1 -1 label : fireHydrant 0.22
758 70 521 414 47 20 -1 -1 -1 -1 label : spot-1 0.13
759 61 1255 451 22 47 -1 -1 -1 -1 label : fireHydrant 0.23
759 70 520 414 48 20 -1 -1 -1 -1 label : spot-1 0.12
760 61 1259 452 16 45 -1 -1 -1 -1 label : fireHydrant 0.10
761 61 1259 452 16 45 -1 -1 -1 -1 label : fireHydrant 0.11
761 71 1212 497 67 66 -1 -1 -1 -1 label : spot-1 0.10
762 61 1261 455 17 46 -1 -1 -1 -1 label : fireHydrant 0.14
762 71 1210 498 69 64 -1 -1 -1 -1 label : spot-1 0.14
763 61 1261 457 17 45 -1 -1 -1 -1 label : fireHydrant 0.15
763 71 1210 498 69 64 -1 -1 -1 -1 label : spot-1 0.14
768 71 1210 501 68 69 -1 -1 -1 -1 label : invalidspot-coloredCurb 0.14
769 71 1210 501 69 73 -1 -1 -1 -1 label : invalidspot-coloredCurb 0.14
770 70 502 416 43 19 -1 -1 -1 -1 label : spot-1 0.12
771 70 501 417 43 19 -1 -1 -1 -1 label : spot-1 0.13
792 61 1021 442 20 45 -1 -1 -1 -1 label : fireHydrant 0.13
793 61 1001 441 20 45 -1 -1 -1 -1 label : fireHydrant 0.14
803 61 1185 461 18 40 -1 -1 -1 -1 label : fireHydrant 0.27
804 61 1196 463 19 39 -1 -1 -1 -1 label : fireHydrant 0.35
806 77 143 365 16 42 -1 -1 -1 -1 label : fireHydrant 0.25
807 77 144 366 16 42 -1 -1 -1 -1 label : fireHydrant 0.24
808 61 1265 459 12 48 -1 -1 -1 -1 label : fireHydrant 0.43
808 77 145 367 15 42 -1 -1 -1 -1 label : fireHydrant 0.23
809 61 1270 459 9 49 -1 -1 -1 -1 label : fireHydrant 0.43
809 77 145 368 16 42 -1 -1 -1 -1 label : fireHydrant 0.24
810 61 1137 447 24 54 -1 -1 -1 -1 label : fireHydrant 0.36
810 77 146 368 15 42 -1 -1 -1 -1 label : fireHydrant 0.18
811 61 1086 442 24 57 -1 -1 -1 -1 label : fireHydrant 0.38
811 79 149 473 251 60 -1 -1 -1 -1 label : invalidspot-coloredCurb 0.17
812 61 1075 444 22 55 -1 -1 -1 -1 label : fireHydrant 0.23
812 79 129 477 280 60 -1 -1 -1 -1 label : invalidspot-coloredCurb 0.17
813 61 1072 445 21 54 -1 -1 -1 -1 label : fireHydrant 0.22
813 79 128 479 279 59 -1 -1 -1 -1 label : invalidspot-coloredCurb 0.19
814 61 1064 444 22 55 -1 -1 -1 -1 label : fireHydrant 0.30
815 79 108 483 293 62 -1 -1 -1 -1 label : invalidspot-coloredCurb 0.29
816 79 87 483 331 71 -1 -1 -1 -1 label : invalidspot-coloredCurb 0.31
817 79 79 483 347 74 -1 -1 -1 -1 label : invalidspot-coloredCurb 0.31
818 61 1099 451 23 53 -1 -1 -1 -1 label : fireHydrant 0.30
818 79 61 484 351 80 -1 -1 -1 -1 label : invalidspot-coloredCurb 0.24
818 81 508 413 14 39 -1 -1 -1 -1 label : fireHydrant 0.23
819 61 1102 452 24 52 -1 -1 -1 -1 label : fireHydrant 0.30
819 79 49 484 364 83 -1 -1 -1 -1 label : invalidspot-coloredCurb 0.23
819 81 509 413 14 40 -1 -1 -1 -1 label : fireHydrant 0.23
820 61 1101 452 25 53 -1 -1 -1 -1 label : fireHydrant 0.27
820 79 24 484 395 88 -1 -1 -1 -1 label : invalidspot-coloredCurb 0.15
821 79 16 485 404 92 -1 -1 -1 -1 label : invalidspot-coloredCurb 0.26
821 81 516 411 15 40 -1 -1 -1 -1 label : fireHydrant 0.13
822 61 1121 447 25 58 -1 -1 -1 -1 label : fireHydrant 0.25
822 79 10 485 424 109 -1 -1 -1 -1 label : invalidspot-coloredCurb 0.17
822 81 520 406 15 43 -1 -1 -1 -1 label : fireHydrant 0.16
823 61 1124 446 25 59 -1 -1 -1 -1 label : fireHydrant 0.24
823 79 0 485 448 114 -1 -1 -1 -1 label : invalidspot-coloredCurb 0.15
823 81 522 405 15 44 -1 -1 -1 -1 label : fireHydrant 0.14
824 61 1125 445 26 60 -1 -1 -1 -1 label : fireHydrant 0.34
824 79 0 484 438 115 -1 -1 -1 -1 label : invalidspot-coloredCurb 0.25
825 79 0 485 437 115 -1 -1 -1 -1 label : invalidspot-coloredCurb 0.34
825 82 542 428 59 26 -1 -1 -1 -1 label : spot-1 0.25
826 79 0 484 432 118 -1 -1 -1 -1 label : invalidspot-coloredCurb 0.32
827 79 0 484 434 118 -1 -1 -1 -1 label : invalidspot-coloredCurb 0.32
828 61 1154 438 29 62 -1 -1 -1 -1 label : fireHydrant 0.28
828 79 0 484 442 120 -1 -1 -1 -1 label : invalidspot-coloredCurb 0.14
828 82 549 425 64 24 -1 -1 -1 -1 label : spot-1 0.12
829 61 1157 437 29 63 -1 -1 -1 -1 label : fireHydrant 0.28
829 79 0 483 445 122 -1 -1 -1 -1 label : invalidspot-coloredCurb 0.14
829 82 550 424 64 24 -1 -1 -1 -1 label : spot-1 0.11
830 61 1160 436 30 63 -1 -1 -1 -1 label : fireHydrant 0.37
830 79 14 482 394 137 -1 -1 -1 -1 label : invalidspot-coloredCurb 0.18
830 82 554 423 67 24 -1 -1 -1 -1 label : spot-1 0.17
831 79 1 482 412 143 -1 -1 -1 -1 label : invalidspot-coloredCurb 0.38
831 82 556 422 67 26 -1 -1 -1 -1 label : spot-1 0.18
832 79 0 483 414 143 -1 -1 -1 -1 label : invalidspot-coloredCurb 0.31
832 82 557 423 70 24 -1 -1 -1 -1 label : spot-1 0.19
833 79 0 483 413 144 -1 -1 -1 -1 label : invalidspot-coloredCurb 0.31
833 82 558 423 69 24 -1 -1 -1 -1 label : spot-1 0.19
834 79 0 484 401 147 -1 -1 -1 -1 label : invalidspot-coloredCurb 0.33
834 82 564 423 67 25 -1 -1 -1 -1 label : spot-1 0.26
835 79 0 484 401 151 -1 -1 -1 -1 label : invalidspot-coloredCurb 0.33
835 82 565 422 68 27 -1 -1 -1 -1 label : spot-1 0.26
836 61 1198 448 19 53 -1 -1 -1 -1 label : fireHydrant 0.39
836 79 0 488 397 153 -1 -1 -1 -1 label : invalidspot-coloredCurb 0.26
837 61 1200 449 19 52 -1 -1 -1 -1 label : fireHydrant 0.40
837 79 0 489 396 153 -1 -1 -1 -1 label : invalidspot-coloredCurb 0.27
838 61 1210 446 23 57 -1 -1 -1 -1 label : fireHydrant 0.44
838 79 6 490 385 170 -1 -1 -1 -1 label : invalidspot-coloredCurb 0.14
838 82 570 425 76 27 -1 -1 -1 -1 label : invalidspot-coloredCurb 0.12
839 61 1214 445 24 58 -1 -1 -1 -1 label : fireHydrant 0.44
839 79 0 490 400 176 -1 -1 -1 -1 label : invalidspot-coloredCurb 0.14
839 82 571 425 76 27 -1 -1 -1 -1 label : invalidspot-coloredCurb 0.13
840 61 1219 445 24 59 -1 -1 -1 -1 label : fireHydrant 0.42
840 79 0 494 398 168 -1 -1 -1 -1 label : invalidspot-coloredCurb 0.16
841 79 0 496 394 165 -1 -1 -1 -1 label : invalidspot-coloredCurb 0.43
841 82 578 425 76 29 -1 -1 -1 -1 label : spot-1 0.16
842 61 1232 446 31 65 -1 -1 -1 -1 label : fireHydrant 0.44
842 79 0 503 402 156 -1 -1 -1 -1 label : invalidspot-coloredCurb 0.25
843 61 1235 446 31 66 -1 -1 -1 -1 label : fireHydrant 0.45
843 79 0 505 399 152 -1 -1 -1 -1 label : invalidspot-coloredCurb 0.24
844 61 1242 443 31 73 -1 -1 -1 -1 label : fireHydrant 0.49
844 79 1 510 398 160 -1 -1 -1 -1 label : invalidspot-coloredCurb 0.16
844 82 582 431 88 31 -1 -1 -1 -1 label : invalidSpot-fireHydrant 0.15
845 61 1244 441 32 76 -1 -1 -1 -1 label : fireHydrant 0.49
845 79 0 512 404 162 -1 -1 -1 -1 label : invalidspot-coloredCurb 0.16
845 82 583 432 88 31 -1 -1 -1 -1 label : invalidSpot-fireHydrant 0.15
846 61 1249 441 30 78 -1 -1 -1 -1 label : fireHydrant 0.41
846 79 0 516 401 156 -1 -1 -1 -1 label : invalidspot-coloredCurb 0.14
847 79 0 517 397 154 -1 -1 -1 -1 label : invalidspot-coloredCurb 0.41
847 82 592 435 84 30 -1 -1 -1 -1 label : spot-1 0.14
848 61 1266 456 13 69 -1 -1 -1 -1 label : fireHydrant 0.36
848 79 0 522 398 153 -1 -1 -1 -1 label : invalidspot-coloredCurb 0.34
848 81 572 411 18 46 -1 -1 -1 -1 label : fireHydrant 0.13
848 82 594 437 86 29 -1 -1 -1 -1 label : spot-1 0.11
849 61 1267 459 12 67 -1 -1 -1 -1 label : fireHydrant 0.35
849 79 0 524 399 153 -1 -1 -1 -1 label : invalidspot-coloredCurb 0.34
849 81 572 411 18 47 -1 -1 -1 -1 label : fireHydrant 0.13
849 82 596 438 85 28 -1 -1 -1 -1 label : spot-1 0.11
850 61 1272 460 7 68 -1 -1 -1 -1 label : fireHydrant 0.36
850 79 9 530 386 175 -1 -1 -1 -1 label : invalidspot-coloredCurb 0.16
850 81 572 419 20 41 -1 -1 -1 -1 label : fireHydrant 0.12
851 79 2 533 402 182 -1 -1 -1 -1 label : invalidspot-coloredCurb 0.36
851 81 573 422 18 39 -1 -1 -1 -1 label : fireHydrant 0.17
851 82 598 442 83 28 -1 -1 -1 -1 label : invalidspot-coloredCurb 0.12
852 79 0 536 422 182 -1 -1 -1 -1 label : invalidspot-coloredCurb 0.38
852 81 575 423 18 39 -1 -1 -1 -1 label : fireHydrant 0.11
853 79 0 537 424 182 -1 -1 -1 -1 label : invalidspot-coloredCurb 0.38
853 82 602 443 87 28 -1 -1 -1 -1 label : spot-1 0.12
854 79 0 539 422 180 -1 -1 -1 -1 label : invalidspot-coloredCurb 0.43
854 81 579 420 16 43 -1 -1 -1 -1 label : fireHydrant 0.13
854 82 604 443 88 28 -1 -1 -1 -1 label : spot-1 0.13
855 79 0 538 427 181 -1 -1 -1 -1 label : invalidspot-coloredCurb 0.43
855 81 579 420 17 43 -1 -1 -1 -1 label : fireHydrant 0.13
855 82 604 443 88 28 -1 -1 -1 -1 label : spot-1 0.13
856 79 0 543 420 176 -1 -1 -1 -1 label : invalidspot-coloredCurb 0.48
856 81 580 421 17 42 -1 -1 -1 -1 label : fireHydrant 0.12
857 79 0 545 418 174 -1 -1 -1 -1 label : invalidspot-coloredCurb 0.48
857 82 605 444 90 28 -1 -1 -1 -1 label : spot-1 0.12
858 79 0 550 416 169 -1 -1 -1 -1 label : invalidspot-coloredCurb 0.51
858 82 606 444 91 28 -1 -1 -1 -1 label : spot-1 0.17
859 79 0 552 413 167 -1 -1 -1 -1 label : invalidspot-coloredCurb 0.51
859 82 606 445 92 27 -1 -1 -1 -1 label : spot-1 0.17
860 79 1 554 401 165 -1 -1 -1 -1 label : invalidspot-coloredCurb 0.33
860 82 607 445 93 27 -1 -1 -1 -1 label : spot-1 0.10
861 61 174 447 22 50 -1 -1 -1 -1 label : fireHydrant 0.34
861 79 0 554 399 165 -1 -1 -1 -1 label : invalidspot-coloredCurb 0.10
862 61 104 447 22 48 -1 -1 -1 -1 label : fireHydrant 0.29
862 79 0 559 387 160 -1 -1 -1 -1 label : invalidspot-coloredCurb 0.18
863 79 0 560 383 159 -1 -1 -1 -1 label : invalidspot-coloredCurb 0.29
863 82 610 444 91 29 -1 -1 -1 -1 label : spot-1 0.18
864 79 0 563 388 156 -1 -1 -1 -1 label : invalidspot-coloredCurb 0.33
864 82 609 444 93 29 -1 -1 -1 -1 label : spot-1 0.15
865 79 0 563 386 155 -1 -1 -1 -1 label : invalidspot-coloredCurb 0.34
865 82 608 444 93 29 -1 -1 -1 -1 label : spot-1 0.15
866 61 95 445 22 53 -1 -1 -1 -1 label : fireHydrant 0.47
866 79 0 570 366 148 -1 -1 -1 -1 label : invalidspot-coloredCurb 0.26
866 82 608 443 92 30 -1 -1 -1 -1 label : spot-1 0.18
867 61 94 445 22 53 -1 -1 -1 -1 label : fireHydrant 0.48
867 79 0 571 359 147 -1 -1 -1 -1 label : invalidspot-coloredCurb 0.26
867 82 607 443 93 30 -1 -1 -1 -1 label : spot-1 0.18
868 61 80 445 22 53 -1 -1 -1 -1 label : fireHydrant 0.54
868 79 0 576 353 142 -1 -1 -1 -1 label : invalidspot-coloredCurb 0.13
869 79 0 578 348 140 -1 -1 -1 -1 label : invalidspot-coloredCurb 0.54
869 82 606 443 92 30 -1 -1 -1 -1 label : spot-1 0.14
870 79 0 581 343 138 -1 -1 -1 -1 label : invalidspot-coloredCurb 0.21
870 82 604 442 93 31 -1 -1 -1 -1 label : spot-1 0.11
871 82 603 442 95 32 -1 -1 -1 -1 label : spot-1 0.22
872 82 601 442 96 31 -1 -1 -1 -1 label : spot-1 0.17
873 82 600 442 96 31 -1 -1 -1 -1 label : spot-1 0.17
874 81 572 422 18 42 -1 -1 -1 -1 label : fireHydrant 0.18
874 82 599 442 94 31 -1 -1 -1 -1 label : spot-1 0.15
875 81 572 422 18 42 -1 -1 -1 -1 label : fireHydrant 0.17
875 82 598 443 95 30 -1 -1 -1 -1 label : spot-1 0.16
876 81 571 422 18 42 -1 -1 -1 -1 label : fireHydrant 0.29
877 82 589 443 100 32 -1 -1 -1 -1 label : invalidspot-coloredCurb 0.28
878 82 583 443 104 33 -1 -1 -1 -1 label : invalidspot-coloredCurb 0.23
879 82 582 443 103 33 -1 -1 -1 -1 label : invalidspot-coloredCurb 0.24
880 81 556 422 20 46 -1 -1 -1 -1 label : fireHydrant 0.27
880 82 581 444 101 32 -1 -1 -1 -1 label : invalidSpot-fireHydrant 0.27
881 81 554 422 20 47 -1 -1 -1 -1 label : fireHydrant 0.26
881 82 580 445 103 30 -1 -1 -1 -1 label : invalidSpot-fireHydrant 0.24
882 81 553 418 20 49 -1 -1 -1 -1 label : fireHydrant 0.17
882 82 579 445 99 30 -1 -1 -1 -1 label : invalidSpot-fireHydrant 0.15
883 81 552 417 21 49 -1 -1 -1 -1 label : fireHydrant 0.16
883 82 577 445 100 31 -1 -1 -1 -1 label : invalidSpot-fireHydrant 0.15
884 81 548 420 21 46 -1 -1 -1 -1 label : fireHydrant 0.19
884 82 572 445 104 31 -1 -1 -1 -1 label : invalidSpot-fireHydrant 0.12
885 81 547 422 21 44 -1 -1 -1 -1 label : fireHydrant 0.19
885 82 570 445 104 31 -1 -1 -1 -1 label : invalidSpot-fireHydrant 0.12
886 81 545 422 21 44 -1 -1 -1 -1 label : fireHydrant 0.12
886 82 572 443 96 32 -1 -1 -1 -1 label : invalidSpot-fireHydrant 0.10
887 82 570 443 97 32 -1 -1 -1 -1 label : invalidSpot-fireHydrant 0.12
887 94 164 459 196 30 -1 -1 -1 -1 label : invalidspot-coloredCurb 0.11
888 81 542 421 17 43 -1 -1 -1 -1 label : fireHydrant 0.32
888 82 563 443 101 32 -1 -1 -1 -1 label : invalidSpot-fireHydrant 0.22
889 81 541 421 17 43 -1 -1 -1 -1 label : fireHydrant 0.32
889 82 560 442 102 33 -1 -1 -1 -1 label : invalidSpot-fireHydrant 0.22
890 81 539 418 17 45 -1 -1 -1 -1 label : fireHydrant 0.27
890 82 557 442 101 33 -1 -1 -1 -1 label : invalidSpot-fireHydrant 0.25
891 81 538 417 18 46 -1 -1 -1 -1 label : fireHydrant 0.28
891 82 556 442 101 33 -1 -1 -1 -1 label : invalidSpot-fireHydrant 0.26
892 81 532 418 19 47 -1 -1 -1 -1 label : fireHydrant 0.54
892 82 550 442 105 33 -1 -1 -1 -1 label : invalidSpot-fireHydrant 0.43
893 81 529 418 20 48 -1 -1 -1 -1 label : fireHydrant 0.54
893 82 547 442 107 33 -1 -1 -1 -1 label : invalidSpot-fireHydrant 0.42
894 81 524 417 22 49 -1 -1 -1 -1 label : fireHydrant 0.23
894 82 544 440 110 34 -1 -1 -1 -1 label : invalidSpot-fireHydrant 0.21
894 96 1134 492 145 60 -1 -1 -1 -1 label : invalidspot-coloredCurb 0.14
895 81 522 417 22 50 -1 -1 -1 -1 label : fireHydrant 0.22
895 82 543 440 110 33 -1 -1 -1 -1 label : invalidSpot-fireHydrant 0.21
895 96 1135 491 144 59 -1 -1 -1 -1 label : invalidspot-coloredCurb 0.14
896 81 521 418 22 47 -1 -1 -1 -1 label : fireHydrant 0.26
896 82 544 438 108 34 -1 -1 -1 -1 label : invalidSpot-fireHydrant 0.25
896 96 1129 486 150 59 -1 -1 -1 -1 label : invalidspot-coloredCurb 0.20
897 81 521 418 22 47 -1 -1 -1 -1 label : fireHydrant 0.28
897 82 543 438 110 34 -1 -1 -1 -1 label : invalidSpot-fireHydrant 0.26
897 96 1129 484 150 59 -1 -1 -1 -1 label : invalidspot-coloredCurb 0.19
898 81 521 416 20 47 -1 -1 -1 -1 label : fireHydrant 0.32
898 82 542 438 110 33 -1 -1 -1 -1 label : invalidSpot-fireHydrant 0.24
898 96 1125 480 154 61 -1 -1 -1 -1 label : invalidspot-coloredCurb 0.22
899 81 521 416 20 47 -1 -1 -1 -1 label : fireHydrant 0.31
899 82 542 437 109 35 -1 -1 -1 -1 label : invalidSpot-fireHydrant 0.23
899 96 1124 479 155 62 -1 -1 -1 -1 label : invalidspot-coloredCurb 0.22
900 81 520 416 21 46 -1 -1 -1 -1 label : fireHydrant 0.27
900 82 542 437 109 35 -1 -1 -1 -1 label : invalidSpot-fireHydrant 0.26
901 81 520 416 21 46 -1 -1 -1 -1 label : fireHydrant 0.26
901 82 542 436 110 36 -1 -1 -1 -1 label : invalidSpot-fireHydrant 0.25
901 96 1122 475 156 65 -1 -1 -1 -1 label : invalidspot-coloredCurb 0.10
