133 1 711 398 215 59 -1 -1 -1 -1 label : spot-2 0.40
135 1 701 397 238 60 -1 -1 -1 -1 label : spot-2 0.42
136 1 701 396 239 61 -1 -1 -1 -1 label : spot-2 0.42
137 1 724 397 225 62 -1 -1 -1 -1 label : spot-2 0.45
138 1 730 397 226 63 -1 -1 -1 -1 label : spot-2 0.44
139 1 733 394 231 63 -1 -1 -1 -1 label : spot-2 0.59
140 1 734 393 233 64 -1 -1 -1 -1 label : spot-2 0.59
141 1 729 393 248 64 -1 -1 -1 -1 label : spot-2 0.48
142 1 733 393 245 67 -1 -1 -1 -1 label : spot-2 0.48
143 1 731 394 260 68 -1 -1 -1 -1 label : spot-2 0.50
144 1 733 395 261 69 -1 -1 -1 -1 label : spot-2 0.50
145 1 730 396 272 71 -1 -1 -1 -1 label : spot-2 0.51
146 1 729 396 277 70 -1 -1 -1 -1 label : spot-2 0.50
147 1 720 396 307 67 -1 -1 -1 -1 label : spot-2 0.42
148 1 724 396 305 65 -1 -1 -1 -1 label : spot-2 0.40
149 1 740 396 297 71 -1 -1 -1 -1 label : spot-2 0.44
150 1 737 396 310 70 -1 -1 -1 -1 label : spot-2 0.44
158 1 737 400 378 86 -1 -1 -1 -1 label : spot-2 0.49
159 1 729 401 424 90 -1 -1 -1 -1 label : spot-2 0.40
160 1 732 401 429 91 -1 -1 -1 -1 label : spot-2 0.40
165 1 729 403 497 105 -1 -1 -1 -1 label : spot-2 0.47
166 1 729 404 521 110 -1 -1 -1 -1 label : spot-2 0.47
169 1 738 403 526 126 -1 -1 -1 -1 label : spot-2 0.49
170 1 731 403 548 132 -1 -1 -1 -1 label : spot-2 0.49
171 1 728 402 551 129 -1 -1 -1 -1 label : spot-2 0.46
172 1 735 402 544 128 -1 -1 -1 -1 label : spot-2 0.47
175 1 722 401 557 121 -1 -1 -1 -1 label : spot-2 0.42
176 1 727 401 552 118 -1 -1 -1 -1 label : spot-2 0.42
179 1 733 398 546 119 -1 -1 -1 -1 label : spot-2 0.45
180 1 732 397 547 120 -1 -1 -1 -1 label : spot-2 0.46
181 1 746 397 529 127 -1 -1 -1 -1 label : spot-2 0.43
182 1 742 397 537 130 -1 -1 -1 -1 label : spot-2 0.43
193 1 723 397 556 133 -1 -1 -1 -1 label : spot-2 0.40
195 1 734 399 545 130 -1 -1 -1 -1 label : spot-2 0.42
196 1 739 400 540 129 -1 -1 -1 -1 label : spot-2 0.42
207 1 786 405 486 131 -1 -1 -1 -1 label : spot-2 0.41
208 1 792 407 487 131 -1 -1 -1 -1 label : spot-2 0.42
211 1 782 408 497 121 -1 -1 -1 -1 label : spot-2 0.45
212 1 791 409 488 116 -1 -1 -1 -1 label : spot-2 0.45
321 4 421 374 18 42 -1 -1 -1 -1 label : fireHydrant 0.51
322 4 420 373 20 44 -1 -1 -1 -1 label : fireHydrant 0.51
323 4 420 373 20 43 -1 -1 -1 -1 label : fireHydrant 0.64
324 4 419 373 21 43 -1 -1 -1 -1 label : fireHydrant 0.64
337 4 404 371 24 45 -1 -1 -1 -1 label : fireHydrant 0.45
338 4 399 371 24 46 -1 -1 -1 -1 label : fireHydrant 0.46
341 4 394 371 24 46 -1 -1 -1 -1 label : fireHydrant 0.55
342 4 392 371 24 47 -1 -1 -1 -1 label : fireHydrant 0.55
348 4 386 372 24 48 -1 -1 -1 -1 label : fireHydrant 0.60
349 4 384 372 24 48 -1 -1 -1 -1 label : fireHydrant 0.60
