60 1 106 440 188 80 -1 -1 -1 -1 label : spot-0.24
61 1 97 441 189 82 -1 -1 -1 -1 label : spot-0.31
62 1 85 443 197 85 -1 -1 -1 -1 label : spot-0.45
63 1 73 444 202 89 -1 -1 -1 -1 label : spot-0.40
64 1 60 446 213 95 -1 -1 -1 -1 label : spot-0.42
64 2 61 443 104 93 -1 -1 -1 -1 label : spot-1 0.31
65 1 47 447 217 100 -1 -1 -1 -1 label : spot-0.42
65 2 47 445 113 98 -1 -1 -1 -1 label : spot-1 0.31
66 1 33 449 230 103 -1 -1 -1 -1 label : spot-0.42
66 2 33 446 124 101 -1 -1 -1 -1 label : spot-1 0.20
67 1 12 452 239 98 -1 -1 -1 -1 label : spot-0.40
68 1 0 458 255 94 -1 -1 -1 -1 label : spot-0.54
69 1 5 462 191 92 -1 -1 -1 -1 label : spot-0.49
70 1 0 464 196 93 -1 -1 -1 -1 label : spot-0.48
71 1 0 467 206 95 -1 -1 -1 -1 label : spot-0.47
72 1 0 468 225 93 -1 -1 -1 -1 label : spot-0.49
72 2 0 463 113 96 -1 -1 -1 -1 label : spot-1 0.17
73 1 0 470 211 92 -1 -1 -1 -1 label : spot-0.44
74 1 1 473 189 92 -1 -1 -1 -1 label : spot-0.39
75 1 0 476 192 94 -1 -1 -1 -1 label : spot-0.35
75 2 0 468 103 97 -1 -1 -1 -1 label : spot-1 0.23
76 1 0 478 196 96 -1 -1 -1 -1 label : spot-0.36
76 2 0 472 98 100 -1 -1 -1 -1 label : spot-1 0.24
77 1 0 480 195 100 -1 -1 -1 -1 label : spot-0.32
77 2 0 474 95 104 -1 -1 -1 -1 label : spot-1 0.15
78 1 0 482 197 94 -1 -1 -1 -1 label : spot-0.31
78 2 0 477 99 100 -1 -1 -1 -1 label : spot-1 0.10
79 1 0 486 180 90 -1 -1 -1 -1 label : spot-0.15
80 1 0 487 173 92 -1 -1 -1 -1 label : spot-0.15
103 5 176 432 83 58 -1 -1 -1 -1 label : spot-1 0.29
104 5 169 434 86 61 -1 -1 -1 -1 label : spot-1 0.31
105 5 160 436 91 60 -1 -1 -1 -1 label : spot-1 0.13
106 5 147 439 101 56 -1 -1 -1 -1 label : spot-1 0.19
107 5 141 440 99 60 -1 -1 -1 -1 label : spot-1 0.32
108 5 126 443 119 57 -1 -1 -1 -1 label : spot-1 0.35
108 6 208 369 31 73 -1 -1 -1 -1 label : fireHydrant 0.11
109 5 119 444 117 57 -1 -1 -1 -1 label : spot-1 0.28
110 5 107 444 123 60 -1 -1 -1 -1 label : spot-1 0.33
111 5 92 445 138 64 -1 -1 -1 -1 label : spot-1 0.39
112 5 77 447 154 64 -1 -1 -1 -1 label : spot-1 0.28
113 5 61 447 163 65 -1 -1 -1 -1 label : spot-1 0.41
114 5 39 449 218 65 -1 -1 -1 -1 label : spot-1 0.34
115 5 23 450 261 69 -1 -1 -1 -1 label : spot-1 0.39
116 5 9 452 281 67 -1 -1 -1 -1 label : spot-1 0.22
117 5 3 453 296 73 -1 -1 -1 -1 label : spot-1 0.17
118 5 2 455 298 77 -1 -1 -1 -1 label : spot-1 0.18
119 5 0 456 305 77 -1 -1 -1 -1 label : spot-1 0.10
121 5 0 460 310 69 -1 -1 -1 -1 label : spot-1 0.18
122 5 0 461 296 66 -1 -1 -1 -1 label : spot-1 0.11
123 5 21 460 184 81 -1 -1 -1 -1 label : spot-1 0.12
124 5 2 462 193 82 -1 -1 -1 -1 label : spot-1 0.12
125 5 0 463 209 82 -1 -1 -1 -1 label : spot-1 0.17
126 5 1 466 178 80 -1 -1 -1 -1 label : spot-1 0.20
127 5 1 467 162 82 -1 -1 -1 -1 label : spot-1 0.25
127 8 711 390 8 24 -1 -1 -1 -1 label : fireHydrant 0.20
128 5 0 469 209 81 -1 -1 -1 -1 label : spot-1 0.23
128 8 711 391 9 24 -1 -1 -1 -1 label : fireHydrant 0.18
129 5 1 472 193 85 -1 -1 -1 -1 label : spot-1 0.17
129 8 712 391 8 24 -1 -1 -1 -1 label : fireHydrant 0.12
130 5 0 473 195 87 -1 -1 -1 -1 label : spot-1 0.13
131 6 0 402 18 81 -1 -1 -1 -1 label : fireHydrant 0.13
132 6 0 403 7 82 -1 -1 -1 -1 label : fireHydrant 0.12
135 8 720 396 8 20 -1 -1 -1 -1 label : fireHydrant 0.10
139 8 724 394 9 23 -1 -1 -1 -1 label : fireHydrant 0.13
145 8 731 399 9 21 -1 -1 -1 -1 label : fireHydrant 0.17
146 8 734 402 9 21 -1 -1 -1 -1 label : fireHydrant 0.14
149 8 739 404 8 22 -1 -1 -1 -1 label : fireHydrant 0.15
151 8 741 404 9 23 -1 -1 -1 -1 label : fireHydrant 0.11
