86 3 638 337 155 41 -1 -1 -1 -1 label : spot-2 0.58
87 3 633 333 163 44 -1 -1 -1 -1 label : spot-2 0.63
88 3 634 332 166 45 -1 -1 -1 -1 label : spot-2 0.60
89 3 633 332 173 45 -1 -1 -1 -1 label : spot-2 0.59
90 3 630 331 182 47 -1 -1 -1 -1 label : spot-2 0.64
91 3 629 332 188 48 -1 -1 -1 -1 label : spot-2 0.59
92 3 627 333 196 48 -1 -1 -1 -1 label : spot-2 0.54
93 3 633 334 192 49 -1 -1 -1 -1 label : spot-2 0.51
94 3 644 337 186 49 -1 -1 -1 -1 label : spot-2 0.53
95 3 648 339 190 51 -1 -1 -1 -1 label : spot-2 0.60
96 3 654 341 188 52 -1 -1 -1 -1 label : spot-2 0.60
97 3 654 342 195 53 -1 -1 -1 -1 label : spot-2 0.65
98 3 652 342 205 56 -1 -1 -1 -1 label : spot-2 0.70
99 3 655 343 209 58 -1 -1 -1 -1 label : spot-2 0.67
100 3 657 344 213 60 -1 -1 -1 -1 label : spot-2 0.64
101 3 662 346 218 61 -1 -1 -1 -1 label : spot-2 0.64
102 3 660 346 230 63 -1 -1 -1 -1 label : spot-2 0.63
103 3 661 346 236 66 -1 -1 -1 -1 label : spot-2 0.63
104 3 659 345 244 69 -1 -1 -1 -1 label : spot-2 0.61
105 3 655 344 255 72 -1 -1 -1 -1 label : spot-2 0.60
106 3 656 344 261 74 -1 -1 -1 -1 label : spot-2 0.57
107 3 655 343 270 77 -1 -1 -1 -1 label : spot-2 0.55
108 3 663 343 274 80 -1 -1 -1 -1 label : spot-2 0.54
109 3 663 343 287 82 -1 -1 -1 -1 label : spot-2 0.54
111 3 667 345 309 87 -1 -1 -1 -1 label : spot-2 0.53
112 3 662 345 334 91 -1 -1 -1 -1 label : spot-2 0.52
155 9 716 370 563 159 -1 -1 -1 -1 label : spot-2 0.61
156 9 717 371 562 159 -1 -1 -1 -1 label : spot-2 0.57
157 9 715 372 564 158 -1 -1 -1 -1 label : spot-2 0.56
158 9 719 373 560 158 -1 -1 -1 -1 label : spot-2 0.54
166 9 758 383 514 156 -1 -1 -1 -1 label : spot-2 0.51
171 9 770 392 507 156 -1 -1 -1 -1 label : spot-2 0.50
231 10 719 369 275 84 -1 -1 -1 -1 label : spot-2 0.55
232 10 722 369 303 92 -1 -1 -1 -1 label : spot-2 0.52
238 11 767 384 493 161 -1 -1 -1 -1 label : spot-2 0.50
239 11 794 388 485 165 -1 -1 -1 -1 label : spot-2 0.51
271 14 1089 352 44 92 -1 -1 -1 -1 label : fireHydrant 0.57
272 14 1108 354 50 95 -1 -1 -1 -1 label : fireHydrant 0.59
