84 5 776 435 151 35 -1 -1 -1 -1 label : spot-1 0.45
116 8 825 440 372 76 -1 -1 -1 -1 label : spot-2 0.52
117 8 829 439 376 87 -1 -1 -1 -1 label : spot-2 0.55
118 8 828 440 400 95 -1 -1 -1 -1 label : spot-2 0.52
119 8 822 442 432 94 -1 -1 -1 -1 label : spot-2 0.46
119 10 64 433 301 77 -1 -1 -1 -1 label : spot-2 0.46
120 8 827 444 446 97 -1 -1 -1 -1 label : spot-2 0.49
120 10 44 437 310 75 -1 -1 -1 -1 label : spot-2 0.43
122 10 14 439 342 78 -1 -1 -1 -1 label : spot-2 0.44
123 10 9 440 333 92 -1 -1 -1 -1 label : spot-2 0.54
124 10 7 442 328 107 -1 -1 -1 -1 label : spot-2 0.46
125 8 839 451 440 110 -1 -1 -1 -1 label : spot-2 0.59
125 10 0 441 346 108 -1 -1 -1 -1 label : spot-2 0.53
126 8 836 452 443 108 -1 -1 -1 -1 label : spot-2 0.47
126 10 0 443 337 103 -1 -1 -1 -1 label : spot-2 0.45
127 8 836 454 443 110 -1 -1 -1 -1 label : spot-2 0.44
128 8 842 455 437 105 -1 -1 -1 -1 label : spot-2 0.50
128 10 0 444 330 118 -1 -1 -1 -1 label : spot-2 0.42
129 8 848 457 431 102 -1 -1 -1 -1 label : spot-2 0.53
129 10 0 443 335 124 -1 -1 -1 -1 label : spot-2 0.40
130 8 856 456 423 105 -1 -1 -1 -1 label : spot-2 0.47
130 10 0 445 342 115 -1 -1 -1 -1 label : spot-2 0.42
142 10 0 456 318 90 -1 -1 -1 -1 label : spot-2 0.50
143 10 0 460 293 90 -1 -1 -1 -1 label : spot-2 0.51
144 10 0 461 292 90 -1 -1 -1 -1 label : spot-2 0.47
145 10 0 463 291 85 -1 -1 -1 -1 label : spot-2 0.42
146 10 0 465 285 82 -1 -1 -1 -1 label : spot-2 0.47
147 10 0 466 283 78 -1 -1 -1 -1 label : spot-2 0.42
148 10 0 467 280 74 -1 -1 -1 -1 label : spot-2 0.47
149 10 0 467 273 72 -1 -1 -1 -1 label : spot-2 0.58
150 10 3 468 263 76 -1 -1 -1 -1 label : spot-2 0.61
151 10 6 467 252 85 -1 -1 -1 -1 label : spot-2 0.48
152 10 0 468 263 81 -1 -1 -1 -1 label : spot-2 0.46
170 13 817 440 123 43 -1 -1 -1 -1 label : spot-1 0.40
173 13 831 442 127 47 -1 -1 -1 -1 label : spot-1 0.42
175 13 836 446 142 48 -1 -1 -1 -1 label : spot-1 0.49
176 13 839 449 151 48 -1 -1 -1 -1 label : spot-1 0.51
177 13 842 451 154 52 -1 -1 -1 -1 label : spot-1 0.51
178 13 842 453 163 54 -1 -1 -1 -1 label : spot-1 0.57
179 13 848 454 163 56 -1 -1 -1 -1 label : spot-1 0.58
180 13 851 454 171 59 -1 -1 -1 -1 label : spot-1 0.52
181 13 853 456 182 61 -1 -1 -1 -1 label : spot-1 0.56
182 13 859 455 186 63 -1 -1 -1 -1 label : spot-1 0.60
183 13 866 455 191 64 -1 -1 -1 -1 label : spot-1 0.59
184 13 875 454 196 66 -1 -1 -1 -1 label : spot-1 0.61
185 13 875 455 214 66 -1 -1 -1 -1 label : spot-1 0.63
186 13 884 459 219 63 -1 -1 -1 -1 label : spot-1 0.55
187 13 886 462 235 57 -1 -1 -1 -1 label : spot-1 0.55
188 13 904 464 226 62 -1 -1 -1 -1 label : spot-1 0.59
189 13 914 466 227 70 -1 -1 -1 -1 label : spot-1 0.60
190 13 911 470 254 75 -1 -1 -1 -1 label : spot-1 0.67
191 13 919 473 263 78 -1 -1 -1 -1 label : spot-1 0.58
192 13 931 476 266 83 -1 -1 -1 -1 label : spot-1 0.66
193 13 921 480 302 83 -1 -1 -1 -1 label : spot-1 0.62
194 13 939 482 298 92 -1 -1 -1 -1 label : spot-1 0.67
195 13 934 485 335 94 -1 -1 -1 -1 label : spot-1 0.59
197 13 941 492 338 87 -1 -1 -1 -1 label : spot-1 0.46
199 13 973 497 306 83 -1 -1 -1 -1 label : invalidspot-coloredCurb 0.44
