139 2 733 394 230 62 -1 -1 -1 -1 label : spot-0.59
140 2 734 393 231 63 -1 -1 -1 -1 label : spot-0.59
141 2 728 392 247 65 -1 -1 -1 -1 label : spot-0.48
142 2 732 393 244 66 -1 -1 -1 -1 label : spot-0.48
143 2 730 395 260 67 -1 -1 -1 -1 label : spot-0.50
144 2 732 395 261 69 -1 -1 -1 -1 label : spot-0.50
145 2 729 396 273 71 -1 -1 -1 -1 label : spot-0.51
146 2 728 396 277 70 -1 -1 -1 -1 label : spot-0.50
149 2 732 396 305 73 -1 -1 -1 -1 label : spot-0.44
150 2 735 396 312 71 -1 -1 -1 -1 label : spot-0.44
158 2 736 400 379 87 -1 -1 -1 -1 label : spot-0.49
166 2 728 403 503 107 -1 -1 -1 -1 label : spot-0.47
169 2 739 404 519 124 -1 -1 -1 -1 label : spot-0.49
170 2 732 403 547 132 -1 -1 -1 -1 label : spot-0.49
171 2 729 402 550 130 -1 -1 -1 -1 label : spot-0.46
172 2 735 402 544 128 -1 -1 -1 -1 label : spot-0.47
175 2 723 401 556 121 -1 -1 -1 -1 label : spot-0.42
176 2 727 401 552 118 -1 -1 -1 -1 label : spot-0.42
179 2 733 398 546 120 -1 -1 -1 -1 label : spot-0.45
180 2 732 397 547 120 -1 -1 -1 -1 label : spot-0.46
181 2 746 397 530 128 -1 -1 -1 -1 label : spot-0.43
182 2 742 397 537 130 -1 -1 -1 -1 label : spot-0.43
195 2 740 399 539 129 -1 -1 -1 -1 label : spot-0.42
196 2 741 400 538 129 -1 -1 -1 -1 label : spot-0.42
211 2 776 406 503 119 -1 -1 -1 -1 label : spot-0.45
212 2 789 408 490 116 -1 -1 -1 -1 label : spot-0.45
321 6 421 374 18 42 -1 -1 -1 -1 label : fireHydrant 0.51
322 6 420 373 20 44 -1 -1 -1 -1 label : fireHydrant 0.51
323 6 420 373 20 43 -1 -1 -1 -1 label : fireHydrant 0.64
324 6 419 373 21 43 -1 -1 -1 -1 label : fireHydrant 0.64
337 6 404 371 24 45 -1 -1 -1 -1 label : fireHydrant 0.45
338 6 399 371 24 46 -1 -1 -1 -1 label : fireHydrant 0.46
341 6 394 371 24 46 -1 -1 -1 -1 label : fireHydrant 0.55
342 6 392 371 24 47 -1 -1 -1 -1 label : fireHydrant 0.55
348 6 386 372 24 48 -1 -1 -1 -1 label : fireHydrant 0.60
349 6 384 372 24 48 -1 -1 -1 -1 label : fireHydrant 0.60
