253 1 1042 420 170 61 -1 -1 -1 -1 label : spot-0.53
254 1 1045 421 168 61 -1 -1 -1 -1 label : spot-0.53
255 1 1045 421 182 64 -1 -1 -1 -1 label : spot-0.52
256 1 1050 422 179 64 -1 -1 -1 -1 label : spot-0.53
257 1 1056 422 189 65 -1 -1 -1 -1 label : spot-0.54
258 1 1058 423 192 64 -1 -1 -1 -1 label : spot-0.54
303 2 854 404 178 40 -1 -1 -1 -1 label : spot-0.50
304 2 856 403 177 40 -1 -1 -1 -1 label : spot-0.50
322 2 891 409 217 44 -1 -1 -1 -1 label : spot-0.60
323 2 887 412 246 43 -1 -1 -1 -1 label : spot-0.61
324 2 891 413 245 42 -1 -1 -1 -1 label : spot-0.61
325 2 901 413 242 44 -1 -1 -1 -1 label : spot-0.55
326 2 902 413 245 44 -1 -1 -1 -1 label : spot-0.55
327 2 903 412 258 47 -1 -1 -1 -1 label : spot-0.56
328 2 902 412 265 48 -1 -1 -1 -1 label : spot-0.56
329 2 904 413 275 48 -1 -1 -1 -1 label : spot-0.64
330 2 904 413 278 49 -1 -1 -1 -1 label : spot-0.63
331 2 906 413 282 50 -1 -1 -1 -1 label : spot-0.61
332 2 906 413 284 50 -1 -1 -1 -1 label : spot-0.63
333 2 911 413 286 54 -1 -1 -1 -1 label : spot-0.58
334 2 909 414 293 54 -1 -1 -1 -1 label : spot-0.57
335 2 908 414 312 54 -1 -1 -1 -1 label : spot-0.58
336 2 912 415 309 54 -1 -1 -1 -1 label : spot-0.59
337 2 920 415 312 55 -1 -1 -1 -1 label : spot-0.60
338 2 921 415 315 56 -1 -1 -1 -1 label : spot-0.60
339 2 912 415 341 57 -1 -1 -1 -1 label : spot-0.58
340 2 912 415 343 57 -1 -1 -1 -1 label : spot-0.58
343 2 970 415 287 64 -1 -1 -1 -1 label : spot-0.55
344 2 977 416 296 65 -1 -1 -1 -1 label : spot-0.56
345 2 967 416 312 65 -1 -1 -1 -1 label : spot-0.54
346 2 970 417 309 65 -1 -1 -1 -1 label : spot-0.54
347 2 954 417 325 65 -1 -1 -1 -1 label : spot-0.52
348 2 953 418 326 64 -1 -1 -1 -1 label : spot-0.52
349 2 965 418 312 65 -1 -1 -1 -1 label : spot-0.55
350 2 965 418 314 66 -1 -1 -1 -1 label : spot-0.56
351 2 984 418 290 67 -1 -1 -1 -1 label : spot-0.56
352 2 985 418 292 68 -1 -1 -1 -1 label : spot-0.55
353 2 994 418 279 73 -1 -1 -1 -1 label : spot-0.59
354 2 992 419 284 74 -1 -1 -1 -1 label : spot-0.60
355 2 995 419 283 76 -1 -1 -1 -1 label : spot-0.58
356 2 996 419 283 77 -1 -1 -1 -1 label : spot-0.57
357 2 987 419 292 77 -1 -1 -1 -1 label : spot-0.55
358 2 982 419 297 77 -1 -1 -1 -1 label : spot-0.55
359 2 1009 421 268 74 -1 -1 -1 -1 label : spot-0.51
360 2 1015 421 264 73 -1 -1 -1 -1 label : spot-0.51
363 2 1029 426 246 75 -1 -1 -1 -1 label : spot-0.55
364 2 1030 427 248 76 -1 -1 -1 -1 label : spot-0.56
365 2 1021 430 258 77 -1 -1 -1 -1 label : spot-0.59
366 2 1026 431 252 78 -1 -1 -1 -1 label : spot-0.59
367 2 1038 430 241 73 -1 -1 -1 -1 label : spot-0.56
368 2 1044 430 235 71 -1 -1 -1 -1 label : spot-0.55
369 2 1057 432 221 72 -1 -1 -1 -1 label : spot-0.59
370 2 1058 432 221 72 -1 -1 -1 -1 label : spot-0.59
372 2 1066 436 212 73 -1 -1 -1 -1 label : spot-0.50
374 2 1074 439 202 76 -1 -1 -1 -1 label : spot-0.50
375 2 1084 441 191 80 -1 -1 -1 -1 label : spot-0.55
376 2 1084 442 195 81 -1 -1 -1 -1 label : spot-0.55
377 2 1086 442 193 81 -1 -1 -1 -1 label : spot-0.53
378 2 1087 442 192 81 -1 -1 -1 -1 label : spot-0.53
445 5 228 443 167 31 -1 -1 -1 -1 label : invalidSpot-entrance 0.50
446 5 226 444 169 31 -1 -1 -1 -1 label : invalidSpot-entrance 0.50
