138 1 225 425 107 54 -1 -1 -1 -1 label : spot-0.49
139 1 219 426 107 54 -1 -1 -1 -1 label : spot-0.50
140 1 210 425 117 57 -1 -1 -1 -1 label : spot-0.59
141 1 208 425 119 58 -1 -1 -1 -1 label : spot-0.59
142 1 197 425 133 57 -1 -1 -1 -1 label : spot-0.56
143 1 196 425 132 57 -1 -1 -1 -1 label : spot-0.55
144 1 186 428 150 57 -1 -1 -1 -1 label : spot-0.53
145 1 185 429 149 57 -1 -1 -1 -1 label : spot-0.54
146 1 169 432 183 58 -1 -1 -1 -1 label : spot-0.57
147 1 169 432 185 59 -1 -1 -1 -1 label : spot-0.57
148 1 158 434 200 61 -1 -1 -1 -1 label : spot-0.55
149 1 156 435 201 61 -1 -1 -1 -1 label : spot-0.55
150 1 146 436 191 63 -1 -1 -1 -1 label : spot-0.55
151 1 141 437 187 63 -1 -1 -1 -1 label : spot-0.54
152 1 129 439 186 64 -1 -1 -1 -1 label : spot-0.59
153 1 124 440 187 63 -1 -1 -1 -1 label : spot-0.59
154 1 105 443 224 62 -1 -1 -1 -1 label : spot-0.57
155 1 106 444 222 62 -1 -1 -1 -1 label : spot-0.57
156 1 96 446 221 63 -1 -1 -1 -1 label : spot-0.47
157 1 92 447 222 63 -1 -1 -1 -1 label : spot-0.47
158 1 79 449 233 66 -1 -1 -1 -1 label : spot-0.48
159 1 74 450 237 67 -1 -1 -1 -1 label : spot-0.47
160 1 67 451 207 70 -1 -1 -1 -1 label : spot-0.47
161 1 58 451 210 72 -1 -1 -1 -1 label : spot-0.47
162 1 27 454 260 71 -1 -1 -1 -1 label : spot-0.50
163 1 26 455 259 70 -1 -1 -1 -1 label : spot-0.50
170 2 3 462 237 99 -1 -1 -1 -1 label : spot-1 0.48
171 2 0 463 240 100 -1 -1 -1 -1 label : spot-1 0.48
172 2 0 463 257 100 -1 -1 -1 -1 label : spot-1 0.49
173 2 0 464 261 98 -1 -1 -1 -1 label : spot-1 0.49
175 2 0 466 258 97 -1 -1 -1 -1 label : spot-1 0.45
256 3 2 401 29 81 -1 -1 -1 -1 label : fireHydrant 0.67
257 3 0 402 28 81 -1 -1 -1 -1 label : fireHydrant 0.67
258 3 0 403 17 81 -1 -1 -1 -1 label : fireHydrant 0.54
259 3 0 405 16 80 -1 -1 -1 -1 label : fireHydrant 0.54
