150 2 899 430 199 123 -1 -1 -1 -1 label : spot-1 0.46
160 2 916 440 237 130 -1 -1 -1 -1 label : spot-1 0.45
161 2 926 444 240 132 -1 -1 -1 -1 label : spot-1 0.45
220 8 239 302 17 49 -1 -1 -1 -1 label : fireHydrant 0.54
221 8 237 301 17 49 -1 -1 -1 -1 label : fireHydrant 0.53
222 8 235 301 16 49 -1 -1 -1 -1 label : fireHydrant 0.50
223 8 234 301 16 48 -1 -1 -1 -1 label : fireHydrant 0.51
224 8 229 303 17 46 -1 -1 -1 -1 label : fireHydrant 0.59
225 8 228 303 16 46 -1 -1 -1 -1 label : fireHydrant 0.58
226 8 223 300 16 49 -1 -1 -1 -1 label : fireHydrant 0.68
227 8 221 299 16 50 -1 -1 -1 -1 label : fireHydrant 0.69
228 8 218 303 16 48 -1 -1 -1 -1 label : fireHydrant 0.60
229 8 218 305 15 46 -1 -1 -1 -1 label : fireHydrant 0.61
230 8 212 303 18 49 -1 -1 -1 -1 label : fireHydrant 0.59
231 8 210 302 19 50 -1 -1 -1 -1 label : fireHydrant 0.60
232 8 204 302 21 53 -1 -1 -1 -1 label : fireHydrant 0.57
233 8 202 302 21 53 -1 -1 -1 -1 label : fireHydrant 0.57
234 8 199 304 22 54 -1 -1 -1 -1 label : fireHydrant 0.52
235 8 199 305 22 54 -1 -1 -1 -1 label : fireHydrant 0.52
236 8 194 305 22 57 -1 -1 -1 -1 label : fireHydrant 0.46
242 8 179 307 21 58 -1 -1 -1 -1 label : fireHydrant 0.59
243 8 173 307 21 59 -1 -1 -1 -1 label : fireHydrant 0.59
246 8 162 305 21 60 -1 -1 -1 -1 label : fireHydrant 0.49
247 8 158 304 21 61 -1 -1 -1 -1 label : fireHydrant 0.49
348 10 854 386 133 58 -1 -1 -1 -1 label : spot-1 0.47
349 10 854 387 137 59 -1 -1 -1 -1 label : spot-1 0.47
350 10 860 387 139 61 -1 -1 -1 -1 label : spot-1 0.49
351 10 861 387 142 62 -1 -1 -1 -1 label : spot-1 0.49
352 10 857 387 156 64 -1 -1 -1 -1 label : spot-1 0.51
353 10 857 388 158 64 -1 -1 -1 -1 label : spot-1 0.51
354 10 857 389 168 66 -1 -1 -1 -1 label : spot-1 0.55
355 10 858 389 169 69 -1 -1 -1 -1 label : spot-1 0.54
356 10 862 389 174 73 -1 -1 -1 -1 label : spot-1 0.55
357 10 863 390 178 73 -1 -1 -1 -1 label : spot-1 0.55
358 10 858 392 199 72 -1 -1 -1 -1 label : spot-1 0.46
359 10 861 392 198 72 -1 -1 -1 -1 label : spot-1 0.46
360 10 868 393 200 73 -1 -1 -1 -1 label : spot-1 0.53
361 10 869 393 203 74 -1 -1 -1 -1 label : spot-1 0.54
362 10 869 395 220 73 -1 -1 -1 -1 label : spot-1 0.50
363 10 872 395 219 73 -1 -1 -1 -1 label : spot-1 0.50
364 10 870 398 240 65 -1 -1 -1 -1 label : spot-1 0.45
368 10 877 400 266 70 -1 -1 -1 -1 label : spot-1 0.55
369 10 881 401 273 72 -1 -1 -1 -1 label : spot-1 0.55
370 10 891 404 284 80 -1 -1 -1 -1 label : spot-1 0.46
371 10 891 405 296 84 -1 -1 -1 -1 label : spot-1 0.46
376 10 883 409 323 72 -1 -1 -1 -1 label : spot-1 0.51
377 10 896 410 301 68 -1 -1 -1 -1 label : spot-1 0.51
378 10 906 414 310 69 -1 -1 -1 -1 label : spot-1 0.46
379 10 909 415 315 69 -1 -1 -1 -1 label : spot-1 0.46
380 10 918 419 317 71 -1 -1 -1 -1 label : spot-1 0.51
381 10 919 421 321 72 -1 -1 -1 -1 label : spot-1 0.51
386 10 941 428 316 74 -1 -1 -1 -1 label : spot-1 0.50
387 10 946 430 320 75 -1 -1 -1 -1 label : spot-1 0.50
406 11 853 365 93 40 -1 -1 -1 -1 label : spot-1 0.47
407 11 853 366 95 39 -1 -1 -1 -1 label : spot-1 0.47
410 11 859 367 100 43 -1 -1 -1 -1 label : spot-1 0.46
411 11 860 368 103 43 -1 -1 -1 -1 label : spot-1 0.46
412 11 861 371 110 46 -1 -1 -1 -1 label : spot-1 0.53
413 11 862 372 112 47 -1 -1 -1 -1 label : spot-1 0.53
414 11 864 373 117 50 -1 -1 -1 -1 label : spot-1 0.53
415 11 865 374 119 50 -1 -1 -1 -1 label : spot-1 0.52
416 11 867 378 126 51 -1 -1 -1 -1 label : spot-1 0.59
417 11 869 379 126 52 -1 -1 -1 -1 label : spot-1 0.58
418 11 875 382 128 52 -1 -1 -1 -1 label : spot-1 0.53
419 11 878 383 128 52 -1 -1 -1 -1 label : spot-1 0.53
420 11 880 384 133 56 -1 -1 -1 -1 label : spot-1 0.51
421 11 880 385 136 56 -1 -1 -1 -1 label : spot-1 0.51
424 11 884 388 151 59 -1 -1 -1 -1 label : spot-1 0.46
425 11 888 389 153 59 -1 -1 -1 -1 label : spot-1 0.46
500 14 965 404 204 71 -1 -1 -1 -1 label : spot-1 0.59
501 14 968 405 205 72 -1 -1 -1 -1 label : spot-1 0.59
502 14 979 405 206 73 -1 -1 -1 -1 label : spot-1 0.57
503 14 984 406 205 72 -1 -1 -1 -1 label : spot-1 0.57
504 14 1004 407 200 78 -1 -1 -1 -1 label : spot-1 0.57
505 14 1007 407 205 80 -1 -1 -1 -1 label : spot-1 0.57
506 14 1000 410 234 83 -1 -1 -1 -1 label : spot-1 0.57
507 14 1001 411 237 84 -1 -1 -1 -1 label : spot-1 0.58
508 14 1017 411 244 81 -1 -1 -1 -1 label : spot-1 0.53
509 14 1028 412 237 80 -1 -1 -1 -1 label : spot-1 0.53
515 14 1040 417 236 99 -1 -1 -1 -1 label : spot-1 0.47
574 16 924 374 125 48 -1 -1 -1 -1 label : spot-1 0.51
575 16 926 374 125 48 -1 -1 -1 -1 label : spot-1 0.50
582 16 935 375 137 51 -1 -1 -1 -1 label : spot-1 0.52
583 16 939 375 140 52 -1 -1 -1 -1 label : spot-1 0.52
584 16 942 375 144 54 -1 -1 -1 -1 label : spot-1 0.53
585 16 942 375 146 55 -1 -1 -1 -1 label : spot-1 0.53
586 16 940 375 157 56 -1 -1 -1 -1 label : spot-1 0.60
587 16 941 375 158 56 -1 -1 -1 -1 label : spot-1 0.59
588 16 946 376 160 56 -1 -1 -1 -1 label : spot-1 0.58
589 16 948 376 160 57 -1 -1 -1 -1 label : spot-1 0.59
590 16 950 377 168 58 -1 -1 -1 -1 label : spot-1 0.59
591 16 951 377 170 59 -1 -1 -1 -1 label : spot-1 0.59
592 16 954 377 171 62 -1 -1 -1 -1 label : spot-1 0.59
593 16 955 378 173 62 -1 -1 -1 -1 label : spot-1 0.60
594 16 954 380 182 62 -1 -1 -1 -1 label : spot-1 0.58
595 16 956 380 181 63 -1 -1 -1 -1 label : spot-1 0.59
596 16 957 381 189 63 -1 -1 -1 -1 label : spot-1 0.62
597 16 958 381 191 64 -1 -1 -1 -1 label : spot-1 0.63
598 16 961 382 196 66 -1 -1 -1 -1 label : spot-1 0.65
599 16 961 383 199 66 -1 -1 -1 -1 label : spot-1 0.64
600 16 963 384 205 65 -1 -1 -1 -1 label : spot-1 0.57
601 16 966 385 203 64 -1 -1 -1 -1 label : spot-1 0.57
602 16 963 385 218 65 -1 -1 -1 -1 label : spot-1 0.61
603 16 965 386 218 64 -1 -1 -1 -1 label : spot-1 0.61
604 16 968 388 228 59 -1 -1 -1 -1 label : spot-1 0.50
605 16 975 389 220 56 -1 -1 -1 -1 label : spot-1 0.50
606 16 987 389 216 65 -1 -1 -1 -1 label : spot-1 0.63
607 16 986 390 225 67 -1 -1 -1 -1 label : spot-1 0.63
608 16 979 390 248 64 -1 -1 -1 -1 label : spot-1 0.49
609 16 983 390 242 62 -1 -1 -1 -1 label : spot-1 0.48
610 16 993 390 234 67 -1 -1 -1 -1 label : spot-1 0.56
611 16 992 390 239 70 -1 -1 -1 -1 label : spot-1 0.56
613 16 992 391 260 69 -1 -1 -1 -1 label : spot-1 0.46
616 16 994 393 281 71 -1 -1 -1 -1 label : spot-1 0.46
617 16 998 394 281 72 -1 -1 -1 -1 label : spot-1 0.47
618 16 1076 397 187 79 -1 -1 -1 -1 label : spot-1 0.50
619 16 1084 398 193 82 -1 -1 -1 -1 label : spot-1 0.50
621 16 1083 397 196 85 -1 -1 -1 -1 label : spot-1 0.45
622 16 1042 396 237 87 -1 -1 -1 -1 label : spot-1 0.55
623 16 1036 396 243 87 -1 -1 -1 -1 label : spot-1 0.55
624 16 1073 397 201 89 -1 -1 -1 -1 label : spot-1 0.53
625 16 1078 397 201 91 -1 -1 -1 -1 label : spot-1 0.52
626 16 1076 397 203 92 -1 -1 -1 -1 label : spot-1 0.53
627 16 1077 398 202 91 -1 -1 -1 -1 label : spot-1 0.53
628 16 1090 397 189 92 -1 -1 -1 -1 label : spot-1 0.47
629 16 1096 397 183 92 -1 -1 -1 -1 label : spot-1 0.48
630 16 1114 397 163 93 -1 -1 -1 -1 label : spot-1 0.53
631 16 1117 398 162 93 -1 -1 -1 -1 label : spot-1 0.54
632 16 1129 398 150 92 -1 -1 -1 -1 label : spot-1 0.54
633 16 1132 399 147 90 -1 -1 -1 -1 label : spot-1 0.54
804 19 795 311 124 23 -1 -1 -1 -1 label : spot-2 0.47
805 19 795 312 122 22 -1 -1 -1 -1 label : spot-2 0.47
806 19 797 312 118 22 -1 -1 -1 -1 label : spot-2 0.49
807 19 797 313 118 21 -1 -1 -1 -1 label : spot-2 0.49
808 19 798 313 115 22 -1 -1 -1 -1 label : spot-2 0.48
809 19 798 313 115 22 -1 -1 -1 -1 label : spot-2 0.48
810 19 798 313 113 22 -1 -1 -1 -1 label : spot-2 0.46
811 19 798 313 113 22 -1 -1 -1 -1 label : spot-2 0.46
812 19 797 313 111 22 -1 -1 -1 -1 label : spot-2 0.48
813 19 797 313 110 22 -1 -1 -1 -1 label : spot-2 0.47
838 20 117 293 13 29 -1 -1 -1 -1 label : fireHydrant 0.50
839 20 116 293 13 29 -1 -1 -1 -1 label : fireHydrant 0.52
840 20 117 292 12 29 -1 -1 -1 -1 label : fireHydrant 0.50
841 20 116 292 12 29 -1 -1 -1 -1 label : fireHydrant 0.52
842 20 116 291 13 29 -1 -1 -1 -1 label : fireHydrant 0.49
843 20 115 290 13 30 -1 -1 -1 -1 label : fireHydrant 0.50
899 22 115 293 12 28 -1 -1 -1 -1 label : fireHydrant 0.53
900 22 115 294 13 27 -1 -1 -1 -1 label : fireHydrant 0.47
901 22 115 294 12 27 -1 -1 -1 -1 label : fireHydrant 0.47
902 22 116 294 11 27 -1 -1 -1 -1 label : fireHydrant 0.49
903 22 116 294 11 27 -1 -1 -1 -1 label : fireHydrant 0.50
904 22 115 294 13 27 -1 -1 -1 -1 label : fireHydrant 0.47
905 22 115 294 13 27 -1 -1 -1 -1 label : fireHydrant 0.47
988 24 103 296 11 25 -1 -1 -1 -1 label : fireHydrant 0.51
989 24 103 295 12 27 -1 -1 -1 -1 label : fireHydrant 0.51
990 24 103 295 13 27 -1 -1 -1 -1 label : fireHydrant 0.47
1004 24 101 292 11 28 -1 -1 -1 -1 label : fireHydrant 0.47
1005 24 101 291 11 28 -1 -1 -1 -1 label : fireHydrant 0.48
1144 26 76 292 14 30 -1 -1 -1 -1 label : fireHydrant 0.49
1145 26 75 291 14 32 -1 -1 -1 -1 label : fireHydrant 0.49
1148 26 75 292 14 30 -1 -1 -1 -1 label : fireHydrant 0.48
1149 26 75 292 13 30 -1 -1 -1 -1 label : fireHydrant 0.47
1150 26 75 292 13 31 -1 -1 -1 -1 label : fireHydrant 0.48
1151 26 74 293 13 30 -1 -1 -1 -1 label : fireHydrant 0.48
1166 26 66 295 15 33 -1 -1 -1 -1 label : fireHydrant 0.46
1167 26 63 296 15 34 -1 -1 -1 -1 label : fireHydrant 0.46
1168 26 61 297 16 34 -1 -1 -1 -1 label : fireHydrant 0.52
1169 26 61 298 16 33 -1 -1 -1 -1 label : fireHydrant 0.52
1170 26 59 298 17 33 -1 -1 -1 -1 label : fireHydrant 0.55
1171 26 59 298 16 33 -1 -1 -1 -1 label : fireHydrant 0.55
1172 26 59 297 14 33 -1 -1 -1 -1 label : fireHydrant 0.57
1173 26 59 297 14 32 -1 -1 -1 -1 label : fireHydrant 0.57
1174 26 58 297 15 31 -1 -1 -1 -1 label : fireHydrant 0.50
1175 26 58 297 15 31 -1 -1 -1 -1 label : fireHydrant 0.50
