216 2 1000 428 59 120 -1 -1 -1 -1 label : fireHydrant 0.20
217 2 1004 429 59 121 -1 -1 -1 -1 label : fireHydrant 0.17
218 2 1014 428 59 124 -1 -1 -1 -1 label : fireHydrant 0.21
219 2 1017 428 60 125 -1 -1 -1 -1 label : fireHydrant 0.20
222 2 1028 434 79 117 -1 -1 -1 -1 label : fireHydrant 0.12
223 2 1036 437 78 113 -1 -1 -1 -1 label : fireHydrant 0.13
245 2 833 422 178 76 -1 -1 -1 -1 label : spot-1 0.14
264 2 895 445 301 62 -1 -1 -1 -1 label : invalidSpot-entrance 0.13
265 2 914 448 295 61 -1 -1 -1 -1 label : invalidSpot-entrance 0.13
266 2 922 452 334 66 -1 -1 -1 -1 label : invalidSpot-entrance 0.12
267 2 928 454 342 68 -1 -1 -1 -1 label : invalidSpot-entrance 0.13
276 2 998 476 275 83 -1 -1 -1 -1 label : invalidSpot-entrance 0.29
277 2 1000 479 279 86 -1 -1 -1 -1 label : invalidSpot-entrance 0.28
294 8 727 395 109 56 -1 -1 -1 -1 label : spot-1 0.33
295 8 727 396 110 56 -1 -1 -1 -1 label : spot-1 0.32
296 8 727 396 116 61 -1 -1 -1 -1 label : spot-1 0.27
297 8 727 396 118 63 -1 -1 -1 -1 label : spot-1 0.27
298 8 729 398 123 63 -1 -1 -1 -1 label : spot-1 0.33
299 8 730 398 124 64 -1 -1 -1 -1 label : spot-1 0.33
300 8 730 398 128 64 -1 -1 -1 -1 label : spot-1 0.19
301 8 731 398 128 63 -1 -1 -1 -1 label : spot-1 0.19
302 8 731 397 134 67 -1 -1 -1 -1 label : spot-1 0.15
303 8 731 397 136 68 -1 -1 -1 -1 label : spot-1 0.15
306 8 734 399 147 68 -1 -1 -1 -1 label : spot-1 0.12
307 8 738 400 146 68 -1 -1 -1 -1 label : spot-1 0.13
310 8 740 401 162 76 -1 -1 -1 -1 label : spot-1 0.35
311 8 740 402 169 78 -1 -1 -1 -1 label : spot-1 0.35
312 8 741 404 180 84 -1 -1 -1 -1 label : spot-1 0.31
313 8 741 405 184 86 -1 -1 -1 -1 label : spot-1 0.31
314 8 745 405 192 84 -1 -1 -1 -1 label : spot-1 0.17
315 8 750 406 189 82 -1 -1 -1 -1 label : spot-1 0.15
316 8 752 407 203 75 -1 -1 -1 -1 label : spot-1 0.14
317 8 760 408 194 73 -1 -1 -1 -1 label : spot-1 0.14
318 8 761 410 215 63 -1 -1 -1 -1 label : spot-1 0.16
319 8 772 411 201 59 -1 -1 -1 -1 label : spot-1 0.15
320 8 764 412 229 53 -1 -1 -1 -1 label : spot-1 0.12
321 8 770 412 222 52 -1 -1 -1 -1 label : spot-1 0.13
322 8 772 414 231 54 -1 -1 -1 -1 label : spot-1 0.21
323 8 771 415 237 54 -1 -1 -1 -1 label : spot-1 0.21
324 8 769 415 254 54 -1 -1 -1 -1 label : spot-1 0.17
325 8 772 416 253 53 -1 -1 -1 -1 label : spot-1 0.17
326 8 785 417 270 52 -1 -1 -1 -1 label : spot-1 0.16
327 8 793 418 270 51 -1 -1 -1 -1 label : spot-1 0.15
328 8 793 419 264 50 -1 -1 -1 -1 label : spot-1 0.16
329 8 791 419 264 50 -1 -1 -1 -1 label : spot-1 0.16
330 8 790 420 250 45 -1 -1 -1 -1 label : spot-1 0.13
331 8 791 420 241 43 -1 -1 -1 -1 label : spot-1 0.13
332 8 787 423 260 39 -1 -1 -1 -1 label : spot-1 0.17
333 8 792 423 253 39 -1 -1 -1 -1 label : spot-1 0.17
334 8 811 423 235 43 -1 -1 -1 -1 label : spot-1 0.16
335 8 812 423 241 44 -1 -1 -1 -1 label : spot-1 0.15
336 8 809 426 254 44 -1 -1 -1 -1 label : spot-1 0.20
336 11 908 458 371 67 -1 -1 -1 -1 label : invalidSpot-entrance 0.18
337 8 812 427 252 43 -1 -1 -1 -1 label : spot-1 0.20
337 11 869 457 410 65 -1 -1 -1 -1 label : invalidSpot-entrance 0.18
340 11 842 438 300 57 -1 -1 -1 -1 label : spot-1 0.18
341 11 822 431 290 56 -1 -1 -1 -1 label : spot-1 0.18
342 11 899 428 199 57 -1 -1 -1 -1 label : spot-1 0.21
342 13 939 455 327 104 -1 -1 -1 -1 label : invalidSpot-entrance 0.18
343 11 908 427 202 58 -1 -1 -1 -1 label : spot-1 0.20
343 13 941 453 337 108 -1 -1 -1 -1 label : invalidSpot-entrance 0.18
344 11 850 431 293 61 -1 -1 -1 -1 label : spot-1 0.29
344 13 935 473 344 102 -1 -1 -1 -1 label : invalidSpot-entrance 0.28
345 11 844 433 295 61 -1 -1 -1 -1 label : spot-1 0.27
345 13 936 479 343 100 -1 -1 -1 -1 label : invalidSpot-entrance 0.26
346 11 840 437 306 63 -1 -1 -1 -1 label : spot-1 0.19
346 13 868 456 411 99 -1 -1 -1 -1 label : spot-1 0.12
347 11 841 439 307 63 -1 -1 -1 -1 label : spot-1 0.19
347 13 857 448 418 97 -1 -1 -1 -1 label : spot-1 0.12
348 11 830 439 312 62 -1 -1 -1 -1 label : spot-1 0.24
349 13 841 444 430 88 -1 -1 -1 -1 label : spot-1 0.25
350 13 862 445 403 93 -1 -1 -1 -1 label : spot-1 0.27
351 13 860 445 413 94 -1 -1 -1 -1 label : spot-1 0.27
352 13 894 449 365 113 -1 -1 -1 -1 label : spot-1 0.25
353 13 888 451 385 119 -1 -1 -1 -1 label : spot-1 0.25
354 13 909 451 369 116 -1 -1 -1 -1 label : spot-1 0.14
355 13 911 452 368 113 -1 -1 -1 -1 label : spot-1 0.15
356 13 917 451 362 113 -1 -1 -1 -1 label : spot-1 0.19
357 13 916 450 363 113 -1 -1 -1 -1 label : spot-1 0.19
358 13 931 451 347 112 -1 -1 -1 -1 label : spot-1 0.20
359 13 934 451 345 112 -1 -1 -1 -1 label : spot-1 0.20
360 13 931 453 348 113 -1 -1 -1 -1 label : spot-1 0.11
361 13 929 453 350 113 -1 -1 -1 -1 label : spot-1 0.11
362 13 940 457 337 114 -1 -1 -1 -1 label : spot-1 0.10
364 13 1064 447 191 114 -1 -1 -1 -1 label : spot-1 0.14
365 13 1083 444 189 113 -1 -1 -1 -1 label : spot-1 0.14
474 16 768 392 214 118 -1 -1 -1 -1 label : spot-1 0.13
475 16 770 390 217 121 -1 -1 -1 -1 label : spot-1 0.12
508 19 722 346 14 46 -1 -1 -1 -1 label : fireHydrant 0.28
509 19 723 347 14 46 -1 -1 -1 -1 label : fireHydrant 0.28
510 19 725 347 13 46 -1 -1 -1 -1 label : fireHydrant 0.12
511 19 726 348 13 45 -1 -1 -1 -1 label : fireHydrant 0.11
512 19 729 346 13 47 -1 -1 -1 -1 label : fireHydrant 0.10
513 19 730 346 14 48 -1 -1 -1 -1 label : fireHydrant 0.10
514 19 731 344 13 49 -1 -1 -1 -1 label : fireHydrant 0.14
515 19 732 344 13 49 -1 -1 -1 -1 label : fireHydrant 0.15
516 19 733 345 14 48 -1 -1 -1 -1 label : fireHydrant 0.12
517 19 734 345 14 49 -1 -1 -1 -1 label : fireHydrant 0.13
518 19 735 345 16 48 -1 -1 -1 -1 label : fireHydrant 0.23
519 19 736 345 16 48 -1 -1 -1 -1 label : fireHydrant 0.19
520 19 738 342 14 51 -1 -1 -1 -1 label : fireHydrant 0.37
521 19 738 342 15 52 -1 -1 -1 -1 label : fireHydrant 0.38
522 19 741 343 13 51 -1 -1 -1 -1 label : fireHydrant 0.21
523 19 742 343 13 52 -1 -1 -1 -1 label : fireHydrant 0.21
524 19 745 343 13 52 -1 -1 -1 -1 label : fireHydrant 0.21
525 19 746 343 13 53 -1 -1 -1 -1 label : fireHydrant 0.21
528 19 747 345 14 53 -1 -1 -1 -1 label : fireHydrant 0.10
529 19 748 346 14 52 -1 -1 -1 -1 label : fireHydrant 0.10
530 19 750 345 16 53 -1 -1 -1 -1 label : fireHydrant 0.23
531 19 751 345 16 53 -1 -1 -1 -1 label : fireHydrant 0.21
532 19 753 345 15 53 -1 -1 -1 -1 label : fireHydrant 0.17
533 19 754 346 15 52 -1 -1 -1 -1 label : fireHydrant 0.16
537 19 758 346 15 54 -1 -1 -1 -1 label : fireHydrant 0.11
538 19 760 348 15 53 -1 -1 -1 -1 label : fireHydrant 0.20
539 19 761 348 14 53 -1 -1 -1 -1 label : fireHydrant 0.20
540 19 762 347 15 54 -1 -1 -1 -1 label : fireHydrant 0.14
541 19 762 347 16 55 -1 -1 -1 -1 label : fireHydrant 0.13
542 19 765 347 16 57 -1 -1 -1 -1 label : fireHydrant 0.11
