83 5 629 333 120 37 -1 -1 -1 -1 label : spot-2 0.47
84 5 631 335 122 39 -1 -1 -1 -1 label : spot-2 0.53
85 5 631 337 128 39 -1 -1 -1 -1 label : spot-2 0.46
86 5 632 338 133 38 -1 -1 -1 -1 label : spot-2 0.47
87 5 637 339 133 41 -1 -1 -1 -1 label : spot-2 0.50
88 5 637 340 142 42 -1 -1 -1 -1 label : spot-2 0.66
89 5 639 341 147 46 -1 -1 -1 -1 label : spot-2 0.72
90 5 636 342 160 45 -1 -1 -1 -1 label : spot-2 0.73
91 5 639 343 164 49 -1 -1 -1 -1 label : spot-2 0.75
92 5 640 344 171 53 -1 -1 -1 -1 label : spot-2 0.75
93 5 635 344 191 52 -1 -1 -1 -1 label : spot-2 0.71
94 5 638 344 199 53 -1 -1 -1 -1 label : spot-2 0.74
95 5 642 343 206 55 -1 -1 -1 -1 label : spot-2 0.74
96 5 643 341 217 59 -1 -1 -1 -1 label : spot-2 0.72
97 5 641 339 237 63 -1 -1 -1 -1 label : spot-2 0.67
98 5 644 338 247 65 -1 -1 -1 -1 label : spot-2 0.65
99 5 645 338 268 67 -1 -1 -1 -1 label : spot-2 0.67
100 5 646 338 286 70 -1 -1 -1 -1 label : spot-2 0.60
101 5 649 339 306 75 -1 -1 -1 -1 label : spot-2 0.61
102 5 651 339 326 81 -1 -1 -1 -1 label : spot-2 0.68
103 5 654 342 347 90 -1 -1 -1 -1 label : spot-2 0.66
104 5 662 344 368 105 -1 -1 -1 -1 label : spot-2 0.68
105 5 656 347 419 113 -1 -1 -1 -1 label : spot-2 0.63
106 5 660 349 463 124 -1 -1 -1 -1 label : spot-2 0.52
107 5 657 351 518 135 -1 -1 -1 -1 label : spot-2 0.57
108 5 659 351 564 149 -1 -1 -1 -1 label : spot-2 0.56
109 5 667 355 593 166 -1 -1 -1 -1 label : spot-2 0.48
110 5 669 355 607 177 -1 -1 -1 -1 label : spot-2 0.51
111 5 671 355 608 188 -1 -1 -1 -1 label : spot-2 0.52
112 5 665 355 614 190 -1 -1 -1 -1 label : spot-2 0.59
113 5 666 354 613 191 -1 -1 -1 -1 label : spot-2 0.57
114 5 662 354 617 187 -1 -1 -1 -1 label : spot-2 0.56
115 5 664 355 615 186 -1 -1 -1 -1 label : spot-2 0.58
116 5 672 355 607 191 -1 -1 -1 -1 label : spot-2 0.63
117 5 671 355 608 191 -1 -1 -1 -1 label : spot-2 0.65
118 5 673 355 606 192 -1 -1 -1 -1 label : spot-2 0.64
119 5 674 355 605 190 -1 -1 -1 -1 label : spot-2 0.66
120 5 680 355 599 194 -1 -1 -1 -1 label : spot-2 0.63
121 5 672 355 607 188 -1 -1 -1 -1 label : spot-2 0.62
122 5 678 355 601 183 -1 -1 -1 -1 label : spot-2 0.58
123 5 683 353 596 184 -1 -1 -1 -1 label : spot-2 0.64
124 5 688 354 591 185 -1 -1 -1 -1 label : spot-2 0.65
125 5 686 353 593 183 -1 -1 -1 -1 label : spot-2 0.52
126 5 687 355 592 174 -1 -1 -1 -1 label : spot-2 0.60
127 5 697 358 582 171 -1 -1 -1 -1 label : spot-2 0.60
128 5 693 359 586 162 -1 -1 -1 -1 label : spot-2 0.64
129 5 704 361 575 161 -1 -1 -1 -1 label : spot-2 0.66
130 5 710 364 566 162 -1 -1 -1 -1 label : spot-2 0.64
131 5 715 366 563 163 -1 -1 -1 -1 label : spot-2 0.66
132 5 718 368 560 165 -1 -1 -1 -1 label : spot-2 0.67
133 5 717 369 562 166 -1 -1 -1 -1 label : spot-2 0.71
134 5 721 371 558 167 -1 -1 -1 -1 label : spot-2 0.72
135 5 720 372 559 161 -1 -1 -1 -1 label : spot-2 0.71
136 5 730 373 549 160 -1 -1 -1 -1 label : spot-2 0.70
137 5 733 374 546 157 -1 -1 -1 -1 label : spot-2 0.73
138 5 737 374 542 151 -1 -1 -1 -1 label : spot-2 0.69
139 5 744 375 533 148 -1 -1 -1 -1 label : spot-2 0.70
140 5 753 376 522 148 -1 -1 -1 -1 label : spot-2 0.69
141 5 757 378 518 150 -1 -1 -1 -1 label : spot-2 0.68
142 5 767 381 505 154 -1 -1 -1 -1 label : spot-2 0.65
143 5 763 383 516 155 -1 -1 -1 -1 label : spot-2 0.65
144 5 773 386 506 154 -1 -1 -1 -1 label : spot-2 0.61
145 5 785 390 494 151 -1 -1 -1 -1 label : spot-2 0.59
146 5 795 394 483 151 -1 -1 -1 -1 label : spot-2 0.59
147 5 803 397 474 153 -1 -1 -1 -1 label : spot-2 0.57
148 5 812 401 467 152 -1 -1 -1 -1 label : spot-2 0.56
149 5 823 404 452 157 -1 -1 -1 -1 label : spot-2 0.51
163 6 669 333 82 39 -1 -1 -1 -1 label : spot-1 0.46
164 6 676 332 80 41 -1 -1 -1 -1 label : spot-1 0.51
165 6 673 331 89 42 -1 -1 -1 -1 label : spot-1 0.53
166 6 676 332 90 42 -1 -1 -1 -1 label : spot-1 0.47
169 6 671 336 114 42 -1 -1 -1 -1 label : spot-1 0.47
177 6 678 348 162 44 -1 -1 -1 -1 label : spot-2 0.46
178 6 690 352 171 49 -1 -1 -1 -1 label : spot-2 0.56
179 5 703 356 192 78 -1 -1 -1 -1 label : spot-2 0.51
180 5 688 354 206 73 -1 -1 -1 -1 label : spot-2 0.57
181 5 689 355 213 68 -1 -1 -1 -1 label : spot-2 0.64
182 5 689 355 227 68 -1 -1 -1 -1 label : spot-2 0.70
183 5 691 355 240 71 -1 -1 -1 -1 label : spot-2 0.68
184 5 700 356 255 72 -1 -1 -1 -1 label : spot-2 0.68
185 5 709 356 269 82 -1 -1 -1 -1 label : spot-2 0.68
186 5 710 355 297 89 -1 -1 -1 -1 label : spot-2 0.67
187 5 708 356 325 103 -1 -1 -1 -1 label : spot-2 0.70
188 5 703 355 366 113 -1 -1 -1 -1 label : spot-2 0.58
189 5 700 356 418 114 -1 -1 -1 -1 label : spot-2 0.65
190 5 704 357 457 121 -1 -1 -1 -1 label : spot-2 0.60
192 5 708 360 538 133 -1 -1 -1 -1 label : spot-2 0.48
193 5 720 364 549 142 -1 -1 -1 -1 label : spot-2 0.65
194 5 714 367 565 141 -1 -1 -1 -1 label : spot-2 0.67
195 5 733 370 544 152 -1 -1 -1 -1 label : spot-2 0.66
196 5 732 374 547 157 -1 -1 -1 -1 label : spot-2 0.65
197 5 731 377 548 160 -1 -1 -1 -1 label : spot-2 0.68
198 5 733 379 546 163 -1 -1 -1 -1 label : spot-2 0.69
199 5 725 381 554 161 -1 -1 -1 -1 label : spot-2 0.69
200 5 733 382 546 163 -1 -1 -1 -1 label : spot-2 0.70
201 5 730 384 549 158 -1 -1 -1 -1 label : spot-2 0.70
202 5 744 382 535 165 -1 -1 -1 -1 label : spot-2 0.71
203 5 742 381 537 165 -1 -1 -1 -1 label : spot-2 0.69
204 5 748 381 531 163 -1 -1 -1 -1 label : spot-2 0.65
205 5 750 382 529 154 -1 -1 -1 -1 label : spot-2 0.66
206 5 768 384 509 158 -1 -1 -1 -1 label : spot-2 0.66
207 5 768 387 511 156 -1 -1 -1 -1 label : spot-2 0.64
208 5 771 390 508 157 -1 -1 -1 -1 label : spot-2 0.62
209 5 778 394 501 154 -1 -1 -1 -1 label : spot-2 0.60
210 5 784 398 495 150 -1 -1 -1 -1 label : spot-2 0.62
211 5 792 401 487 150 -1 -1 -1 -1 label : spot-2 0.65
212 5 800 403 479 148 -1 -1 -1 -1 label : spot-2 0.59
213 5 809 407 470 148 -1 -1 -1 -1 label : spot-2 0.57
217 5 825 417 454 137 -1 -1 -1 -1 label : spot-1 0.54
218 5 844 422 435 134 -1 -1 -1 -1 label : spot-1 0.51
219 5 857 426 422 132 -1 -1 -1 -1 label : spot-1 0.50
220 5 863 429 416 131 -1 -1 -1 -1 label : spot-1 0.51
221 5 915 433 352 137 -1 -1 -1 -1 label : spot-1 0.51
222 5 943 438 330 138 -1 -1 -1 -1 label : spot-1 0.52
223 5 989 443 283 136 -1 -1 -1 -1 label : spot-1 0.49
258 8 657 378 399 103 -1 -1 -1 -1 label : invalidspot-coloredCurb 0.47
259 8 641 382 443 114 -1 -1 -1 -1 label : invalidspot-coloredCurb 0.48
272 10 974 334 49 90 -1 -1 -1 -1 label : fireHydrant 0.46
273 10 987 335 49 96 -1 -1 -1 -1 label : fireHydrant 0.52
274 10 999 338 53 99 -1 -1 -1 -1 label : fireHydrant 0.48
275 10 1012 340 54 99 -1 -1 -1 -1 label : fireHydrant 0.57
276 10 1023 338 57 105 -1 -1 -1 -1 label : fireHydrant 0.55
277 10 1036 342 59 105 -1 -1 -1 -1 label : fireHydrant 0.59
278 10 1050 343 61 108 -1 -1 -1 -1 label : fireHydrant 0.56
279 10 1068 344 56 109 -1 -1 -1 -1 label : fireHydrant 0.57
280 10 1081 346 61 113 -1 -1 -1 -1 label : fireHydrant 0.55
281 10 1094 347 66 118 -1 -1 -1 -1 label : fireHydrant 0.57
282 10 1113 351 64 114 -1 -1 -1 -1 label : fireHydrant 0.57
283 10 1127 352 69 120 -1 -1 -1 -1 label : fireHydrant 0.52
284 10 1143 354 73 124 -1 -1 -1 -1 label : fireHydrant 0.48
286 10 1179 356 69 130 -1 -1 -1 -1 label : fireHydrant 0.48
287 10 1195 358 70 132 -1 -1 -1 -1 label : fireHydrant 0.46
291 12 920 430 359 176 -1 -1 -1 -1 label : invalidspot-coloredCurb 0.52
292 12 929 434 350 167 -1 -1 -1 -1 label : invalidspot-coloredCurb 0.57
293 12 928 434 351 160 -1 -1 -1 -1 label : invalidspot-coloredCurb 0.60
294 12 937 436 339 163 -1 -1 -1 -1 label : invalidspot-coloredCurb 0.55
295 12 942 440 337 157 -1 -1 -1 -1 label : invalidspot-coloredCurb 0.55
299 12 960 446 319 149 -1 -1 -1 -1 label : invalidspot-coloredCurb 0.50
300 12 972 451 307 141 -1 -1 -1 -1 label : invalidspot-coloredCurb 0.53
301 12 984 456 294 136 -1 -1 -1 -1 label : invalidspot-coloredCurb 0.60
302 12 996 459 282 134 -1 -1 -1 -1 label : invalidspot-coloredCurb 0.52
303 12 1009 462 265 138 -1 -1 -1 -1 label : invalidspot-coloredCurb 0.50
304 12 1016 465 263 136 -1 -1 -1 -1 label : invalidspot-coloredCurb 0.49
307 12 1047 474 228 132 -1 -1 -1 -1 label : invalidspot-coloredCurb 0.46
309 12 1060 482 219 118 -1 -1 -1 -1 label : invalidspot-coloredCurb 0.48
310 12 1076 488 202 114 -1 -1 -1 -1 label : invalidspot-coloredCurb 0.45
