3 1 955 434 322 66 -1 -1 -1 -1 label : spot-2 0.30
4 1 954 435 325 67 -1 -1 -1 -1 label : spot-2 0.31
7 1 952 434 327 68 -1 -1 -1 -1 label : spot-2 0.36
8 1 952 434 327 68 -1 -1 -1 -1 label : spot-2 0.36
33 2 189 401 94 29 -1 -1 -1 -1 label : spot-1 0.35
34 2 187 402 94 28 -1 -1 -1 -1 label : spot-1 0.35
35 2 180 401 95 29 -1 -1 -1 -1 label : spot-1 0.31
36 2 177 401 97 29 -1 -1 -1 -1 label : spot-1 0.31
37 2 168 402 104 30 -1 -1 -1 -1 label : spot-1 0.38
38 2 167 402 102 30 -1 -1 -1 -1 label : spot-1 0.37
39 2 159 402 114 31 -1 -1 -1 -1 label : spot-1 0.32
40 2 159 402 112 31 -1 -1 -1 -1 label : spot-1 0.32
41 2 153 402 103 31 -1 -1 -1 -1 label : spot-1 0.32
42 2 148 402 104 31 -1 -1 -1 -1 label : spot-1 0.32
43 2 140 401 111 32 -1 -1 -1 -1 label : spot-1 0.33
44 2 138 401 111 32 -1 -1 -1 -1 label : spot-1 0.33
45 2 131 402 114 31 -1 -1 -1 -1 label : spot-1 0.31
46 2 130 402 112 31 -1 -1 -1 -1 label : spot-1 0.31
53 2 101 400 125 34 -1 -1 -1 -1 label : spot-1 0.34
54 2 90 400 130 34 -1 -1 -1 -1 label : spot-1 0.34
137 4 295 345 201 41 -1 -1 -1 -1 label : spot-2 0.30
138 4 296 345 201 41 -1 -1 -1 -1 label : spot-2 0.31
145 4 278 345 209 42 -1 -1 -1 -1 label : spot-2 0.34
146 4 272 344 212 43 -1 -1 -1 -1 label : spot-2 0.33
147 4 265 344 219 44 -1 -1 -1 -1 label : spot-2 0.32
148 4 263 343 221 45 -1 -1 -1 -1 label : spot-2 0.30
149 4 261 343 224 45 -1 -1 -1 -1 label : spot-2 0.37
150 4 260 342 226 46 -1 -1 -1 -1 label : spot-2 0.37
167 4 217 345 257 51 -1 -1 -1 -1 label : spot-2 0.34
168 4 201 346 269 53 -1 -1 -1 -1 label : spot-2 0.33
171 4 183 348 281 53 -1 -1 -1 -1 label : spot-2 0.37
172 4 182 349 275 53 -1 -1 -1 -1 label : spot-2 0.38
173 4 173 349 291 53 -1 -1 -1 -1 label : spot-2 0.36
174 4 172 349 292 53 -1 -1 -1 -1 label : spot-2 0.35
175 4 167 349 294 54 -1 -1 -1 -1 label : spot-2 0.38
176 4 165 350 296 52 -1 -1 -1 -1 label : spot-2 0.38
179 4 156 350 300 55 -1 -1 -1 -1 label : spot-2 0.31
180 4 152 351 302 56 -1 -1 -1 -1 label : spot-2 0.32
183 4 137 351 313 59 -1 -1 -1 -1 label : spot-2 0.41
184 4 129 351 322 60 -1 -1 -1 -1 label : spot-2 0.41
185 4 123 353 326 62 -1 -1 -1 -1 label : spot-2 0.47
186 4 121 353 328 64 -1 -1 -1 -1 label : spot-2 0.47
187 4 112 353 343 64 -1 -1 -1 -1 label : spot-2 0.47
188 4 112 353 343 64 -1 -1 -1 -1 label : spot-2 0.46
189 4 103 354 357 65 -1 -1 -1 -1 label : spot-2 0.48
190 4 103 354 356 67 -1 -1 -1 -1 label : spot-2 0.48
191 4 90 356 373 67 -1 -1 -1 -1 label : spot-2 0.52
192 4 88 357 375 67 -1 -1 -1 -1 label : spot-2 0.54
193 4 85 357 380 68 -1 -1 -1 -1 label : spot-2 0.55
193 5 1088 393 108 62 -1 -1 -1 -1 label : spot-1 0.41
194 4 84 358 383 68 -1 -1 -1 -1 label : spot-2 0.55
194 5 1089 394 108 63 -1 -1 -1 -1 label : spot-1 0.41
195 4 64 358 398 69 -1 -1 -1 -1 label : spot-2 0.58
195 5 1056 398 159 62 -1 -1 -1 -1 label : spot-1 0.32
196 4 59 358 400 69 -1 -1 -1 -1 label : spot-2 0.58
196 5 1054 399 159 62 -1 -1 -1 -1 label : spot-1 0.32
197 4 53 357 409 71 -1 -1 -1 -1 label : spot-2 0.56
197 5 1105 395 110 67 -1 -1 -1 -1 label : spot-1 0.43
198 4 51 357 411 72 -1 -1 -1 -1 label : spot-2 0.57
198 5 1113 393 113 69 -1 -1 -1 -1 label : spot-1 0.43
199 4 50 357 413 71 -1 -1 -1 -1 label : spot-2 0.50
199 5 1111 397 132 69 -1 -1 -1 -1 label : spot-1 0.44
200 4 51 357 412 71 -1 -1 -1 -1 label : spot-2 0.50
200 5 1114 398 132 69 -1 -1 -1 -1 label : spot-1 0.44
201 4 22 359 439 70 -1 -1 -1 -1 label : spot-2 0.47
201 5 1125 401 140 68 -1 -1 -1 -1 label : spot-1 0.39
202 4 18 360 434 69 -1 -1 -1 -1 label : spot-2 0.47
202 5 1130 402 140 67 -1 -1 -1 -1 label : spot-1 0.39
203 4 7 359 448 74 -1 -1 -1 -1 label : spot-2 0.42
203 5 1069 409 210 75 -1 -1 -1 -1 label : spot-1 0.34
204 4 0 358 459 76 -1 -1 -1 -1 label : spot-2 0.43
204 5 1056 411 223 78 -1 -1 -1 -1 label : spot-1 0.34
205 4 7 359 450 73 -1 -1 -1 -1 label : spot-2 0.38
205 5 1088 413 186 81 -1 -1 -1 -1 label : spot-1 0.32
206 4 11 359 444 72 -1 -1 -1 -1 label : spot-2 0.38
206 5 1090 414 189 82 -1 -1 -1 -1 label : spot-1 0.32
207 4 5 360 451 72 -1 -1 -1 -1 label : spot-2 0.33
208 5 1087 414 192 80 -1 -1 -1 -1 label : spot-1 0.33
209 4 0 358 458 73 -1 -1 -1 -1 label : spot-2 0.33
209 5 1114 416 164 76 -1 -1 -1 -1 label : spot-1 0.31
210 4 0 358 458 73 -1 -1 -1 -1 label : spot-2 0.32
210 5 1117 416 162 75 -1 -1 -1 -1 label : spot-1 0.30
211 4 0 357 461 73 -1 -1 -1 -1 label : spot-2 0.38
212 4 0 357 461 73 -1 -1 -1 -1 label : spot-2 0.37
213 4 0 357 446 71 -1 -1 -1 -1 label : spot-2 0.30
214 4 0 357 443 71 -1 -1 -1 -1 label : spot-2 0.30
215 4 0 357 452 72 -1 -1 -1 -1 label : spot-2 0.49
216 4 0 357 455 72 -1 -1 -1 -1 label : spot-2 0.49
217 4 0 357 461 71 -1 -1 -1 -1 label : spot-2 0.30
219 4 1 357 455 71 -1 -1 -1 -1 label : spot-2 0.33
220 4 0 357 457 71 -1 -1 -1 -1 label : spot-2 0.32
221 4 3 357 451 75 -1 -1 -1 -1 label : spot-2 0.40
222 4 1 357 455 76 -1 -1 -1 -1 label : spot-2 0.39
223 4 0 356 472 74 -1 -1 -1 -1 label : spot-2 0.35
224 4 0 356 471 73 -1 -1 -1 -1 label : spot-2 0.36
225 4 0 355 467 73 -1 -1 -1 -1 label : spot-2 0.31
226 4 0 355 465 73 -1 -1 -1 -1 label : spot-2 0.33
227 4 3 354 459 75 -1 -1 -1 -1 label : spot-2 0.32
228 4 0 354 465 75 -1 -1 -1 -1 label : spot-2 0.32
229 4 0 355 463 74 -1 -1 -1 -1 label : spot-2 0.41
230 4 0 355 460 75 -1 -1 -1 -1 label : spot-2 0.41
231 4 0 355 460 75 -1 -1 -1 -1 label : spot-2 0.32
231 7 810 352 83 23 -1 -1 -1 -1 label : spot-1 0.30
232 7 809 353 84 23 -1 -1 -1 -1 label : spot-1 0.32
233 4 0 355 449 76 -1 -1 -1 -1 label : spot-2 0.35
233 7 811 352 81 24 -1 -1 -1 -1 label : spot-1 0.34
234 4 0 355 449 76 -1 -1 -1 -1 label : spot-2 0.35
234 7 811 352 82 24 -1 -1 -1 -1 label : spot-1 0.35
235 4 3 354 442 79 -1 -1 -1 -1 label : spot-2 0.37
236 4 0 354 450 79 -1 -1 -1 -1 label : spot-2 0.36
237 4 0 356 449 77 -1 -1 -1 -1 label : spot-2 0.30
238 4 1 356 443 78 -1 -1 -1 -1 label : spot-2 0.31
239 4 0 354 448 79 -1 -1 -1 -1 label : spot-2 0.42
240 4 1 354 446 79 -1 -1 -1 -1 label : spot-2 0.43
241 4 7 359 411 79 -1 -1 -1 -1 label : spot-2 0.40
242 4 3 361 411 79 -1 -1 -1 -1 label : spot-2 0.40
243 4 0 361 421 76 -1 -1 -1 -1 label : spot-2 0.37
244 4 1 362 414 74 -1 -1 -1 -1 label : spot-2 0.38
245 4 1 360 426 75 -1 -1 -1 -1 label : spot-2 0.30
246 4 1 360 435 75 -1 -1 -1 -1 label : spot-2 0.31
247 4 6 358 429 76 -1 -1 -1 -1 label : spot-2 0.32
248 4 4 358 435 76 -1 -1 -1 -1 label : spot-2 0.33
249 4 6 358 420 76 -1 -1 -1 -1 label : spot-2 0.35
250 4 4 358 421 76 -1 -1 -1 -1 label : spot-2 0.35
251 4 0 358 435 73 -1 -1 -1 -1 label : spot-2 0.43
252 4 1 358 431 72 -1 -1 -1 -1 label : spot-2 0.43
253 4 5 357 432 76 -1 -1 -1 -1 label : spot-2 0.42
254 4 2 357 443 77 -1 -1 -1 -1 label : spot-2 0.42
255 4 4 356 447 81 -1 -1 -1 -1 label : spot-2 0.50
256 4 1 356 456 82 -1 -1 -1 -1 label : spot-2 0.51
257 4 0 357 456 77 -1 -1 -1 -1 label : spot-2 0.47
258 4 0 357 448 75 -1 -1 -1 -1 label : spot-2 0.46
259 4 0 358 438 72 -1 -1 -1 -1 label : spot-2 0.46
260 4 0 358 433 72 -1 -1 -1 -1 label : spot-2 0.46
261 4 5 358 420 75 -1 -1 -1 -1 label : spot-2 0.45
261 7 816 357 118 33 -1 -1 -1 -1 label : spot-1 0.31
262 4 1 359 427 75 -1 -1 -1 -1 label : spot-2 0.46
262 7 817 358 118 33 -1 -1 -1 -1 label : spot-1 0.31
263 4 1 359 427 75 -1 -1 -1 -1 label : spot-2 0.44
264 4 0 359 429 74 -1 -1 -1 -1 label : spot-2 0.45
265 4 3 360 417 75 -1 -1 -1 -1 label : spot-2 0.43
266 4 0 360 420 76 -1 -1 -1 -1 label : spot-2 0.42
267 4 2 360 417 78 -1 -1 -1 -1 label : spot-2 0.41
268 4 0 360 421 78 -1 -1 -1 -1 label : spot-2 0.42
269 4 0 360 421 79 -1 -1 -1 -1 label : spot-2 0.34
270 4 0 360 422 79 -1 -1 -1 -1 label : spot-2 0.33
271 4 4 360 412 82 -1 -1 -1 -1 label : spot-2 0.34
272 4 1 360 420 83 -1 -1 -1 -1 label : spot-2 0.34
277 4 0 360 424 83 -1 -1 -1 -1 label : spot-2 0.38
278 4 0 360 424 82 -1 -1 -1 -1 label : spot-2 0.39
279 4 0 359 428 82 -1 -1 -1 -1 label : spot-2 0.40
280 4 0 359 429 83 -1 -1 -1 -1 label : spot-2 0.40
281 4 5 359 407 85 -1 -1 -1 -1 label : spot-2 0.39
282 4 0 358 424 84 -1 -1 -1 -1 label : spot-2 0.40
283 4 0 358 417 84 -1 -1 -1 -1 label : spot-2 0.45
284 4 0 358 415 84 -1 -1 -1 -1 label : spot-2 0.45
285 4 0 361 411 80 -1 -1 -1 -1 label : spot-2 0.41
286 4 0 362 405 79 -1 -1 -1 -1 label : spot-2 0.39
287 4 1 359 410 80 -1 -1 -1 -1 label : spot-2 0.40
288 4 2 359 405 81 -1 -1 -1 -1 label : spot-2 0.38
289 4 0 361 406 78 -1 -1 -1 -1 label : spot-2 0.44
290 4 0 362 403 76 -1 -1 -1 -1 label : spot-2 0.44
291 4 0 361 400 77 -1 -1 -1 -1 label : spot-2 0.46
292 4 0 361 403 76 -1 -1 -1 -1 label : spot-2 0.46
293 4 3 361 401 80 -1 -1 -1 -1 label : spot-2 0.44
294 4 1 361 404 82 -1 -1 -1 -1 label : spot-2 0.43
295 4 0 363 395 78 -1 -1 -1 -1 label : spot-2 0.46
295 12 829 361 188 51 -1 -1 -1 -1 label : spot-2 0.37
296 4 0 364 387 76 -1 -1 -1 -1 label : spot-2 0.45
296 12 829 361 188 50 -1 -1 -1 -1 label : spot-2 0.36
297 4 1 365 382 76 -1 -1 -1 -1 label : spot-2 0.50
298 4 0 365 383 76 -1 -1 -1 -1 label : spot-2 0.50
299 4 1 365 375 77 -1 -1 -1 -1 label : spot-2 0.42
300 4 1 365 373 78 -1 -1 -1 -1 label : spot-2 0.43
301 4 0 361 400 82 -1 -1 -1 -1 label : spot-2 0.49
302 4 0 359 408 85 -1 -1 -1 -1 label : spot-2 0.49
303 4 1 361 391 83 -1 -1 -1 -1 label : spot-2 0.42
304 4 1 362 385 83 -1 -1 -1 -1 label : spot-2 0.41
305 4 0 362 391 80 -1 -1 -1 -1 label : spot-2 0.53
306 4 0 362 389 79 -1 -1 -1 -1 label : spot-2 0.53
307 4 5 361 368 82 -1 -1 -1 -1 label : spot-2 0.41
308 4 0 361 375 83 -1 -1 -1 -1 label : spot-2 0.41
309 4 0 360 375 84 -1 -1 -1 -1 label : spot-2 0.46
310 4 0 360 378 84 -1 -1 -1 -1 label : spot-2 0.47
311 4 11 358 345 95 -1 -1 -1 -1 label : spot-2 0.48
312 4 3 358 356 98 -1 -1 -1 -1 label : spot-2 0.47
313 4 0 357 364 93 -1 -1 -1 -1 label : spot-2 0.42
314 4 0 356 359 92 -1 -1 -1 -1 label : spot-2 0.42
315 4 7 356 338 102 -1 -1 -1 -1 label : spot-2 0.46
315 12 848 357 250 67 -1 -1 -1 -1 label : spot-2 0.41
316 4 1 355 349 106 -1 -1 -1 -1 label : spot-2 0.46
316 12 849 357 251 68 -1 -1 -1 -1 label : spot-2 0.41
317 4 1 356 346 109 -1 -1 -1 -1 label : spot-2 0.39
317 12 849 357 256 68 -1 -1 -1 -1 label : spot-2 0.34
318 4 0 356 349 111 -1 -1 -1 -1 label : spot-2 0.39
318 12 849 356 258 70 -1 -1 -1 -1 label : spot-2 0.34
319 4 0 357 354 103 -1 -1 -1 -1 label : spot-2 0.33
319 12 846 358 272 67 -1 -1 -1 -1 label : spot-2 0.31
320 4 0 357 351 100 -1 -1 -1 -1 label : spot-2 0.34
320 12 849 358 269 67 -1 -1 -1 -1 label : spot-2 0.33
321 4 4 359 332 104 -1 -1 -1 -1 label : spot-2 0.41
321 12 852 358 275 70 -1 -1 -1 -1 label : spot-2 0.34
322 4 0 360 337 106 -1 -1 -1 -1 label : spot-2 0.41
322 12 852 358 280 71 -1 -1 -1 -1 label : spot-2 0.34
323 4 0 359 344 109 -1 -1 -1 -1 label : spot-2 0.39
323 12 854 357 287 73 -1 -1 -1 -1 label : spot-2 0.35
324 4 0 359 347 110 -1 -1 -1 -1 label : spot-2 0.38
324 12 855 357 289 73 -1 -1 -1 -1 label : spot-2 0.35
325 4 0 359 346 111 -1 -1 -1 -1 label : spot-2 0.43
326 12 857 358 298 76 -1 -1 -1 -1 label : spot-2 0.44
327 12 857 359 305 78 -1 -1 -1 -1 label : spot-2 0.58
328 12 856 359 310 80 -1 -1 -1 -1 label : spot-2 0.57
329 4 0 362 349 95 -1 -1 -1 -1 label : spot-2 0.42
329 12 860 362 316 80 -1 -1 -1 -1 label : spot-2 0.37
330 4 0 362 345 95 -1 -1 -1 -1 label : spot-2 0.41
330 12 862 362 317 82 -1 -1 -1 -1 label : spot-2 0.37
331 4 1 362 346 97 -1 -1 -1 -1 label : spot-2 0.31
331 12 865 363 329 81 -1 -1 -1 -1 label : spot-2 0.30
332 4 0 361 352 98 -1 -1 -1 -1 label : spot-2 0.33
332 12 869 364 328 80 -1 -1 -1 -1 label : spot-2 0.32
333 4 0 361 353 98 -1 -1 -1 -1 label : spot-2 0.37
334 12 869 365 343 83 -1 -1 -1 -1 label : spot-2 0.35
335 12 866 365 353 87 -1 -1 -1 -1 label : spot-2 0.53
336 12 866 366 355 87 -1 -1 -1 -1 label : spot-2 0.53
337 12 868 366 362 87 -1 -1 -1 -1 label : spot-2 0.45
338 12 869 366 363 87 -1 -1 -1 -1 label : spot-2 0.46
339 12 867 366 388 86 -1 -1 -1 -1 label : spot-2 0.41
340 12 873 367 384 84 -1 -1 -1 -1 label : spot-2 0.42
341 12 875 365 393 89 -1 -1 -1 -1 label : spot-2 0.57
342 12 873 365 401 90 -1 -1 -1 -1 label : spot-2 0.56
343 12 877 364 397 96 -1 -1 -1 -1 label : spot-2 0.57
344 12 873 364 406 98 -1 -1 -1 -1 label : spot-2 0.57
345 4 0 359 324 80 -1 -1 -1 -1 label : spot-2 0.56
345 12 876 364 403 102 -1 -1 -1 -1 label : spot-2 0.31
346 4 0 358 322 81 -1 -1 -1 -1 label : spot-2 0.56
346 12 874 364 405 103 -1 -1 -1 -1 label : spot-2 0.31
347 4 0 358 321 80 -1 -1 -1 -1 label : spot-2 0.53
348 12 875 363 404 105 -1 -1 -1 -1 label : spot-2 0.53
349 12 878 362 401 106 -1 -1 -1 -1 label : spot-2 0.53
350 12 878 362 401 106 -1 -1 -1 -1 label : spot-2 0.53
351 12 879 363 400 105 -1 -1 -1 -1 label : spot-2 0.42
352 12 880 363 399 106 -1 -1 -1 -1 label : spot-2 0.44
355 12 879 365 400 101 -1 -1 -1 -1 label : spot-2 0.30
356 12 883 365 396 101 -1 -1 -1 -1 label : spot-2 0.32
357 12 883 365 396 98 -1 -1 -1 -1 label : spot-2 0.38
358 12 886 366 393 96 -1 -1 -1 -1 label : spot-2 0.39
359 12 888 366 391 97 -1 -1 -1 -1 label : spot-2 0.42
360 4 0 365 292 73 -1 -1 -1 -1 label : spot-2 0.41
360 12 888 366 391 98 -1 -1 -1 -1 label : spot-2 0.30
361 4 0 366 296 68 -1 -1 -1 -1 label : spot-2 0.36
361 12 890 367 389 97 -1 -1 -1 -1 label : spot-2 0.34
362 4 0 367 292 67 -1 -1 -1 -1 label : spot-2 0.37
362 12 890 367 389 98 -1 -1 -1 -1 label : spot-2 0.34
363 4 0 367 290 66 -1 -1 -1 -1 label : spot-2 0.43
364 12 884 368 395 103 -1 -1 -1 -1 label : spot-2 0.43
365 12 901 370 371 112 -1 -1 -1 -1 label : spot-2 0.46
366 12 897 370 380 117 -1 -1 -1 -1 label : spot-2 0.46
367 12 906 372 373 117 -1 -1 -1 -1 label : spot-2 0.50
368 12 908 372 371 117 -1 -1 -1 -1 label : spot-2 0.50
369 12 909 375 370 113 -1 -1 -1 -1 label : spot-2 0.40
370 12 912 375 367 113 -1 -1 -1 -1 label : spot-2 0.40
371 12 913 374 366 116 -1 -1 -1 -1 label : spot-2 0.40
372 12 911 374 368 118 -1 -1 -1 -1 label : spot-2 0.39
373 12 911 373 368 116 -1 -1 -1 -1 label : spot-2 0.42
374 12 912 373 367 115 -1 -1 -1 -1 label : spot-2 0.43
375 12 915 373 364 116 -1 -1 -1 -1 label : spot-2 0.43
376 12 916 373 363 117 -1 -1 -1 -1 label : spot-2 0.42
377 12 912 374 367 109 -1 -1 -1 -1 label : spot-2 0.35
378 12 918 374 361 105 -1 -1 -1 -1 label : spot-2 0.35
379 12 924 374 355 105 -1 -1 -1 -1 label : spot-2 0.37
380 12 925 374 354 104 -1 -1 -1 -1 label : spot-2 0.37
381 12 923 374 356 103 -1 -1 -1 -1 label : spot-2 0.44
382 12 924 374 355 103 -1 -1 -1 -1 label : spot-2 0.44
383 12 932 374 340 113 -1 -1 -1 -1 label : spot-2 0.52
384 12 926 374 351 117 -1 -1 -1 -1 label : spot-2 0.50
385 12 923 375 356 115 -1 -1 -1 -1 label : spot-2 0.53
386 12 923 375 356 114 -1 -1 -1 -1 label : spot-2 0.53
387 12 929 376 349 115 -1 -1 -1 -1 label : spot-2 0.42
388 12 929 376 350 116 -1 -1 -1 -1 label : spot-2 0.42
389 12 924 376 355 111 -1 -1 -1 -1 label : spot-2 0.49
390 12 927 377 352 107 -1 -1 -1 -1 label : spot-2 0.49
391 12 932 378 347 104 -1 -1 -1 -1 label : spot-2 0.45
392 12 934 378 345 104 -1 -1 -1 -1 label : spot-2 0.45
393 12 936 379 342 104 -1 -1 -1 -1 label : spot-2 0.45
394 12 936 380 342 103 -1 -1 -1 -1 label : spot-2 0.45
395 12 942 381 335 106 -1 -1 -1 -1 label : spot-2 0.36
396 12 941 381 338 107 -1 -1 -1 -1 label : spot-2 0.36
397 12 942 382 337 104 -1 -1 -1 -1 label : spot-2 0.37
398 12 943 383 336 101 -1 -1 -1 -1 label : spot-2 0.37
403 12 941 386 338 89 -1 -1 -1 -1 label : spot-1 0.36
404 12 951 387 328 85 -1 -1 -1 -1 label : spot-1 0.36
417 13 26 368 142 38 -1 -1 -1 -1 label : invalidSpot-entrance 0.37
418 13 24 368 143 37 -1 -1 -1 -1 label : invalidSpot-entrance 0.38
419 13 17 368 140 40 -1 -1 -1 -1 label : invalidSpot-entrance 0.51
420 13 13 367 144 42 -1 -1 -1 -1 label : invalidSpot-entrance 0.51
421 13 5 369 151 39 -1 -1 -1 -1 label : invalidSpot-entrance 0.39
