150 2 899 430 199 123 -1 -1 -1 -1 label : spot-1 0.46
151 2 903 432 197 122 -1 -1 -1 -1 label : spot-1 0.41
160 2 922 443 239 131 -1 -1 -1 -1 label : spot-1 0.45
161 2 926 444 241 132 -1 -1 -1 -1 label : spot-1 0.45
162 2 936 447 245 147 -1 -1 -1 -1 label : spot-1 0.44
163 2 936 447 254 153 -1 -1 -1 -1 label : spot-1 0.43
168 2 944 456 299 171 -1 -1 -1 -1 label : spot-1 0.52
169 2 949 460 311 177 -1 -1 -1 -1 label : spot-1 0.52
170 2 950 463 329 170 -1 -1 -1 -1 label : spot-1 0.44
171 2 958 464 321 166 -1 -1 -1 -1 label : spot-1 0.44
173 2 961 467 318 163 -1 -1 -1 -1 label : spot-1 0.40
196 4 296 315 18 47 -1 -1 -1 -1 label : fireHydrant 0.43
197 4 295 314 18 47 -1 -1 -1 -1 label : fireHydrant 0.42
198 4 291 314 19 47 -1 -1 -1 -1 label : fireHydrant 0.53
199 4 289 314 19 47 -1 -1 -1 -1 label : fireHydrant 0.53
206 4 278 312 17 47 -1 -1 -1 -1 label : fireHydrant 0.47
207 4 274 311 17 48 -1 -1 -1 -1 label : fireHydrant 0.47
214 4 260 307 16 48 -1 -1 -1 -1 label : fireHydrant 0.49
215 4 255 306 16 47 -1 -1 -1 -1 label : fireHydrant 0.49
216 4 249 306 17 46 -1 -1 -1 -1 label : fireHydrant 0.41
217 4 248 306 16 45 -1 -1 -1 -1 label : fireHydrant 0.40
218 4 244 304 16 47 -1 -1 -1 -1 label : fireHydrant 0.57
219 4 243 303 16 48 -1 -1 -1 -1 label : fireHydrant 0.57
220 4 238 302 17 48 -1 -1 -1 -1 label : fireHydrant 0.54
221 4 236 301 17 49 -1 -1 -1 -1 label : fireHydrant 0.53
222 4 234 301 16 48 -1 -1 -1 -1 label : fireHydrant 0.50
223 4 233 301 16 48 -1 -1 -1 -1 label : fireHydrant 0.51
224 4 229 302 16 47 -1 -1 -1 -1 label : fireHydrant 0.59
225 4 227 303 16 46 -1 -1 -1 -1 label : fireHydrant 0.58
226 4 223 300 15 49 -1 -1 -1 -1 label : fireHydrant 0.68
227 4 221 299 16 50 -1 -1 -1 -1 label : fireHydrant 0.69
228 4 218 303 16 48 -1 -1 -1 -1 label : fireHydrant 0.60
229 4 217 305 15 46 -1 -1 -1 -1 label : fireHydrant 0.61
230 4 211 303 19 49 -1 -1 -1 -1 label : fireHydrant 0.59
231 4 210 302 19 50 -1 -1 -1 -1 label : fireHydrant 0.60
232 4 204 302 20 52 -1 -1 -1 -1 label : fireHydrant 0.57
233 4 202 302 21 53 -1 -1 -1 -1 label : fireHydrant 0.57
234 4 199 304 22 54 -1 -1 -1 -1 label : fireHydrant 0.52
235 4 198 305 22 54 -1 -1 -1 -1 label : fireHydrant 0.52
236 4 194 305 22 57 -1 -1 -1 -1 label : fireHydrant 0.46
237 4 192 305 23 57 -1 -1 -1 -1 label : fireHydrant 0.45
242 4 178 307 21 58 -1 -1 -1 -1 label : fireHydrant 0.59
243 4 173 307 21 59 -1 -1 -1 -1 label : fireHydrant 0.59
244 4 165 306 24 58 -1 -1 -1 -1 label : fireHydrant 0.41
245 4 163 305 23 58 -1 -1 -1 -1 label : fireHydrant 0.42
246 4 159 304 21 60 -1 -1 -1 -1 label : fireHydrant 0.49
247 4 157 304 21 61 -1 -1 -1 -1 label : fireHydrant 0.49
252 4 141 300 22 62 -1 -1 -1 -1 label : fireHydrant 0.44
253 4 135 298 23 63 -1 -1 -1 -1 label : fireHydrant 0.44
310 6 0 356 102 52 -1 -1 -1 -1 label : invalidSpot-entrance 0.42
311 6 0 355 100 53 -1 -1 -1 -1 label : invalidSpot-entrance 0.42
344 7 842 383 127 54 -1 -1 -1 -1 label : spot-1 0.41
345 7 842 384 130 54 -1 -1 -1 -1 label : spot-1 0.42
346 7 848 384 128 55 -1 -1 -1 -1 label : spot-1 0.49
347 7 849 385 129 55 -1 -1 -1 -1 label : spot-1 0.49
348 7 854 386 133 58 -1 -1 -1 -1 label : spot-1 0.47
348 8 243 354 68 24 -1 -1 -1 -1 label : invalidSpot-entrance 0.42
349 7 855 387 136 59 -1 -1 -1 -1 label : spot-1 0.47
349 8 242 354 68 24 -1 -1 -1 -1 label : invalidSpot-entrance 0.42
350 7 860 387 139 61 -1 -1 -1 -1 label : spot-1 0.49
351 7 861 387 141 62 -1 -1 -1 -1 label : spot-1 0.49
352 7 857 387 156 64 -1 -1 -1 -1 label : spot-1 0.51
353 7 857 388 158 64 -1 -1 -1 -1 label : spot-1 0.51
354 7 857 389 168 66 -1 -1 -1 -1 label : spot-1 0.55
355 7 858 389 168 69 -1 -1 -1 -1 label : spot-1 0.54
356 7 863 390 173 72 -1 -1 -1 -1 label : spot-1 0.55
357 7 863 390 177 73 -1 -1 -1 -1 label : spot-1 0.55
358 7 858 392 199 72 -1 -1 -1 -1 label : spot-1 0.46
359 7 861 392 198 72 -1 -1 -1 -1 label : spot-1 0.46
360 7 868 393 200 73 -1 -1 -1 -1 label : spot-1 0.53
361 7 870 393 202 74 -1 -1 -1 -1 label : spot-1 0.54
362 7 869 395 220 73 -1 -1 -1 -1 label : spot-1 0.50
363 7 872 395 219 73 -1 -1 -1 -1 label : spot-1 0.50
364 7 870 398 240 65 -1 -1 -1 -1 label : spot-1 0.45
365 7 877 398 231 66 -1 -1 -1 -1 label : spot-1 0.45
368 7 878 400 266 70 -1 -1 -1 -1 label : spot-1 0.55
368 8 177 357 78 33 -1 -1 -1 -1 label : invalidSpot-entrance 0.43
369 7 881 401 273 72 -1 -1 -1 -1 label : spot-1 0.55
369 8 175 358 79 33 -1 -1 -1 -1 label : invalidSpot-entrance 0.43
370 7 891 404 284 80 -1 -1 -1 -1 label : spot-1 0.46
371 7 891 405 295 84 -1 -1 -1 -1 label : spot-1 0.46
376 7 883 409 323 72 -1 -1 -1 -1 label : spot-1 0.51
376 8 168 357 69 33 -1 -1 -1 -1 label : invalidSpot-entrance 0.43
377 7 895 410 302 68 -1 -1 -1 -1 label : spot-1 0.51
377 8 166 357 70 33 -1 -1 -1 -1 label : invalidSpot-entrance 0.43
378 7 906 414 310 69 -1 -1 -1 -1 label : spot-1 0.46
379 7 909 415 315 69 -1 -1 -1 -1 label : spot-1 0.46
380 7 918 419 317 71 -1 -1 -1 -1 label : spot-1 0.51
381 7 919 421 321 71 -1 -1 -1 -1 label : spot-1 0.51
386 7 941 428 316 74 -1 -1 -1 -1 label : spot-1 0.50
387 7 946 430 320 75 -1 -1 -1 -1 label : spot-1 0.50
388 7 966 429 294 104 -1 -1 -1 -1 label : spot-1 0.42
389 7 955 429 321 114 -1 -1 -1 -1 label : spot-1 0.42
390 7 957 432 320 124 -1 -1 -1 -1 label : spot-1 0.40
391 7 952 432 327 129 -1 -1 -1 -1 label : spot-1 0.40
394 7 952 433 327 121 -1 -1 -1 -1 label : spot-1 0.44
395 7 958 433 321 117 -1 -1 -1 -1 label : spot-1 0.44
396 7 976 434 303 114 -1 -1 -1 -1 label : spot-1 0.44
397 7 979 434 300 113 -1 -1 -1 -1 label : spot-1 0.43
404 9 849 365 89 38 -1 -1 -1 -1 label : spot-1 0.45
405 9 851 364 90 40 -1 -1 -1 -1 label : spot-1 0.45
406 9 853 365 94 40 -1 -1 -1 -1 label : spot-1 0.47
407 9 854 365 95 40 -1 -1 -1 -1 label : spot-1 0.47
408 9 858 365 96 41 -1 -1 -1 -1 label : spot-1 0.42
409 9 859 366 97 41 -1 -1 -1 -1 label : spot-1 0.43
410 9 860 367 101 43 -1 -1 -1 -1 label : spot-1 0.46
411 9 860 367 103 44 -1 -1 -1 -1 label : spot-1 0.46
412 9 862 370 109 47 -1 -1 -1 -1 label : spot-1 0.53
413 9 862 371 111 47 -1 -1 -1 -1 label : spot-1 0.53
414 9 864 373 117 49 -1 -1 -1 -1 label : spot-1 0.53
415 9 865 374 118 50 -1 -1 -1 -1 label : spot-1 0.52
416 9 867 378 125 51 -1 -1 -1 -1 label : spot-1 0.59
417 9 869 379 126 52 -1 -1 -1 -1 label : spot-1 0.58
418 9 875 382 127 52 -1 -1 -1 -1 label : spot-1 0.53
419 9 877 383 128 52 -1 -1 -1 -1 label : spot-1 0.53
420 9 880 384 133 55 -1 -1 -1 -1 label : spot-1 0.51
421 9 880 385 135 56 -1 -1 -1 -1 label : spot-1 0.51
422 9 880 388 147 55 -1 -1 -1 -1 label : spot-1 0.41
423 9 882 389 146 54 -1 -1 -1 -1 label : spot-1 0.40
424 9 887 390 150 57 -1 -1 -1 -1 label : spot-1 0.46
425 9 889 389 152 59 -1 -1 -1 -1 label : spot-1 0.46
458 11 232 345 82 31 -1 -1 -1 -1 label : spot-1 0.44
458 12 994 421 265 54 -1 -1 -1 -1 label : spot-1 0.42
459 11 230 346 82 31 -1 -1 -1 -1 label : spot-1 0.44
459 12 996 423 266 54 -1 -1 -1 -1 label : spot-1 0.42
460 11 224 347 86 31 -1 -1 -1 -1 label : spot-1 0.44
460 12 1021 425 246 67 -1 -1 -1 -1 label : spot-1 0.42
461 11 222 348 86 31 -1 -1 -1 -1 label : spot-1 0.44
461 12 1019 426 260 72 -1 -1 -1 -1 label : spot-1 0.43
468 11 189 348 110 34 -1 -1 -1 -1 label : spot-1 0.42
469 11 180 348 114 35 -1 -1 -1 -1 label : spot-1 0.42
470 11 173 348 112 37 -1 -1 -1 -1 label : spot-1 0.41
471 11 169 348 115 38 -1 -1 -1 -1 label : spot-1 0.41
472 11 158 350 124 37 -1 -1 -1 -1 label : spot-1 0.41
473 11 156 350 124 38 -1 -1 -1 -1 label : spot-1 0.40
474 11 149 351 124 38 -1 -1 -1 -1 label : spot-1 0.41
475 11 147 351 124 38 -1 -1 -1 -1 label : spot-1 0.40
476 11 139 352 130 38 -1 -1 -1 -1 label : spot-1 0.42
477 11 137 353 131 38 -1 -1 -1 -1 label : spot-1 0.42
478 11 126 353 139 39 -1 -1 -1 -1 label : spot-1 0.44
479 11 124 354 138 38 -1 -1 -1 -1 label : spot-1 0.44
480 11 116 354 143 39 -1 -1 -1 -1 label : spot-1 0.43
481 11 113 354 146 40 -1 -1 -1 -1 label : spot-1 0.43
482 11 105 355 149 40 -1 -1 -1 -1 label : spot-1 0.44
483 11 103 356 148 39 -1 -1 -1 -1 label : spot-1 0.44
484 11 92 356 153 42 -1 -1 -1 -1 label : spot-1 0.54
485 11 88 357 155 42 -1 -1 -1 -1 label : spot-1 0.54
486 11 78 359 167 44 -1 -1 -1 -1 label : spot-1 0.45
486 13 929 388 130 49 -1 -1 -1 -1 label : spot-1 0.40
487 11 76 359 168 46 -1 -1 -1 -1 label : spot-1 0.44
487 13 930 389 132 49 -1 -1 -1 -1 label : spot-1 0.40
488 11 69 362 184 46 -1 -1 -1 -1 label : spot-1 0.44
489 11 70 362 182 47 -1 -1 -1 -1 label : spot-1 0.44
490 11 53 362 181 50 -1 -1 -1 -1 label : spot-1 0.45
491 11 46 362 184 51 -1 -1 -1 -1 label : spot-1 0.45
492 11 32 362 197 51 -1 -1 -1 -1 label : spot-1 0.40
493 11 29 362 197 50 -1 -1 -1 -1 label : spot-1 0.40
494 11 22 362 202 52 -1 -1 -1 -1 label : spot-1 0.41
495 13 960 397 160 59 -1 -1 -1 -1 label : spot-1 0.40
498 13 961 400 182 67 -1 -1 -1 -1 label : spot-1 0.56
499 13 962 402 189 69 -1 -1 -1 -1 label : spot-1 0.56
500 13 965 404 204 72 -1 -1 -1 -1 label : spot-1 0.59
501 13 968 405 207 72 -1 -1 -1 -1 label : spot-1 0.59
502 13 978 406 208 73 -1 -1 -1 -1 label : spot-1 0.57
503 13 983 406 207 73 -1 -1 -1 -1 label : spot-1 0.57
504 13 1003 407 201 78 -1 -1 -1 -1 label : spot-1 0.57
505 13 1006 407 206 81 -1 -1 -1 -1 label : spot-1 0.57
506 13 999 410 235 83 -1 -1 -1 -1 label : spot-1 0.57
507 13 1000 411 238 84 -1 -1 -1 -1 label : spot-1 0.58
508 13 1016 412 245 81 -1 -1 -1 -1 label : spot-1 0.53
509 13 1027 412 239 80 -1 -1 -1 -1 label : spot-1 0.53
510 13 1034 416 242 83 -1 -1 -1 -1 label : spot-1 0.42
511 13 1038 417 241 85 -1 -1 -1 -1 label : spot-1 0.42
514 13 1043 419 233 97 -1 -1 -1 -1 label : spot-1 0.47
515 13 1038 419 241 102 -1 -1 -1 -1 label : spot-1 0.47
568 15 915 375 110 43 -1 -1 -1 -1 label : spot-1 0.41
569 15 916 376 111 43 -1 -1 -1 -1 label : spot-1 0.41
570 15 918 375 116 44 -1 -1 -1 -1 label : spot-1 0.43
571 15 919 375 117 45 -1 -1 -1 -1 label : spot-1 0.43
572 15 922 374 118 47 -1 -1 -1 -1 label : spot-1 0.50
573 15 922 374 120 48 -1 -1 -1 -1 label : spot-1 0.50
574 15 924 373 126 49 -1 -1 -1 -1 label : spot-1 0.51
575 15 925 373 127 49 -1 -1 -1 -1 label : spot-1 0.50
576 15 926 374 129 48 -1 -1 -1 -1 label : spot-1 0.44
577 15 927 374 129 49 -1 -1 -1 -1 label : spot-1 0.44
580 15 929 375 137 49 -1 -1 -1 -1 label : spot-1 0.44
581 15 931 375 138 50 -1 -1 -1 -1 label : spot-1 0.44
582 15 938 376 138 51 -1 -1 -1 -1 label : spot-1 0.52
583 15 939 376 140 52 -1 -1 -1 -1 label : spot-1 0.52
584 15 941 375 144 54 -1 -1 -1 -1 label : spot-1 0.53
585 15 941 375 146 55 -1 -1 -1 -1 label : spot-1 0.53
586 15 939 375 157 56 -1 -1 -1 -1 label : spot-1 0.60
587 15 940 375 158 56 -1 -1 -1 -1 label : spot-1 0.59
588 15 945 376 160 56 -1 -1 -1 -1 label : spot-1 0.58
589 15 947 376 161 57 -1 -1 -1 -1 label : spot-1 0.59
590 15 949 376 168 59 -1 -1 -1 -1 label : spot-1 0.59
591 15 950 377 170 59 -1 -1 -1 -1 label : spot-1 0.59
592 15 954 377 171 61 -1 -1 -1 -1 label : spot-1 0.59
593 15 954 377 174 63 -1 -1 -1 -1 label : spot-1 0.60
594 15 954 380 182 62 -1 -1 -1 -1 label : spot-1 0.58
595 15 956 380 181 63 -1 -1 -1 -1 label : spot-1 0.59
596 15 957 381 189 63 -1 -1 -1 -1 label : spot-1 0.62
597 15 958 381 191 64 -1 -1 -1 -1 label : spot-1 0.63
598 15 961 382 196 66 -1 -1 -1 -1 label : spot-1 0.65
599 15 961 383 199 66 -1 -1 -1 -1 label : spot-1 0.64
600 15 963 384 205 65 -1 -1 -1 -1 label : spot-1 0.57
601 15 965 385 204 64 -1 -1 -1 -1 label : spot-1 0.57
602 15 963 385 218 65 -1 -1 -1 -1 label : spot-1 0.61
603 15 965 386 218 64 -1 -1 -1 -1 label : spot-1 0.61
604 15 968 388 228 59 -1 -1 -1 -1 label : spot-1 0.50
605 15 975 389 220 56 -1 -1 -1 -1 label : spot-1 0.50
606 15 987 389 216 65 -1 -1 -1 -1 label : spot-1 0.63
607 15 986 390 225 67 -1 -1 -1 -1 label : spot-1 0.63
608 15 979 390 248 64 -1 -1 -1 -1 label : spot-1 0.49
609 15 983 390 242 62 -1 -1 -1 -1 label : spot-1 0.48
610 15 993 390 234 67 -1 -1 -1 -1 label : spot-1 0.56
611 15 992 390 239 70 -1 -1 -1 -1 label : spot-1 0.56
612 15 992 392 260 68 -1 -1 -1 -1 label : spot-1 0.44
613 15 997 392 258 68 -1 -1 -1 -1 label : spot-1 0.46
616 15 996 394 279 70 -1 -1 -1 -1 label : spot-1 0.46
617 15 998 394 281 71 -1 -1 -1 -1 label : spot-1 0.47
618 15 1076 397 186 79 -1 -1 -1 -1 label : spot-1 0.50
619 15 1084 398 193 82 -1 -1 -1 -1 label : spot-1 0.50
620 15 1085 397 194 85 -1 -1 -1 -1 label : spot-1 0.45
621 15 1082 397 197 86 -1 -1 -1 -1 label : spot-1 0.45
622 15 1042 396 237 87 -1 -1 -1 -1 label : spot-1 0.55
623 15 1036 396 243 87 -1 -1 -1 -1 label : spot-1 0.55
624 15 1073 396 201 90 -1 -1 -1 -1 label : spot-1 0.53
625 15 1078 397 201 91 -1 -1 -1 -1 label : spot-1 0.52
626 15 1076 397 203 92 -1 -1 -1 -1 label : spot-1 0.53
627 15 1077 398 202 91 -1 -1 -1 -1 label : spot-1 0.53
628 15 1090 397 189 92 -1 -1 -1 -1 label : spot-1 0.47
629 15 1096 397 183 91 -1 -1 -1 -1 label : spot-1 0.48
630 15 1114 397 163 93 -1 -1 -1 -1 label : spot-1 0.53
631 15 1117 398 162 93 -1 -1 -1 -1 label : spot-1 0.54
632 15 1129 398 150 92 -1 -1 -1 -1 label : spot-1 0.54
633 15 1132 399 147 90 -1 -1 -1 -1 label : spot-1 0.54
634 15 1135 400 144 90 -1 -1 -1 -1 label : spot-1 0.44
635 15 1136 400 143 90 -1 -1 -1 -1 label : spot-1 0.43
804 20 795 311 124 23 -1 -1 -1 -1 label : spot-2 0.47
805 20 795 312 122 22 -1 -1 -1 -1 label : spot-2 0.47
806 20 797 312 118 22 -1 -1 -1 -1 label : spot-2 0.49
807 20 797 313 118 21 -1 -1 -1 -1 label : spot-2 0.49
808 20 798 313 115 22 -1 -1 -1 -1 label : spot-2 0.48
809 20 798 313 115 22 -1 -1 -1 -1 label : spot-2 0.48
810 20 798 313 113 22 -1 -1 -1 -1 label : spot-2 0.46
811 20 798 313 113 22 -1 -1 -1 -1 label : spot-2 0.46
812 20 797 313 111 22 -1 -1 -1 -1 label : spot-2 0.48
813 20 797 313 110 22 -1 -1 -1 -1 label : spot-2 0.47
814 20 797 312 109 22 -1 -1 -1 -1 label : spot-2 0.42
815 20 796 312 109 22 -1 -1 -1 -1 label : spot-2 0.43
836 21 118 293 12 28 -1 -1 -1 -1 label : fireHydrant 0.52
837 21 117 292 12 30 -1 -1 -1 -1 label : fireHydrant 0.52
838 21 117 292 13 30 -1 -1 -1 -1 label : fireHydrant 0.50
839 21 116 292 13 30 -1 -1 -1 -1 label : fireHydrant 0.52
840 21 117 292 12 29 -1 -1 -1 -1 label : fireHydrant 0.50
841 21 116 292 12 29 -1 -1 -1 -1 label : fireHydrant 0.52
842 21 116 291 13 30 -1 -1 -1 -1 label : fireHydrant 0.49
843 21 115 291 13 29 -1 -1 -1 -1 label : fireHydrant 0.50
844 21 116 291 12 30 -1 -1 -1 -1 label : fireHydrant 0.42
845 21 115 291 12 30 -1 -1 -1 -1 label : fireHydrant 0.43
894 22 116 296 11 25 -1 -1 -1 -1 label : fireHydrant 0.43
895 22 116 296 11 25 -1 -1 -1 -1 label : fireHydrant 0.46
896 22 117 295 10 26 -1 -1 -1 -1 label : fireHydrant 0.45
897 22 116 295 11 25 -1 -1 -1 -1 label : fireHydrant 0.45
898 22 116 294 12 26 -1 -1 -1 -1 label : fireHydrant 0.54
899 22 116 293 12 27 -1 -1 -1 -1 label : fireHydrant 0.53
900 22 115 294 13 27 -1 -1 -1 -1 label : fireHydrant 0.47
901 22 115 294 13 27 -1 -1 -1 -1 label : fireHydrant 0.47
902 22 116 294 11 27 -1 -1 -1 -1 label : fireHydrant 0.49
903 22 115 294 12 27 -1 -1 -1 -1 label : fireHydrant 0.50
904 22 115 294 13 27 -1 -1 -1 -1 label : fireHydrant 0.47
905 22 115 294 13 27 -1 -1 -1 -1 label : fireHydrant 0.47
906 22 115 294 12 27 -1 -1 -1 -1 label : fireHydrant 0.42
907 22 116 294 11 27 -1 -1 -1 -1 label : fireHydrant 0.45
931 22 114 294 13 28 -1 -1 -1 -1 label : fireHydrant 0.41
934 22 113 294 13 28 -1 -1 -1 -1 label : fireHydrant 0.40
935 22 113 294 13 29 -1 -1 -1 -1 label : fireHydrant 0.40
938 22 112 295 14 28 -1 -1 -1 -1 label : fireHydrant 0.41
944 22 112 296 14 29 -1 -1 -1 -1 label : fireHydrant 0.43
945 22 111 296 14 29 -1 -1 -1 -1 label : fireHydrant 0.44
946 22 111 296 14 30 -1 -1 -1 -1 label : fireHydrant 0.47
947 22 111 296 14 30 -1 -1 -1 -1 label : fireHydrant 0.47
988 23 103 296 11 25 -1 -1 -1 -1 label : fireHydrant 0.51
989 23 103 295 12 27 -1 -1 -1 -1 label : fireHydrant 0.51
990 23 103 295 13 27 -1 -1 -1 -1 label : fireHydrant 0.47
991 23 103 295 13 27 -1 -1 -1 -1 label : fireHydrant 0.45
992 23 103 294 12 28 -1 -1 -1 -1 label : fireHydrant 0.41
993 23 103 293 13 29 -1 -1 -1 -1 label : fireHydrant 0.41
994 23 103 293 12 28 -1 -1 -1 -1 label : fireHydrant 0.43
995 23 103 293 12 28 -1 -1 -1 -1 label : fireHydrant 0.44
1004 23 101 291 11 28 -1 -1 -1 -1 label : fireHydrant 0.47
1005 23 101 291 11 28 -1 -1 -1 -1 label : fireHydrant 0.48
1044 24 182 293 10 25 -1 -1 -1 -1 label : fireHydrant 0.43
1045 24 181 292 10 25 -1 -1 -1 -1 label : fireHydrant 0.43
1057 24 101 290 12 28 -1 -1 -1 -1 label : fireHydrant 0.41
1106 27 89 289 13 31 -1 -1 -1 -1 label : fireHydrant 0.43
1107 27 88 288 14 33 -1 -1 -1 -1 label : fireHydrant 0.42
1108 27 88 288 13 33 -1 -1 -1 -1 label : fireHydrant 0.41
1109 27 88 288 13 33 -1 -1 -1 -1 label : fireHydrant 0.42
1110 27 88 288 14 34 -1 -1 -1 -1 label : fireHydrant 0.41
1111 27 88 288 14 34 -1 -1 -1 -1 label : fireHydrant 0.41
1124 27 86 288 13 33 -1 -1 -1 -1 label : fireHydrant 0.46
1125 27 85 288 13 33 -1 -1 -1 -1 label : fireHydrant 0.46
1136 27 80 290 14 32 -1 -1 -1 -1 label : fireHydrant 0.44
1137 27 79 291 14 31 -1 -1 -1 -1 label : fireHydrant 0.44
1142 27 78 292 13 31 -1 -1 -1 -1 label : fireHydrant 0.47
1143 27 77 293 13 30 -1 -1 -1 -1 label : fireHydrant 0.47
1144 27 76 292 13 31 -1 -1 -1 -1 label : fireHydrant 0.49
1145 27 75 292 14 31 -1 -1 -1 -1 label : fireHydrant 0.49
1146 27 75 292 13 31 -1 -1 -1 -1 label : fireHydrant 0.40
1148 27 75 293 13 29 -1 -1 -1 -1 label : fireHydrant 0.48
1149 27 75 293 13 29 -1 -1 -1 -1 label : fireHydrant 0.47
1150 27 75 293 12 30 -1 -1 -1 -1 label : fireHydrant 0.48
1151 27 74 293 13 30 -1 -1 -1 -1 label : fireHydrant 0.48
1166 27 66 295 15 33 -1 -1 -1 -1 label : fireHydrant 0.46
1167 27 63 296 15 34 -1 -1 -1 -1 label : fireHydrant 0.46
1168 27 61 297 16 34 -1 -1 -1 -1 label : fireHydrant 0.52
1169 27 61 298 16 33 -1 -1 -1 -1 label : fireHydrant 0.52
1170 27 59 298 17 33 -1 -1 -1 -1 label : fireHydrant 0.55
1171 27 59 298 16 33 -1 -1 -1 -1 label : fireHydrant 0.55
1172 27 59 297 14 33 -1 -1 -1 -1 label : fireHydrant 0.57
1173 27 59 297 14 32 -1 -1 -1 -1 label : fireHydrant 0.57
1174 27 58 297 15 31 -1 -1 -1 -1 label : fireHydrant 0.50
1175 27 58 297 15 31 -1 -1 -1 -1 label : fireHydrant 0.50
1206 28 827 321 138 26 -1 -1 -1 -1 label : spot-2 0.41
1207 28 827 320 140 27 -1 -1 -1 -1 label : spot-2 0.41
