185 1 125 353 326 62 -1 -1 -1 -1 label : spot-2 0.47
186 1 123 354 327 63 -1 -1 -1 -1 label : spot-2 0.47
187 1 114 353 342 64 -1 -1 -1 -1 label : spot-2 0.47
188 1 114 353 342 64 -1 -1 -1 -1 label : spot-2 0.46
189 1 105 354 356 65 -1 -1 -1 -1 label : spot-2 0.48
190 1 104 355 356 65 -1 -1 -1 -1 label : spot-2 0.48
191 1 91 356 373 67 -1 -1 -1 -1 label : spot-2 0.52
192 1 89 357 374 67 -1 -1 -1 -1 label : spot-2 0.54
193 1 86 357 380 68 -1 -1 -1 -1 label : spot-2 0.55
194 1 85 358 382 68 -1 -1 -1 -1 label : spot-2 0.55
195 1 65 358 397 69 -1 -1 -1 -1 label : spot-2 0.58
196 1 60 358 399 69 -1 -1 -1 -1 label : spot-2 0.58
197 1 54 357 408 71 -1 -1 -1 -1 label : spot-2 0.56
198 1 51 357 412 72 -1 -1 -1 -1 label : spot-2 0.57
199 1 51 357 412 71 -1 -1 -1 -1 label : spot-2 0.50
199 3 1111 397 132 69 -1 -1 -1 -1 label : spot-1 0.44
200 1 51 357 412 71 -1 -1 -1 -1 label : spot-2 0.50
200 3 1113 399 132 68 -1 -1 -1 -1 label : spot-1 0.44
201 1 22 359 439 70 -1 -1 -1 -1 label : spot-2 0.47
202 1 18 360 434 69 -1 -1 -1 -1 label : spot-2 0.47
203 1 7 359 448 74 -1 -1 -1 -1 label : spot-2 0.42
204 1 0 358 459 76 -1 -1 -1 -1 label : spot-2 0.43
215 1 0 358 462 74 -1 -1 -1 -1 label : spot-2 0.49
216 1 0 358 459 72 -1 -1 -1 -1 label : spot-2 0.49
221 1 1 358 453 75 -1 -1 -1 -1 label : spot-2 0.40
229 1 0 356 460 75 -1 -1 -1 -1 label : spot-2 0.41
230 1 0 356 458 75 -1 -1 -1 -1 label : spot-2 0.41
239 1 3 354 444 77 -1 -1 -1 -1 label : spot-2 0.42
240 1 1 354 446 78 -1 -1 -1 -1 label : spot-2 0.43
251 1 0 357 440 74 -1 -1 -1 -1 label : spot-2 0.43
252 1 0 358 433 72 -1 -1 -1 -1 label : spot-2 0.43
253 1 4 357 433 76 -1 -1 -1 -1 label : spot-2 0.42
254 1 1 357 444 77 -1 -1 -1 -1 label : spot-2 0.42
255 1 3 356 447 81 -1 -1 -1 -1 label : spot-2 0.50
256 1 0 356 456 82 -1 -1 -1 -1 label : spot-2 0.51
257 1 0 357 456 77 -1 -1 -1 -1 label : spot-2 0.47
258 1 0 357 448 75 -1 -1 -1 -1 label : spot-2 0.46
259 1 0 358 438 73 -1 -1 -1 -1 label : spot-2 0.46
260 1 0 358 433 72 -1 -1 -1 -1 label : spot-2 0.46
261 1 5 359 420 74 -1 -1 -1 -1 label : spot-2 0.45
262 1 1 359 427 75 -1 -1 -1 -1 label : spot-2 0.46
263 1 0 359 428 75 -1 -1 -1 -1 label : spot-2 0.44
264 1 0 359 429 74 -1 -1 -1 -1 label : spot-2 0.45
265 1 3 360 417 75 -1 -1 -1 -1 label : spot-2 0.43
266 1 0 360 419 76 -1 -1 -1 -1 label : spot-2 0.42
267 1 1 360 418 78 -1 -1 -1 -1 label : spot-2 0.41
268 1 0 360 421 78 -1 -1 -1 -1 label : spot-2 0.42
282 1 2 358 418 82 -1 -1 -1 -1 label : spot-2 0.40
283 1 1 358 414 83 -1 -1 -1 -1 label : spot-2 0.45
284 1 0 358 415 84 -1 -1 -1 -1 label : spot-2 0.45
285 1 0 361 411 80 -1 -1 -1 -1 label : spot-2 0.41
289 1 0 361 405 79 -1 -1 -1 -1 label : spot-2 0.44
290 1 0 362 402 76 -1 -1 -1 -1 label : spot-2 0.44
291 1 0 361 400 77 -1 -1 -1 -1 label : spot-2 0.46
292 1 0 361 403 77 -1 -1 -1 -1 label : spot-2 0.46
293 1 2 361 402 80 -1 -1 -1 -1 label : spot-2 0.44
294 1 0 361 405 82 -1 -1 -1 -1 label : spot-2 0.43
295 1 0 363 395 78 -1 -1 -1 -1 label : spot-2 0.46
296 1 0 364 387 76 -1 -1 -1 -1 label : spot-2 0.45
297 1 0 365 383 76 -1 -1 -1 -1 label : spot-2 0.50
298 1 0 365 383 76 -1 -1 -1 -1 label : spot-2 0.50
299 1 1 365 375 77 -1 -1 -1 -1 label : spot-2 0.42
300 1 1 365 373 78 -1 -1 -1 -1 label : spot-2 0.43
301 1 0 361 400 83 -1 -1 -1 -1 label : spot-2 0.49
302 1 0 359 408 85 -1 -1 -1 -1 label : spot-2 0.49
303 1 1 361 391 83 -1 -1 -1 -1 label : spot-2 0.42
304 1 0 362 386 83 -1 -1 -1 -1 label : spot-2 0.41
305 1 0 362 391 80 -1 -1 -1 -1 label : spot-2 0.53
306 1 0 362 389 79 -1 -1 -1 -1 label : spot-2 0.53
307 1 5 361 368 82 -1 -1 -1 -1 label : spot-2 0.41
308 1 0 361 375 83 -1 -1 -1 -1 label : spot-2 0.41
309 1 0 360 375 84 -1 -1 -1 -1 label : spot-2 0.46
310 1 0 360 378 84 -1 -1 -1 -1 label : spot-2 0.47
311 1 11 358 345 95 -1 -1 -1 -1 label : spot-2 0.48
312 1 3 358 357 98 -1 -1 -1 -1 label : spot-2 0.47
313 1 0 357 364 93 -1 -1 -1 -1 label : spot-2 0.42
314 1 0 356 359 92 -1 -1 -1 -1 label : spot-2 0.42
315 1 7 356 338 102 -1 -1 -1 -1 label : spot-2 0.46
316 1 1 355 349 106 -1 -1 -1 -1 label : spot-2 0.46
327 7 856 359 306 79 -1 -1 -1 -1 label : spot-2 0.58
328 7 855 360 310 79 -1 -1 -1 -1 label : spot-2 0.57
329 7 860 362 316 81 -1 -1 -1 -1 label : spot-2 0.42
330 7 861 363 317 81 -1 -1 -1 -1 label : spot-2 0.41
335 7 861 365 350 85 -1 -1 -1 -1 label : spot-2 0.53
336 7 864 366 355 87 -1 -1 -1 -1 label : spot-2 0.53
337 7 867 366 364 87 -1 -1 -1 -1 label : spot-2 0.45
338 7 870 366 364 88 -1 -1 -1 -1 label : spot-2 0.46
339 7 868 367 388 85 -1 -1 -1 -1 label : spot-2 0.41
340 7 874 367 385 85 -1 -1 -1 -1 label : spot-2 0.42
341 7 875 365 394 90 -1 -1 -1 -1 label : spot-2 0.57
342 7 874 365 401 91 -1 -1 -1 -1 label : spot-2 0.56
343 7 877 364 398 97 -1 -1 -1 -1 label : spot-2 0.57
344 7 873 364 406 99 -1 -1 -1 -1 label : spot-2 0.57
345 7 876 364 403 102 -1 -1 -1 -1 label : spot-2 0.56
346 7 874 364 405 103 -1 -1 -1 -1 label : spot-2 0.56
347 7 876 364 403 104 -1 -1 -1 -1 label : spot-2 0.53
348 7 876 364 403 104 -1 -1 -1 -1 label : spot-2 0.53
349 7 878 362 401 106 -1 -1 -1 -1 label : spot-2 0.53
350 7 879 362 400 106 -1 -1 -1 -1 label : spot-2 0.53
351 7 879 363 400 105 -1 -1 -1 -1 label : spot-2 0.42
352 7 881 363 398 106 -1 -1 -1 -1 label : spot-2 0.44
359 7 880 365 399 101 -1 -1 -1 -1 label : spot-2 0.42
360 7 885 366 394 99 -1 -1 -1 -1 label : spot-2 0.41
363 7 899 368 373 109 -1 -1 -1 -1 label : spot-2 0.43
364 7 884 368 395 103 -1 -1 -1 -1 label : spot-2 0.43
365 7 902 370 371 112 -1 -1 -1 -1 label : spot-2 0.46
366 7 897 370 381 117 -1 -1 -1 -1 label : spot-2 0.46
367 7 906 372 373 117 -1 -1 -1 -1 label : spot-2 0.50
368 7 908 373 371 116 -1 -1 -1 -1 label : spot-2 0.50
369 7 909 375 370 113 -1 -1 -1 -1 label : spot-2 0.40
370 7 913 375 366 113 -1 -1 -1 -1 label : spot-2 0.40
371 7 913 374 366 116 -1 -1 -1 -1 label : spot-2 0.40
373 7 912 373 367 115 -1 -1 -1 -1 label : spot-2 0.42
374 7 913 373 366 115 -1 -1 -1 -1 label : spot-2 0.43
375 7 916 373 363 116 -1 -1 -1 -1 label : spot-2 0.43
376 7 916 373 363 117 -1 -1 -1 -1 label : spot-2 0.42
381 7 914 373 365 108 -1 -1 -1 -1 label : spot-2 0.44
382 7 921 374 358 104 -1 -1 -1 -1 label : spot-2 0.44
383 7 931 374 342 114 -1 -1 -1 -1 label : spot-2 0.52
384 7 926 374 352 117 -1 -1 -1 -1 label : spot-2 0.50
385 7 923 375 356 115 -1 -1 -1 -1 label : spot-2 0.53
386 7 924 375 355 114 -1 -1 -1 -1 label : spot-2 0.53
387 7 929 376 349 115 -1 -1 -1 -1 label : spot-2 0.42
388 7 929 376 350 116 -1 -1 -1 -1 label : spot-2 0.42
389 7 924 376 355 111 -1 -1 -1 -1 label : spot-2 0.49
390 7 928 377 351 107 -1 -1 -1 -1 label : spot-2 0.49
391 7 932 378 347 104 -1 -1 -1 -1 label : spot-2 0.45
392 7 934 378 345 104 -1 -1 -1 -1 label : spot-2 0.45
393 7 937 379 341 104 -1 -1 -1 -1 label : spot-2 0.45
394 7 937 380 341 103 -1 -1 -1 -1 label : spot-2 0.45
