762 2 268 330 149 44 -1 -1 -1 -1 label : spot-1 0.45
763 2 267 330 149 44 -1 -1 -1 -1 label : spot-1 0.45
766 2 257 331 157 47 -1 -1 -1 -1 label : spot-1 0.48
767 2 254 331 159 48 -1 -1 -1 -1 label : spot-1 0.48
768 2 244 332 173 48 -1 -1 -1 -1 label : spot-1 0.49
769 2 243 333 173 47 -1 -1 -1 -1 label : spot-1 0.50
822 4 0 355 359 95 -1 -1 -1 -1 label : spot-2 0.45
823 4 0 356 359 95 -1 -1 -1 -1 label : spot-2 0.45
824 4 2 357 353 98 -1 -1 -1 -1 label : spot-2 0.46
825 4 0 358 357 98 -1 -1 -1 -1 label : spot-2 0.47
