3 1 613 339 364 106 -1 -1 -1 -1 label : spot-2 0.43
4 1 627 341 383 128 -1 -1 -1 -1 label : spot-2 0.44
8 1 627 349 550 156 -1 -1 -1 -1 label : spot-2 0.41
11 1 628 347 633 183 -1 -1 -1 -1 label : spot-2 0.42
29 1 652 355 627 187 -1 -1 -1 -1 label : spot-2 0.41
31 1 660 358 619 190 -1 -1 -1 -1 label : spot-2 0.41
35 1 657 358 622 188 -1 -1 -1 -1 label : spot-2 0.48
36 1 659 359 620 184 -1 -1 -1 -1 label : spot-2 0.43
62 3 700 356 50 19 -1 -1 -1 -1 label : invalidSpot-entrance 0.40
71 4 719 382 560 161 -1 -1 -1 -1 label : spot-2 0.41
72 4 719 383 560 156 -1 -1 -1 -1 label : spot-2 0.52
73 4 725 385 550 155 -1 -1 -1 -1 label : spot-2 0.54
74 4 721 388 557 151 -1 -1 -1 -1 label : spot-2 0.49
75 4 729 390 545 150 -1 -1 -1 -1 label : spot-2 0.48
76 4 730 391 543 151 -1 -1 -1 -1 label : spot-2 0.48
77 4 727 394 547 152 -1 -1 -1 -1 label : spot-2 0.49
77 6 630 339 127 34 -1 -1 -1 -1 label : spot-2 0.46
78 4 728 396 548 150 -1 -1 -1 -1 label : spot-2 0.49
78 6 631 339 130 35 -1 -1 -1 -1 label : spot-2 0.45
80 6 630 339 136 38 -1 -1 -1 -1 label : spot-2 0.43
81 4 764 399 506 155 -1 -1 -1 -1 label : spot-2 0.47
81 6 626 340 145 38 -1 -1 -1 -1 label : spot-2 0.43
82 4 769 401 505 156 -1 -1 -1 -1 label : spot-2 0.45
83 4 775 401 502 158 -1 -1 -1 -1 label : spot-2 0.43
84 4 776 401 503 156 -1 -1 -1 -1 label : spot-2 0.50
84 6 631 340 156 41 -1 -1 -1 -1 label : spot-2 0.42
85 4 778 400 501 156 -1 -1 -1 -1 label : spot-2 0.56
85 6 633 338 158 42 -1 -1 -1 -1 label : spot-2 0.44
86 4 782 399 497 157 -1 -1 -1 -1 label : spot-2 0.58
86 6 637 337 157 41 -1 -1 -1 -1 label : spot-2 0.46
87 4 783 399 496 157 -1 -1 -1 -1 label : spot-2 0.63
87 6 634 334 162 44 -1 -1 -1 -1 label : spot-2 0.49
88 4 788 399 491 156 -1 -1 -1 -1 label : spot-2 0.60
88 6 634 333 166 45 -1 -1 -1 -1 label : spot-2 0.46
89 4 789 400 490 150 -1 -1 -1 -1 label : spot-2 0.59
89 6 634 332 173 46 -1 -1 -1 -1 label : spot-2 0.44
90 4 798 401 481 146 -1 -1 -1 -1 label : spot-2 0.64
90 6 631 332 181 46 -1 -1 -1 -1 label : spot-2 0.51
91 4 805 403 474 142 -1 -1 -1 -1 label : spot-2 0.59
91 6 630 332 187 48 -1 -1 -1 -1 label : spot-2 0.47
92 4 811 406 468 140 -1 -1 -1 -1 label : spot-2 0.54
92 6 627 333 196 48 -1 -1 -1 -1 label : spot-2 0.44
93 4 816 408 463 137 -1 -1 -1 -1 label : spot-2 0.51
94 6 644 337 187 49 -1 -1 -1 -1 label : spot-2 0.53
95 6 648 339 190 51 -1 -1 -1 -1 label : spot-2 0.60
96 6 654 341 188 52 -1 -1 -1 -1 label : spot-2 0.60
97 6 654 341 195 54 -1 -1 -1 -1 label : spot-2 0.65
98 6 652 342 205 56 -1 -1 -1 -1 label : spot-2 0.70
99 6 655 343 209 58 -1 -1 -1 -1 label : spot-2 0.67
100 6 657 344 213 60 -1 -1 -1 -1 label : spot-2 0.64
101 6 662 346 218 61 -1 -1 -1 -1 label : spot-2 0.64
102 6 660 346 230 63 -1 -1 -1 -1 label : spot-2 0.63
103 6 661 346 236 66 -1 -1 -1 -1 label : spot-2 0.63
104 6 659 345 244 69 -1 -1 -1 -1 label : spot-2 0.61
105 6 655 344 255 72 -1 -1 -1 -1 label : spot-2 0.60
106 6 656 344 261 74 -1 -1 -1 -1 label : spot-2 0.57
107 6 655 343 270 77 -1 -1 -1 -1 label : spot-2 0.55
108 6 663 343 274 80 -1 -1 -1 -1 label : spot-2 0.54
109 6 663 343 287 82 -1 -1 -1 -1 label : spot-2 0.54
110 6 664 345 303 85 -1 -1 -1 -1 label : spot-2 0.48
111 6 668 345 314 89 -1 -1 -1 -1 label : spot-2 0.53
112 6 663 346 335 91 -1 -1 -1 -1 label : spot-2 0.52
113 6 665 346 345 95 -1 -1 -1 -1 label : spot-2 0.46
155 15 716 370 563 159 -1 -1 -1 -1 label : spot-2 0.61
156 15 717 371 562 159 -1 -1 -1 -1 label : spot-2 0.57
157 15 715 372 564 158 -1 -1 -1 -1 label : spot-2 0.56
158 15 719 373 560 158 -1 -1 -1 -1 label : spot-2 0.54
159 15 723 374 555 159 -1 -1 -1 -1 label : spot-2 0.46
160 15 728 377 551 158 -1 -1 -1 -1 label : spot-2 0.49
161 15 746 379 526 166 -1 -1 -1 -1 label : spot-2 0.40
162 15 734 381 545 165 -1 -1 -1 -1 label : spot-2 0.48
163 15 740 383 539 164 -1 -1 -1 -1 label : spot-2 0.45
165 15 740 385 539 148 -1 -1 -1 -1 label : spot-2 0.48
166 15 768 386 503 153 -1 -1 -1 -1 label : spot-2 0.51
167 15 767 388 509 157 -1 -1 -1 -1 label : spot-2 0.47
168 15 770 390 507 160 -1 -1 -1 -1 label : spot-2 0.44
169 15 770 391 509 161 -1 -1 -1 -1 label : spot-2 0.45
170 15 772 393 507 161 -1 -1 -1 -1 label : spot-2 0.46
171 15 770 395 509 158 -1 -1 -1 -1 label : spot-2 0.50
172 15 781 397 498 158 -1 -1 -1 -1 label : spot-2 0.44
173 15 785 398 494 154 -1 -1 -1 -1 label : spot-2 0.42
174 15 787 400 492 156 -1 -1 -1 -1 label : spot-2 0.41
229 17 710 367 240 67 -1 -1 -1 -1 label : spot-2 0.50
230 17 723 369 246 76 -1 -1 -1 -1 label : spot-2 0.51
231 17 721 369 274 84 -1 -1 -1 -1 label : spot-2 0.55
232 17 723 370 303 92 -1 -1 -1 -1 label : spot-2 0.52
233 17 737 372 315 101 -1 -1 -1 -1 label : spot-2 0.41
234 17 731 372 359 110 -1 -1 -1 -1 label : spot-2 0.50
235 17 739 377 398 116 -1 -1 -1 -1 label : spot-2 0.48
236 17 734 378 444 127 -1 -1 -1 -1 label : spot-2 0.53
237 17 732 380 495 137 -1 -1 -1 -1 label : spot-2 0.53
238 17 770 385 486 158 -1 -1 -1 -1 label : spot-2 0.50
239 17 795 388 483 164 -1 -1 -1 -1 label : spot-2 0.51
240 17 811 392 468 163 -1 -1 -1 -1 label : spot-2 0.42
241 17 805 394 474 162 -1 -1 -1 -1 label : spot-2 0.42
254 18 837 388 177 58 -1 -1 -1 -1 label : invalidspot-coloredCurb 0.48
255 18 846 390 181 60 -1 -1 -1 -1 label : invalidspot-coloredCurb 0.40
270 21 1071 349 42 90 -1 -1 -1 -1 label : fireHydrant 0.69
271 21 1089 352 44 93 -1 -1 -1 -1 label : fireHydrant 0.57
272 21 1109 354 50 95 -1 -1 -1 -1 label : fireHydrant 0.59
