118 3 827 440 401 95 -1 -1 -1 -1 label : spot-2 0.52
119 3 823 442 429 94 -1 -1 -1 -1 label : spot-2 0.46
119 4 64 433 301 77 -1 -1 -1 -1 label : spot-2 0.46
120 3 829 444 443 97 -1 -1 -1 -1 label : spot-2 0.49
123 4 7 439 345 96 -1 -1 -1 -1 label : spot-2 0.54
124 4 4 442 335 109 -1 -1 -1 -1 label : spot-2 0.46
125 3 840 451 439 109 -1 -1 -1 -1 label : spot-2 0.59
125 4 0 441 348 109 -1 -1 -1 -1 label : spot-2 0.53
126 3 837 453 442 107 -1 -1 -1 -1 label : spot-2 0.47
126 4 0 443 337 104 -1 -1 -1 -1 label : spot-2 0.45
128 3 841 455 438 105 -1 -1 -1 -1 label : spot-2 0.50
129 3 842 457 437 106 -1 -1 -1 -1 label : spot-2 0.53
130 4 0 445 340 114 -1 -1 -1 -1 label : spot-2 0.47
143 4 0 458 303 97 -1 -1 -1 -1 label : spot-2 0.51
144 4 0 461 295 92 -1 -1 -1 -1 label : spot-2 0.47
146 4 0 465 289 84 -1 -1 -1 -1 label : spot-2 0.47
148 4 0 467 284 76 -1 -1 -1 -1 label : spot-2 0.47
149 4 0 468 274 72 -1 -1 -1 -1 label : spot-2 0.58
150 4 2 468 264 77 -1 -1 -1 -1 label : spot-2 0.61
151 4 6 467 252 85 -1 -1 -1 -1 label : spot-2 0.48
152 4 0 468 263 81 -1 -1 -1 -1 label : spot-2 0.46
177 9 840 451 154 51 -1 -1 -1 -1 label : spot-1 0.51
178 9 840 452 163 55 -1 -1 -1 -1 label : spot-1 0.57
179 9 846 454 163 56 -1 -1 -1 -1 label : spot-1 0.58
180 9 850 454 171 59 -1 -1 -1 -1 label : spot-1 0.52
181 9 852 455 182 61 -1 -1 -1 -1 label : spot-1 0.56
182 9 858 455 186 63 -1 -1 -1 -1 label : spot-1 0.60
183 9 866 454 190 65 -1 -1 -1 -1 label : spot-1 0.59
184 9 874 454 197 66 -1 -1 -1 -1 label : spot-1 0.61
185 9 875 455 213 65 -1 -1 -1 -1 label : spot-1 0.63
186 9 884 459 219 63 -1 -1 -1 -1 label : spot-1 0.55
187 9 886 462 234 56 -1 -1 -1 -1 label : spot-1 0.55
188 9 904 464 226 62 -1 -1 -1 -1 label : spot-1 0.59
189 9 914 466 227 70 -1 -1 -1 -1 label : spot-1 0.60
190 9 911 470 254 75 -1 -1 -1 -1 label : spot-1 0.67
191 9 919 473 263 78 -1 -1 -1 -1 label : spot-1 0.58
192 9 931 476 266 83 -1 -1 -1 -1 label : spot-1 0.66
193 9 921 480 302 83 -1 -1 -1 -1 label : spot-1 0.62
194 9 939 482 298 92 -1 -1 -1 -1 label : spot-1 0.67
195 9 934 485 335 94 -1 -1 -1 -1 label : spot-1 0.59
197 9 941 492 338 87 -1 -1 -1 -1 label : spot-1 0.46
