62 1 87 440 185 89 -1 -1 -1 -1 label : spot-0.30
63 1 72 442 181 91 -1 -1 -1 -1 label : spot-0.31
64 1 56 443 195 95 -1 -1 -1 -1 label : spot-0.38
65 1 42 447 210 98 -1 -1 -1 -1 label : spot-0.38
66 1 36 448 166 101 -1 -1 -1 -1 label : spot-0.39
67 1 8 454 219 97 -1 -1 -1 -1 label : spot-0.48
68 1 1 459 215 102 -1 -1 -1 -1 label : spot-0.38
69 1 1 462 186 104 -1 -1 -1 -1 label : spot-0.43
70 1 0 464 165 104 -1 -1 -1 -1 label : spot-0.42
71 1 0 466 196 107 -1 -1 -1 -1 label : spot-0.36
72 1 0 469 211 106 -1 -1 -1 -1 label : spot-0.38
73 1 0 472 201 107 -1 -1 -1 -1 label : spot-0.32
74 1 0 476 203 105 -1 -1 -1 -1 label : spot-0.36
75 1 0 479 206 104 -1 -1 -1 -1 label : spot-0.38
76 1 0 482 197 103 -1 -1 -1 -1 label : spot-0.32
