63 1 73 444 203 89 -1 -1 -1 -1 label : spot-0.40
64 1 60 446 214 95 -1 -1 -1 -1 label : spot-0.42
65 1 46 447 218 100 -1 -1 -1 -1 label : spot-0.42
66 1 33 448 230 104 -1 -1 -1 -1 label : spot-0.42
67 1 12 452 239 98 -1 -1 -1 -1 label : spot-0.40
68 1 0 458 255 94 -1 -1 -1 -1 label : spot-0.54
69 1 5 462 191 92 -1 -1 -1 -1 label : spot-0.49
70 1 0 464 196 93 -1 -1 -1 -1 label : spot-0.48
71 1 0 467 206 95 -1 -1 -1 -1 label : spot-0.47
72 1 0 468 225 93 -1 -1 -1 -1 label : spot-0.49
73 1 0 470 211 92 -1 -1 -1 -1 label : spot-0.44
74 1 2 473 188 92 -1 -1 -1 -1 label : spot-0.39
75 1 0 476 192 94 -1 -1 -1 -1 label : spot-0.35
76 1 0 478 196 96 -1 -1 -1 -1 label : spot-0.36
77 1 0 480 195 100 -1 -1 -1 -1 label : spot-0.32
78 1 0 482 197 94 -1 -1 -1 -1 label : spot-0.31
115 7 27 450 261 70 -1 -1 -1 -1 label : spot-1 0.39
