23 2 743 346 531 147 -1 -1 -1 -1 label : spot-0.57
24 2 744 351 532 146 -1 -1 -1 -1 label : spot-0.64
25 2 742 356 534 144 -1 -1 -1 -1 label : spot-0.61
31 2 739 376 540 127 -1 -1 -1 -1 label : spot-0.51
33 2 760 387 508 130 -1 -1 -1 -1 label : spot-0.58
34 2 759 390 515 130 -1 -1 -1 -1 label : spot-0.53
35 2 761 396 511 135 -1 -1 -1 -1 label : spot-0.58
36 2 757 400 522 130 -1 -1 -1 -1 label : spot-0.59
37 2 767 402 509 131 -1 -1 -1 -1 label : spot-0.59
38 2 770 403 504 134 -1 -1 -1 -1 label : spot-0.59
39 2 770 404 506 135 -1 -1 -1 -1 label : spot-0.65
40 2 777 405 498 135 -1 -1 -1 -1 label : spot-0.56
41 2 775 405 504 135 -1 -1 -1 -1 label : spot-0.60
42 2 786 407 486 139 -1 -1 -1 -1 label : spot-0.58
43 2 778 405 500 141 -1 -1 -1 -1 label : spot-0.57
44 2 767 405 512 132 -1 -1 -1 -1 label : spot-0.54
45 2 778 404 496 131 -1 -1 -1 -1 label : spot-0.55
46 2 769 405 509 122 -1 -1 -1 -1 label : spot-0.60
47 2 787 405 474 121 -1 -1 -1 -1 label : spot-0.57
48 2 790 405 477 121 -1 -1 -1 -1 label : spot-0.62
49 2 797 403 472 126 -1 -1 -1 -1 label : spot-0.64
50 2 801 404 470 131 -1 -1 -1 -1 label : spot-0.65
51 2 804 405 470 134 -1 -1 -1 -1 label : spot-0.66
52 2 806 408 471 134 -1 -1 -1 -1 label : spot-0.65
53 2 802 412 477 133 -1 -1 -1 -1 label : spot-0.66
54 2 799 414 480 127 -1 -1 -1 -1 label : spot-0.64
55 2 808 418 466 133 -1 -1 -1 -1 label : spot-0.69
56 2 804 420 475 131 -1 -1 -1 -1 label : spot-0.67
57 2 804 422 474 131 -1 -1 -1 -1 label : spot-0.66
58 2 803 424 476 127 -1 -1 -1 -1 label : spot-0.65
59 2 810 424 466 130 -1 -1 -1 -1 label : spot-0.66
60 2 810 424 468 131 -1 -1 -1 -1 label : spot-0.68
61 2 817 422 457 137 -1 -1 -1 -1 label : spot-0.66
62 2 818 420 457 140 -1 -1 -1 -1 label : spot-0.61
63 2 818 418 461 133 -1 -1 -1 -1 label : spot-0.60
64 2 822 415 457 133 -1 -1 -1 -1 label : spot-0.65
65 2 831 414 448 130 -1 -1 -1 -1 label : spot-0.65
66 2 827 415 452 122 -1 -1 -1 -1 label : spot-0.67
67 2 830 417 449 117 -1 -1 -1 -1 label : spot-0.68
68 2 841 417 433 122 -1 -1 -1 -1 label : spot-0.66
69 2 846 420 425 130 -1 -1 -1 -1 label : spot-0.64
70 2 842 422 435 130 -1 -1 -1 -1 label : spot-0.66
71 2 846 428 433 127 -1 -1 -1 -1 label : spot-0.57
72 2 851 430 425 131 -1 -1 -1 -1 label : spot-0.59
73 2 850 431 429 128 -1 -1 -1 -1 label : spot-0.57
74 2 847 431 432 126 -1 -1 -1 -1 label : spot-0.58
75 2 845 430 434 123 -1 -1 -1 -1 label : spot-0.57
76 2 849 429 430 121 -1 -1 -1 -1 label : spot-0.60
77 2 848 428 431 117 -1 -1 -1 -1 label : spot-0.52
99 2 905 433 374 95 -1 -1 -1 -1 label : spot-0.50
100 2 919 432 358 95 -1 -1 -1 -1 label : spot-0.55
101 2 935 433 341 95 -1 -1 -1 -1 label : spot-0.54
156 6 71 443 181 64 -1 -1 -1 -1 label : invalidSpot-entrance 0.59
157 6 60 443 186 63 -1 -1 -1 -1 label : invalidSpot-entrance 0.61
158 6 51 442 193 64 -1 -1 -1 -1 label : invalidSpot-entrance 0.60
159 6 36 441 203 64 -1 -1 -1 -1 label : invalidSpot-entrance 0.60
160 6 23 441 212 61 -1 -1 -1 -1 label : invalidSpot-entrance 0.54
161 6 13 441 213 60 -1 -1 -1 -1 label : invalidSpot-entrance 0.53
163 6 5 443 209 62 -1 -1 -1 -1 label : invalidSpot-entrance 0.55
