187 1 115 353 341 63 -1 -1 -1 -1 label : spot-2 0.47
188 1 114 352 342 65 -1 -1 -1 -1 label : spot-2 0.46
189 1 106 354 355 65 -1 -1 -1 -1 label : spot-2 0.48
190 1 105 354 355 66 -1 -1 -1 -1 label : spot-2 0.48
191 1 92 356 372 67 -1 -1 -1 -1 label : spot-2 0.52
192 1 89 356 374 68 -1 -1 -1 -1 label : spot-2 0.54
193 1 86 357 380 68 -1 -1 -1 -1 label : spot-2 0.55
194 1 85 358 382 68 -1 -1 -1 -1 label : spot-2 0.55
195 1 65 358 397 69 -1 -1 -1 -1 label : spot-2 0.58
196 1 60 358 399 69 -1 -1 -1 -1 label : spot-2 0.58
197 1 54 357 408 71 -1 -1 -1 -1 label : spot-2 0.56
198 1 52 357 411 72 -1 -1 -1 -1 label : spot-2 0.57
199 1 51 357 412 71 -1 -1 -1 -1 label : spot-2 0.50
199 2 1111 397 132 69 -1 -1 -1 -1 label : spot-1 0.44
200 1 51 357 412 71 -1 -1 -1 -1 label : spot-2 0.50
200 2 1113 399 132 68 -1 -1 -1 -1 label : spot-1 0.44
201 1 22 359 439 70 -1 -1 -1 -1 label : spot-2 0.47
202 1 18 360 434 69 -1 -1 -1 -1 label : spot-2 0.47
203 1 7 359 448 74 -1 -1 -1 -1 label : spot-2 0.42
204 1 0 358 459 76 -1 -1 -1 -1 label : spot-2 0.43
215 1 0 358 462 74 -1 -1 -1 -1 label : spot-2 0.49
216 1 0 358 459 72 -1 -1 -1 -1 label : spot-2 0.49
239 1 4 355 440 76 -1 -1 -1 -1 label : spot-2 0.42
240 1 1 354 444 78 -1 -1 -1 -1 label : spot-2 0.43
251 1 0 357 439 74 -1 -1 -1 -1 label : spot-2 0.43
252 1 0 358 433 72 -1 -1 -1 -1 label : spot-2 0.43
253 1 4 357 433 76 -1 -1 -1 -1 label : spot-2 0.42
254 1 1 357 444 77 -1 -1 -1 -1 label : spot-2 0.42
255 1 2 356 448 81 -1 -1 -1 -1 label : spot-2 0.50
256 1 0 356 456 82 -1 -1 -1 -1 label : spot-2 0.51
257 1 0 357 456 77 -1 -1 -1 -1 label : spot-2 0.47
258 1 0 357 448 76 -1 -1 -1 -1 label : spot-2 0.46
259 1 0 358 438 73 -1 -1 -1 -1 label : spot-2 0.46
260 1 0 358 433 72 -1 -1 -1 -1 label : spot-2 0.46
261 1 5 358 420 75 -1 -1 -1 -1 label : spot-2 0.45
262 1 1 359 427 75 -1 -1 -1 -1 label : spot-2 0.46
263 1 0 359 428 75 -1 -1 -1 -1 label : spot-2 0.44
264 1 0 359 429 74 -1 -1 -1 -1 label : spot-2 0.45
265 1 3 360 417 75 -1 -1 -1 -1 label : spot-2 0.43
283 1 7 359 402 81 -1 -1 -1 -1 label : spot-2 0.45
284 1 1 359 412 82 -1 -1 -1 -1 label : spot-2 0.45
289 1 0 361 409 79 -1 -1 -1 -1 label : spot-2 0.44
290 1 0 362 404 76 -1 -1 -1 -1 label : spot-2 0.44
291 1 0 361 400 77 -1 -1 -1 -1 label : spot-2 0.46
292 1 0 361 403 77 -1 -1 -1 -1 label : spot-2 0.46
293 1 2 361 402 80 -1 -1 -1 -1 label : spot-2 0.44
294 1 0 361 405 82 -1 -1 -1 -1 label : spot-2 0.43
295 1 0 363 395 78 -1 -1 -1 -1 label : spot-2 0.46
296 1 0 364 387 76 -1 -1 -1 -1 label : spot-2 0.45
297 1 0 365 383 76 -1 -1 -1 -1 label : spot-2 0.50
298 1 0 365 383 77 -1 -1 -1 -1 label : spot-2 0.50
300 1 2 365 373 78 -1 -1 -1 -1 label : spot-2 0.43
301 1 0 361 400 82 -1 -1 -1 -1 label : spot-2 0.49
302 1 0 359 408 85 -1 -1 -1 -1 label : spot-2 0.49
305 1 0 361 396 81 -1 -1 -1 -1 label : spot-2 0.53
306 1 0 361 391 80 -1 -1 -1 -1 label : spot-2 0.53
309 1 4 360 372 83 -1 -1 -1 -1 label : spot-2 0.46
310 1 0 360 378 83 -1 -1 -1 -1 label : spot-2 0.47
311 1 11 358 345 95 -1 -1 -1 -1 label : spot-2 0.48
312 1 3 358 356 98 -1 -1 -1 -1 label : spot-2 0.47
313 1 0 357 364 93 -1 -1 -1 -1 label : spot-2 0.42
327 5 856 359 306 79 -1 -1 -1 -1 label : spot-2 0.58
328 5 855 360 310 79 -1 -1 -1 -1 label : spot-2 0.57
335 5 860 364 348 85 -1 -1 -1 -1 label : spot-2 0.53
336 5 864 365 356 88 -1 -1 -1 -1 label : spot-2 0.53
337 5 868 366 364 88 -1 -1 -1 -1 label : spot-2 0.45
338 5 870 366 365 88 -1 -1 -1 -1 label : spot-2 0.46
341 5 868 365 400 91 -1 -1 -1 -1 label : spot-2 0.57
342 5 872 365 404 91 -1 -1 -1 -1 label : spot-2 0.56
343 5 877 364 400 97 -1 -1 -1 -1 label : spot-2 0.57
344 5 874 364 405 99 -1 -1 -1 -1 label : spot-2 0.57
345 5 876 364 403 102 -1 -1 -1 -1 label : spot-2 0.56
346 5 874 364 405 103 -1 -1 -1 -1 label : spot-2 0.56
347 5 876 364 403 104 -1 -1 -1 -1 label : spot-2 0.53
348 5 876 364 403 105 -1 -1 -1 -1 label : spot-2 0.53
349 5 879 362 400 107 -1 -1 -1 -1 label : spot-2 0.53
350 5 879 362 400 106 -1 -1 -1 -1 label : spot-2 0.53
351 5 879 363 400 105 -1 -1 -1 -1 label : spot-2 0.42
352 5 881 363 398 106 -1 -1 -1 -1 label : spot-2 0.44
363 5 894 367 381 111 -1 -1 -1 -1 label : spot-2 0.43
364 5 882 368 397 104 -1 -1 -1 -1 label : spot-2 0.43
365 5 901 370 373 113 -1 -1 -1 -1 label : spot-2 0.46
366 5 897 371 382 116 -1 -1 -1 -1 label : spot-2 0.46
367 5 907 372 372 117 -1 -1 -1 -1 label : spot-2 0.50
368 5 909 373 370 117 -1 -1 -1 -1 label : spot-2 0.50
374 5 911 373 368 116 -1 -1 -1 -1 label : spot-2 0.43
375 5 915 373 364 116 -1 -1 -1 -1 label : spot-2 0.43
381 5 914 373 365 109 -1 -1 -1 -1 label : spot-2 0.44
382 5 921 374 358 104 -1 -1 -1 -1 label : spot-2 0.44
383 5 931 374 343 114 -1 -1 -1 -1 label : spot-2 0.52
384 5 927 374 352 117 -1 -1 -1 -1 label : spot-2 0.50
385 5 923 375 356 115 -1 -1 -1 -1 label : spot-2 0.53
386 5 924 375 355 114 -1 -1 -1 -1 label : spot-2 0.53
387 5 929 376 350 115 -1 -1 -1 -1 label : spot-2 0.42
388 5 929 376 350 116 -1 -1 -1 -1 label : spot-2 0.42
389 5 925 376 354 111 -1 -1 -1 -1 label : spot-2 0.49
390 5 928 377 351 107 -1 -1 -1 -1 label : spot-2 0.49
391 5 932 378 347 104 -1 -1 -1 -1 label : spot-2 0.45
392 5 934 379 345 103 -1 -1 -1 -1 label : spot-2 0.45
393 5 937 379 341 104 -1 -1 -1 -1 label : spot-2 0.45
394 5 937 380 341 103 -1 -1 -1 -1 label : spot-2 0.45
