36 1 372 344 60 26 -1 -1 -1 -1 label : invalidSpot-entrance 0.45
37 1 365 339 63 26 -1 -1 -1 -1 label : invalidSpot-entrance 0.31
38 1 357 330 68 26 -1 -1 -1 -1 label : invalidSpot-entrance 0.48
39 1 347 328 70 28 -1 -1 -1 -1 label : invalidSpot-entrance 0.49
40 1 340 324 74 29 -1 -1 -1 -1 label : invalidSpot-entrance 0.39
41 1 335 325 75 29 -1 -1 -1 -1 label : invalidSpot-entrance 0.31
42 1 324 331 85 30 -1 -1 -1 -1 label : invalidSpot-entrance 0.34
43 1 314 341 92 30 -1 -1 -1 -1 label : invalidSpot-entrance 0.52
44 1 310 350 89 30 -1 -1 -1 -1 label : invalidSpot-entrance 0.43
99 3 383 376 107 31 -1 -1 -1 -1 label : invalidSpot-entrance 0.47
100 3 372 377 127 34 -1 -1 -1 -1 label : invalidSpot-entrance 0.51
121 6 319 358 17 40 -1 -1 -1 -1 label : fireHydrant 0.75
122 6 310 357 17 41 -1 -1 -1 -1 label : fireHydrant 0.68
123 6 302 359 17 40 -1 -1 -1 -1 label : fireHydrant 0.73
124 6 295 359 18 40 -1 -1 -1 -1 label : fireHydrant 0.66
125 6 287 359 18 41 -1 -1 -1 -1 label : fireHydrant 0.63
126 6 278 359 19 42 -1 -1 -1 -1 label : fireHydrant 0.71
127 6 270 359 18 44 -1 -1 -1 -1 label : fireHydrant 0.70
128 6 260 359 20 45 -1 -1 -1 -1 label : fireHydrant 0.74
129 6 253 359 19 46 -1 -1 -1 -1 label : fireHydrant 0.72
130 6 241 359 22 48 -1 -1 -1 -1 label : fireHydrant 0.74
131 6 230 360 22 48 -1 -1 -1 -1 label : fireHydrant 0.73
132 6 222 360 23 48 -1 -1 -1 -1 label : fireHydrant 0.73
133 6 212 361 23 49 -1 -1 -1 -1 label : fireHydrant 0.71
134 6 199 361 23 50 -1 -1 -1 -1 label : fireHydrant 0.74
134 9 989 368 95 27 -1 -1 -1 -1 label : spot-1 0.47
135 6 187 362 23 50 -1 -1 -1 -1 label : fireHydrant 0.75
135 9 993 367 95 28 -1 -1 -1 -1 label : spot-1 0.45
136 6 177 362 24 51 -1 -1 -1 -1 label : fireHydrant 0.74
136 9 993 366 103 29 -1 -1 -1 -1 label : spot-1 0.42
137 6 166 362 25 52 -1 -1 -1 -1 label : fireHydrant 0.74
137 9 995 367 111 28 -1 -1 -1 -1 label : spot-1 0.41
138 6 149 362 26 53 -1 -1 -1 -1 label : fireHydrant 0.71
138 9 1001 367 108 28 -1 -1 -1 -1 label : spot-1 0.35
139 6 136 360 27 55 -1 -1 -1 -1 label : fireHydrant 0.77
140 6 123 361 25 56 -1 -1 -1 -1 label : fireHydrant 0.78
140 9 1005 367 121 30 -1 -1 -1 -1 label : spot-1 0.40
141 6 107 362 28 57 -1 -1 -1 -1 label : fireHydrant 0.77
141 9 1008 367 124 32 -1 -1 -1 -1 label : spot-1 0.34
142 6 91 362 28 60 -1 -1 -1 -1 label : fireHydrant 0.79
142 9 1012 368 128 35 -1 -1 -1 -1 label : spot-1 0.49
143 6 70 363 31 63 -1 -1 -1 -1 label : fireHydrant 0.74
143 9 1011 370 139 35 -1 -1 -1 -1 label : spot-1 0.43
144 6 58 365 30 64 -1 -1 -1 -1 label : fireHydrant 0.77
144 9 1016 373 141 37 -1 -1 -1 -1 label : spot-1 0.41
145 6 36 366 32 65 -1 -1 -1 -1 label : fireHydrant 0.79
145 9 1020 372 146 40 -1 -1 -1 -1 label : spot-1 0.44
146 6 14 367 33 67 -1 -1 -1 -1 label : fireHydrant 0.64
146 9 1022 373 159 39 -1 -1 -1 -1 label : spot-1 0.36
147 6 1 368 33 66 -1 -1 -1 -1 label : fireHydrant 0.74
150 9 1036 371 180 48 -1 -1 -1 -1 label : spot-1 0.42
151 9 1037 372 195 50 -1 -1 -1 -1 label : spot-1 0.54
152 9 1039 373 207 51 -1 -1 -1 -1 label : spot-1 0.45
153 9 1044 373 210 52 -1 -1 -1 -1 label : spot-1 0.41
154 9 1045 375 226 50 -1 -1 -1 -1 label : spot-1 0.42
154 11 295 381 140 32 -1 -1 -1 -1 label : spot-1 0.39
155 9 1073 374 198 57 -1 -1 -1 -1 label : spot-2 0.48
155 11 288 382 133 35 -1 -1 -1 -1 label : spot-1 0.42
156 9 1077 375 202 59 -1 -1 -1 -1 label : spot-2 0.46
156 11 276 381 137 35 -1 -1 -1 -1 label : spot-1 0.40
157 9 1088 374 191 61 -1 -1 -1 -1 label : spot-2 0.53
157 11 262 382 150 37 -1 -1 -1 -1 label : spot-1 0.37
158 9 1094 374 185 63 -1 -1 -1 -1 label : spot-2 0.52
159 11 239 385 172 36 -1 -1 -1 -1 label : spot-1 0.54
160 11 228 385 176 38 -1 -1 -1 -1 label : spot-1 0.59
161 11 215 386 177 39 -1 -1 -1 -1 label : spot-1 0.54
162 11 209 387 156 40 -1 -1 -1 -1 label : spot-1 0.45
163 11 190 390 178 41 -1 -1 -1 -1 label : spot-1 0.36
164 9 1106 380 173 57 -1 -1 -1 -1 label : spot-1 0.38
164 11 178 391 178 41 -1 -1 -1 -1 label : spot-1 0.30
166 11 146 391 215 45 -1 -1 -1 -1 label : spot-1 0.37
226 16 0 411 92 51 -1 -1 -1 -1 label : invalidSpot-entrance 0.46
227 16 0 412 87 51 -1 -1 -1 -1 label : invalidSpot-entrance 0.37
230 16 1 413 70 50 -1 -1 -1 -1 label : invalidSpot-entrance 0.33
240 17 401 362 131 31 -1 -1 -1 -1 label : spot-2 0.31
244 17 395 364 136 33 -1 -1 -1 -1 label : spot-2 0.32
245 17 392 365 140 33 -1 -1 -1 -1 label : spot-2 0.33
246 17 389 366 142 33 -1 -1 -1 -1 label : spot-2 0.32
247 17 390 367 138 33 -1 -1 -1 -1 label : spot-2 0.45
248 17 388 367 141 34 -1 -1 -1 -1 label : spot-2 0.45
249 17 383 368 146 33 -1 -1 -1 -1 label : spot-2 0.41
250 17 382 368 146 33 -1 -1 -1 -1 label : spot-2 0.47
251 17 381 368 148 33 -1 -1 -1 -1 label : spot-2 0.45
252 17 380 368 148 34 -1 -1 -1 -1 label : spot-2 0.41
253 17 377 368 152 34 -1 -1 -1 -1 label : spot-2 0.42
254 17 376 368 152 34 -1 -1 -1 -1 label : spot-2 0.39
255 17 375 368 152 34 -1 -1 -1 -1 label : spot-2 0.40
256 17 373 368 151 34 -1 -1 -1 -1 label : spot-2 0.41
257 17 372 368 152 34 -1 -1 -1 -1 label : spot-2 0.41
258 17 370 368 156 35 -1 -1 -1 -1 label : spot-2 0.39
259 17 367 368 162 35 -1 -1 -1 -1 label : spot-2 0.40
260 17 368 368 157 35 -1 -1 -1 -1 label : spot-2 0.43
261 17 364 368 160 36 -1 -1 -1 -1 label : spot-2 0.41
262 17 364 368 155 36 -1 -1 -1 -1 label : spot-2 0.43
263 17 361 369 158 36 -1 -1 -1 -1 label : spot-2 0.44
264 17 362 369 151 35 -1 -1 -1 -1 label : spot-2 0.39
265 17 358 369 163 35 -1 -1 -1 -1 label : spot-2 0.43
266 17 360 369 153 35 -1 -1 -1 -1 label : spot-2 0.44
267 17 357 369 157 35 -1 -1 -1 -1 label : spot-2 0.40
268 17 356 369 157 36 -1 -1 -1 -1 label : spot-2 0.38
269 17 355 370 158 35 -1 -1 -1 -1 label : spot-2 0.33
270 17 354 370 159 35 -1 -1 -1 -1 label : spot-2 0.32
276 17 348 370 167 38 -1 -1 -1 -1 label : spot-2 0.33
277 17 344 371 170 39 -1 -1 -1 -1 label : spot-2 0.34
278 17 342 371 171 40 -1 -1 -1 -1 label : spot-2 0.32
280 17 338 371 179 40 -1 -1 -1 -1 label : spot-2 0.34
281 17 336 371 181 39 -1 -1 -1 -1 label : spot-2 0.33
282 17 335 371 183 39 -1 -1 -1 -1 label : spot-2 0.34
283 17 334 371 185 39 -1 -1 -1 -1 label : spot-2 0.30
284 17 334 371 184 40 -1 -1 -1 -1 label : spot-2 0.36
285 17 333 371 182 41 -1 -1 -1 -1 label : spot-2 0.39
286 17 332 371 184 41 -1 -1 -1 -1 label : spot-2 0.41
287 17 328 371 189 42 -1 -1 -1 -1 label : spot-2 0.34
289 17 328 372 184 41 -1 -1 -1 -1 label : spot-2 0.31
290 17 324 372 187 42 -1 -1 -1 -1 label : spot-2 0.34
295 17 319 373 184 41 -1 -1 -1 -1 label : spot-2 0.31
300 17 313 373 181 42 -1 -1 -1 -1 label : spot-2 0.30
302 17 307 373 183 42 -1 -1 -1 -1 label : spot-2 0.30
308 17 301 373 194 42 -1 -1 -1 -1 label : spot-2 0.30
309 17 300 373 191 42 -1 -1 -1 -1 label : spot-2 0.32
310 17 301 373 188 42 -1 -1 -1 -1 label : spot-2 0.31
311 17 300 373 188 42 -1 -1 -1 -1 label : spot-2 0.31
312 17 299 373 191 42 -1 -1 -1 -1 label : spot-2 0.38
313 17 298 374 195 42 -1 -1 -1 -1 label : spot-2 0.41
314 17 298 374 194 43 -1 -1 -1 -1 label : spot-2 0.40
315 17 297 375 197 43 -1 -1 -1 -1 label : spot-2 0.36
316 17 295 375 198 42 -1 -1 -1 -1 label : spot-2 0.37
317 17 294 375 199 42 -1 -1 -1 -1 label : spot-2 0.35
318 17 293 376 201 42 -1 -1 -1 -1 label : spot-2 0.36
319 17 290 376 204 42 -1 -1 -1 -1 label : spot-2 0.31
320 17 291 375 199 43 -1 -1 -1 -1 label : spot-2 0.31
321 17 289 375 203 43 -1 -1 -1 -1 label : spot-2 0.34
322 17 289 376 203 41 -1 -1 -1 -1 label : spot-2 0.30
327 17 287 376 195 41 -1 -1 -1 -1 label : spot-2 0.32
328 17 281 376 201 42 -1 -1 -1 -1 label : spot-2 0.30
330 17 279 376 206 42 -1 -1 -1 -1 label : spot-2 0.32
331 17 277 376 211 43 -1 -1 -1 -1 label : spot-2 0.33
332 17 278 376 208 43 -1 -1 -1 -1 label : spot-2 0.31
335 17 275 376 210 43 -1 -1 -1 -1 label : spot-2 0.30
336 17 274 376 212 44 -1 -1 -1 -1 label : spot-2 0.30
338 17 271 377 220 43 -1 -1 -1 -1 label : spot-2 0.31
342 17 272 377 218 45 -1 -1 -1 -1 label : spot-2 0.31
343 17 271 377 222 45 -1 -1 -1 -1 label : spot-2 0.31
344 17 270 377 222 45 -1 -1 -1 -1 label : spot-2 0.31
345 17 270 378 220 44 -1 -1 -1 -1 label : spot-2 0.32
347 17 269 378 221 45 -1 -1 -1 -1 label : spot-2 0.35
348 17 268 377 222 45 -1 -1 -1 -1 label : spot-2 0.35
349 17 269 377 220 45 -1 -1 -1 -1 label : spot-2 0.39
350 17 267 377 225 45 -1 -1 -1 -1 label : spot-2 0.38
351 17 268 377 224 45 -1 -1 -1 -1 label : spot-2 0.39
352 17 266 377 227 46 -1 -1 -1 -1 label : spot-2 0.38
353 17 264 377 231 46 -1 -1 -1 -1 label : spot-2 0.40
354 17 265 377 233 46 -1 -1 -1 -1 label : spot-2 0.40
355 17 265 377 235 46 -1 -1 -1 -1 label : spot-2 0.42
356 17 264 377 239 46 -1 -1 -1 -1 label : spot-2 0.43
357 17 264 377 237 47 -1 -1 -1 -1 label : spot-2 0.39
358 17 262 377 240 46 -1 -1 -1 -1 label : spot-2 0.39
359 17 261 377 241 46 -1 -1 -1 -1 label : spot-2 0.35
360 17 261 376 240 47 -1 -1 -1 -1 label : spot-2 0.36
361 17 259 376 243 47 -1 -1 -1 -1 label : spot-2 0.38
362 17 258 376 243 47 -1 -1 -1 -1 label : spot-2 0.36
363 17 259 377 241 46 -1 -1 -1 -1 label : spot-2 0.39
364 17 259 377 237 46 -1 -1 -1 -1 label : spot-2 0.42
365 17 259 378 232 44 -1 -1 -1 -1 label : spot-2 0.40
366 17 259 378 231 44 -1 -1 -1 -1 label : spot-2 0.39
367 17 259 378 228 44 -1 -1 -1 -1 label : spot-2 0.34
368 17 258 378 231 45 -1 -1 -1 -1 label : spot-2 0.40
369 17 257 378 232 46 -1 -1 -1 -1 label : spot-2 0.40
370 17 255 378 235 45 -1 -1 -1 -1 label : spot-2 0.34
371 17 256 377 238 46 -1 -1 -1 -1 label : spot-2 0.36
372 17 253 377 253 46 -1 -1 -1 -1 label : spot-2 0.37
373 17 257 377 241 47 -1 -1 -1 -1 label : spot-2 0.35
374 17 257 377 238 47 -1 -1 -1 -1 label : spot-2 0.37
375 17 256 377 239 47 -1 -1 -1 -1 label : spot-2 0.36
376 17 256 377 234 47 -1 -1 -1 -1 label : spot-2 0.34
384 17 253 377 241 46 -1 -1 -1 -1 label : spot-2 0.30
385 17 254 377 232 46 -1 -1 -1 -1 label : spot-2 0.34
386 17 252 377 230 46 -1 -1 -1 -1 label : spot-2 0.33
387 17 250 376 235 47 -1 -1 -1 -1 label : spot-2 0.34
389 17 249 376 235 47 -1 -1 -1 -1 label : spot-2 0.32
390 17 250 376 231 47 -1 -1 -1 -1 label : spot-2 0.32
391 17 249 376 232 47 -1 -1 -1 -1 label : spot-2 0.30
392 17 248 376 233 47 -1 -1 -1 -1 label : spot-2 0.32
393 17 248 376 233 47 -1 -1 -1 -1 label : spot-2 0.33
394 17 247 377 235 46 -1 -1 -1 -1 label : spot-2 0.30
396 17 248 377 232 46 -1 -1 -1 -1 label : spot-2 0.32
398 17 248 377 230 46 -1 -1 -1 -1 label : spot-2 0.31
721 26 245 376 256 49 -1 -1 -1 -1 label : spot-2 0.33
