22 3 740 343 532 146 -1 -1 -1 -1 label : spot-2 0.61
23 3 742 346 532 148 -1 -1 -1 -1 label : spot-2 0.57
24 3 743 351 534 146 -1 -1 -1 -1 label : spot-2 0.64
25 3 741 356 536 145 -1 -1 -1 -1 label : spot-2 0.61
27 3 737 363 542 139 -1 -1 -1 -1 label : spot-2 0.47
28 3 742 371 537 130 -1 -1 -1 -1 label : spot-2 0.46
30 3 754 377 491 115 -1 -1 -1 -1 label : spot-2 0.48
31 3 755 383 505 116 -1 -1 -1 -1 label : spot-2 0.51
32 3 755 387 509 118 -1 -1 -1 -1 label : spot-2 0.48
33 3 764 389 498 128 -1 -1 -1 -1 label : spot-2 0.58
34 3 759 389 514 130 -1 -1 -1 -1 label : spot-2 0.53
35 3 760 395 512 135 -1 -1 -1 -1 label : spot-2 0.58
36 3 756 398 523 131 -1 -1 -1 -1 label : spot-2 0.59
37 3 765 401 512 131 -1 -1 -1 -1 label : spot-2 0.59
38 3 769 402 505 134 -1 -1 -1 -1 label : spot-2 0.59
39 3 769 403 508 136 -1 -1 -1 -1 label : spot-2 0.65
40 3 776 404 500 136 -1 -1 -1 -1 label : spot-2 0.56
41 3 774 405 505 135 -1 -1 -1 -1 label : spot-2 0.60
42 3 786 406 487 140 -1 -1 -1 -1 label : spot-2 0.58
43 3 777 405 501 141 -1 -1 -1 -1 label : spot-2 0.57
44 3 766 405 513 132 -1 -1 -1 -1 label : spot-2 0.54
45 3 778 404 496 131 -1 -1 -1 -1 label : spot-2 0.55
46 3 769 404 509 123 -1 -1 -1 -1 label : spot-2 0.60
47 3 786 405 475 120 -1 -1 -1 -1 label : spot-2 0.57
48 3 790 404 477 122 -1 -1 -1 -1 label : spot-2 0.62
49 3 796 403 473 126 -1 -1 -1 -1 label : spot-2 0.64
50 3 801 404 470 131 -1 -1 -1 -1 label : spot-2 0.65
51 3 804 405 470 134 -1 -1 -1 -1 label : spot-2 0.66
52 3 806 408 471 134 -1 -1 -1 -1 label : spot-2 0.65
53 3 802 412 477 133 -1 -1 -1 -1 label : spot-2 0.66
54 3 799 414 480 127 -1 -1 -1 -1 label : spot-2 0.64
55 3 808 418 466 133 -1 -1 -1 -1 label : spot-2 0.69
56 3 804 420 475 131 -1 -1 -1 -1 label : spot-2 0.67
57 3 804 422 475 131 -1 -1 -1 -1 label : spot-2 0.66
58 3 803 424 476 127 -1 -1 -1 -1 label : spot-2 0.65
59 3 810 423 466 131 -1 -1 -1 -1 label : spot-2 0.66
60 3 810 424 468 131 -1 -1 -1 -1 label : spot-2 0.68
61 3 817 422 457 137 -1 -1 -1 -1 label : spot-2 0.66
62 3 818 419 457 141 -1 -1 -1 -1 label : spot-2 0.61
63 3 818 418 461 133 -1 -1 -1 -1 label : spot-2 0.60
64 3 822 415 457 133 -1 -1 -1 -1 label : spot-2 0.65
65 3 831 414 448 130 -1 -1 -1 -1 label : spot-2 0.65
66 3 827 415 452 122 -1 -1 -1 -1 label : spot-2 0.67
67 3 830 417 449 117 -1 -1 -1 -1 label : spot-2 0.68
68 3 841 417 433 122 -1 -1 -1 -1 label : spot-2 0.66
69 3 845 420 426 130 -1 -1 -1 -1 label : spot-2 0.64
70 3 842 422 435 130 -1 -1 -1 -1 label : spot-2 0.66
71 3 846 428 433 127 -1 -1 -1 -1 label : spot-2 0.57
72 3 851 430 425 131 -1 -1 -1 -1 label : spot-2 0.59
73 3 850 431 429 128 -1 -1 -1 -1 label : spot-2 0.57
74 3 847 431 432 126 -1 -1 -1 -1 label : spot-2 0.58
75 3 845 430 434 123 -1 -1 -1 -1 label : spot-2 0.57
76 3 849 429 430 121 -1 -1 -1 -1 label : spot-2 0.60
77 3 848 428 431 117 -1 -1 -1 -1 label : spot-2 0.52
78 3 852 426 426 118 -1 -1 -1 -1 label : spot-2 0.46
79 3 857 426 419 118 -1 -1 -1 -1 label : spot-2 0.45
83 3 862 418 417 114 -1 -1 -1 -1 label : spot-2 0.49
84 3 871 416 407 113 -1 -1 -1 -1 label : spot-2 0.45
97 3 891 425 388 103 -1 -1 -1 -1 label : spot-2 0.51
98 3 897 427 382 97 -1 -1 -1 -1 label : spot-2 0.51
99 3 913 432 365 92 -1 -1 -1 -1 label : spot-2 0.50
100 3 922 432 354 94 -1 -1 -1 -1 label : spot-2 0.55
101 3 935 433 340 95 -1 -1 -1 -1 label : spot-2 0.54
102 3 938 433 341 92 -1 -1 -1 -1 label : spot-2 0.48
104 3 965 434 312 88 -1 -1 -1 -1 label : spot-2 0.45
153 9 99 443 167 63 -1 -1 -1 -1 label : invalidSpot-entrance 0.48
154 9 91 443 165 61 -1 -1 -1 -1 label : invalidSpot-entrance 0.57
155 9 81 443 172 63 -1 -1 -1 -1 label : invalidSpot-entrance 0.58
156 9 71 443 180 64 -1 -1 -1 -1 label : invalidSpot-entrance 0.59
157 9 60 442 185 64 -1 -1 -1 -1 label : invalidSpot-entrance 0.61
158 9 51 442 192 64 -1 -1 -1 -1 label : invalidSpot-entrance 0.60
159 9 36 441 203 64 -1 -1 -1 -1 label : invalidSpot-entrance 0.60
160 9 23 441 212 62 -1 -1 -1 -1 label : invalidSpot-entrance 0.54
161 9 13 441 213 60 -1 -1 -1 -1 label : invalidSpot-entrance 0.53
162 9 5 443 219 60 -1 -1 -1 -1 label : invalidSpot-entrance 0.46
163 9 3 444 211 62 -1 -1 -1 -1 label : invalidSpot-entrance 0.55
164 9 1 445 207 63 -1 -1 -1 -1 label : invalidSpot-entrance 0.47
166 9 2 446 192 62 -1 -1 -1 -1 label : invalidSpot-entrance 0.45
167 9 0 447 190 61 -1 -1 -1 -1 label : invalidSpot-entrance 0.50
168 9 0 451 189 55 -1 -1 -1 -1 label : invalidSpot-entrance 0.45
