7 1 719 377 159 78 -1 -1 -1 -1 label : spot-0.47
8 1 722 378 173 81 -1 -1 -1 -1 label : spot-0.56
9 1 731 379 177 91 -1 -1 -1 -1 label : spot-0.56
10 1 735 380 183 102 -1 -1 -1 -1 label : spot-0.55
11 1 730 384 221 101 -1 -1 -1 -1 label : spot-0.56
12 1 723 387 265 86 -1 -1 -1 -1 label : spot-0.61
13 1 731 391 300 77 -1 -1 -1 -1 label : spot-0.57
14 1 746 394 311 78 -1 -1 -1 -1 label : spot-0.64
15 1 762 397 337 90 -1 -1 -1 -1 label : spot-0.49
16 1 766 401 378 101 -1 -1 -1 -1 label : spot-0.55
17 1 772 407 448 119 -1 -1 -1 -1 label : spot-2 0.65
18 1 791 414 465 141 -1 -1 -1 -1 label : spot-2 0.68
19 1 790 416 489 152 -1 -1 -1 -1 label : spot-2 0.68
20 1 791 420 488 154 -1 -1 -1 -1 label : spot-2 0.72
21 1 796 423 483 151 -1 -1 -1 -1 label : spot-2 0.56
22 1 803 425 476 148 -1 -1 -1 -1 label : spot-2 0.53
23 1 812 429 467 142 -1 -1 -1 -1 label : spot-0.39
23 6 864 428 403 143 -1 -1 -1 -1 label : spot-2 0.16
24 1 821 430 458 139 -1 -1 -1 -1 label : spot-0.48
24 6 858 430 421 146 -1 -1 -1 -1 label : spot-2 0.16
25 1 831 431 448 141 -1 -1 -1 -1 label : spot-0.49
25 6 851 431 428 150 -1 -1 -1 -1 label : spot-2 0.22
26 1 843 433 436 141 -1 -1 -1 -1 label : spot-0.53
27 1 854 435 425 141 -1 -1 -1 -1 label : spot-0.58
28 1 871 440 408 143 -1 -1 -1 -1 label : spot-0.66
29 1 888 445 391 145 -1 -1 -1 -1 label : spot-0.64
30 1 902 450 377 148 -1 -1 -1 -1 label : spot-0.59
31 1 935 456 344 144 -1 -1 -1 -1 label : spot-0.51
32 1 965 464 314 144 -1 -1 -1 -1 label : spot-0.43
32 6 1124 458 153 149 -1 -1 -1 -1 label : spot-1 0.10
33 1 973 474 306 140 -1 -1 -1 -1 label : spot-0.43
34 1 1005 482 274 138 -1 -1 -1 -1 label : spot-0.29
35 1 1046 491 230 136 -1 -1 -1 -1 label : spot-0.20
91 22 405 311 7 17 -1 -1 -1 -1 label : fireHydrant 0.13
92 22 405 310 7 17 -1 -1 -1 -1 label : fireHydrant 0.19
93 22 405 309 7 17 -1 -1 -1 -1 label : fireHydrant 0.21
94 22 406 309 7 18 -1 -1 -1 -1 label : fireHydrant 0.17
95 22 406 309 7 18 -1 -1 -1 -1 label : fireHydrant 0.10
96 22 405 309 8 18 -1 -1 -1 -1 label : fireHydrant 0.12
98 22 403 311 8 19 -1 -1 -1 -1 label : fireHydrant 0.12
99 22 403 311 8 19 -1 -1 -1 -1 label : fireHydrant 0.12
101 23 4 333 215 37 -1 -1 -1 -1 label : spot-2 0.13
108 23 3 336 186 30 -1 -1 -1 -1 label : spot-2 0.11
134 27 0 342 104 44 -1 -1 -1 -1 label : spot-2 0.12
135 27 0 343 99 45 -1 -1 -1 -1 label : spot-2 0.11
138 27 0 343 84 44 -1 -1 -1 -1 label : spot-1 0.13
139 27 0 344 78 42 -1 -1 -1 -1 label : spot-1 0.10
202 31 813 347 14 30 -1 -1 -1 -1 label : fireHydrant 0.60
203 31 816 345 15 35 -1 -1 -1 -1 label : fireHydrant 0.31
204 31 818 349 17 33 -1 -1 -1 -1 label : fireHydrant 0.47
205 31 820 341 18 42 -1 -1 -1 -1 label : fireHydrant 0.55
206 31 821 335 18 48 -1 -1 -1 -1 label : fireHydrant 0.57
207 31 823 333 19 51 -1 -1 -1 -1 label : fireHydrant 0.47
208 32 830 357 17 32 -1 -1 -1 -1 label : fireHydrant 0.46
209 32 834 358 16 32 -1 -1 -1 -1 label : fireHydrant 0.47
210 32 838 359 14 32 -1 -1 -1 -1 label : fireHydrant 0.41
211 31 1046 315 17 43 -1 -1 -1 -1 label : fireHydrant 0.51
211 32 841 359 15 33 -1 -1 -1 -1 label : fireHydrant 0.21
212 31 1071 312 18 44 -1 -1 -1 -1 label : fireHydrant 0.37
