3 1 885 291 97 36 -1 -1 -1 -1 label : spot-0.41
4 1 885 291 96 36 -1 -1 -1 -1 label : spot-0.40
5 1 886 291 96 36 -1 -1 -1 -1 label : spot-0.41
6 1 886 291 96 36 -1 -1 -1 -1 label : spot-0.39
7 1 886 291 96 36 -1 -1 -1 -1 label : spot-0.37
8 1 886 291 96 36 -1 -1 -1 -1 label : spot-0.37
9 1 885 291 97 35 -1 -1 -1 -1 label : spot-0.37
10 1 885 291 97 35 -1 -1 -1 -1 label : spot-0.38
11 1 886 290 95 36 -1 -1 -1 -1 label : spot-0.42
12 1 886 290 95 36 -1 -1 -1 -1 label : spot-0.42
13 1 885 289 97 37 -1 -1 -1 -1 label : spot-0.43
14 1 885 289 96 37 -1 -1 -1 -1 label : spot-0.41
15 1 885 289 97 38 -1 -1 -1 -1 label : spot-0.41
16 1 885 289 97 38 -1 -1 -1 -1 label : spot-0.39
17 1 885 289 97 38 -1 -1 -1 -1 label : spot-0.41
18 1 885 289 97 38 -1 -1 -1 -1 label : spot-0.41
19 1 885 290 97 37 -1 -1 -1 -1 label : spot-0.37
20 1 885 290 97 37 -1 -1 -1 -1 label : spot-0.37
21 1 886 290 97 36 -1 -1 -1 -1 label : spot-0.35
22 1 887 291 95 35 -1 -1 -1 -1 label : spot-0.34
23 1 887 291 95 35 -1 -1 -1 -1 label : spot-0.37
24 1 886 291 96 35 -1 -1 -1 -1 label : spot-0.37
25 1 886 290 96 36 -1 -1 -1 -1 label : spot-0.39
26 1 886 290 96 37 -1 -1 -1 -1 label : spot-0.39
27 1 886 290 97 37 -1 -1 -1 -1 label : spot-0.37
28 1 885 289 98 38 -1 -1 -1 -1 label : spot-0.37
29 1 885 289 98 38 -1 -1 -1 -1 label : spot-0.38
30 1 885 289 98 38 -1 -1 -1 -1 label : spot-0.38
31 1 886 289 96 38 -1 -1 -1 -1 label : spot-0.38
32 1 886 290 96 37 -1 -1 -1 -1 label : spot-0.38
33 1 886 290 97 37 -1 -1 -1 -1 label : spot-0.39
34 1 886 290 97 37 -1 -1 -1 -1 label : spot-0.40
35 1 887 291 95 36 -1 -1 -1 -1 label : spot-0.39
36 1 887 291 95 36 -1 -1 -1 -1 label : spot-0.39
37 1 887 291 95 36 -1 -1 -1 -1 label : spot-0.39
38 1 887 291 95 36 -1 -1 -1 -1 label : spot-0.38
39 1 886 291 97 36 -1 -1 -1 -1 label : spot-0.40
40 1 886 291 97 36 -1 -1 -1 -1 label : spot-0.39
41 1 886 290 96 37 -1 -1 -1 -1 label : spot-0.42
42 1 886 290 96 37 -1 -1 -1 -1 label : spot-0.42
43 1 886 290 96 37 -1 -1 -1 -1 label : spot-0.41
44 1 886 289 96 38 -1 -1 -1 -1 label : spot-0.41
45 1 885 289 97 38 -1 -1 -1 -1 label : spot-0.41
46 1 885 289 97 38 -1 -1 -1 -1 label : spot-0.40
47 1 885 289 97 38 -1 -1 -1 -1 label : spot-0.39
48 1 885 289 97 38 -1 -1 -1 -1 label : spot-0.39
49 1 885 290 97 37 -1 -1 -1 -1 label : spot-0.38
50 1 885 290 97 37 -1 -1 -1 -1 label : spot-0.36
51 1 886 290 95 37 -1 -1 -1 -1 label : spot-0.37
52 1 886 291 95 36 -1 -1 -1 -1 label : spot-0.37
53 1 887 291 94 36 -1 -1 -1 -1 label : spot-0.34
54 1 887 291 94 36 -1 -1 -1 -1 label : spot-0.35
55 1 887 291 94 36 -1 -1 -1 -1 label : spot-0.38
56 1 887 291 94 36 -1 -1 -1 -1 label : spot-0.38
57 1 887 290 95 37 -1 -1 -1 -1 label : spot-0.42
58 1 887 290 95 36 -1 -1 -1 -1 label : spot-0.43
59 1 886 290 96 37 -1 -1 -1 -1 label : spot-0.43
60 1 886 290 96 37 -1 -1 -1 -1 label : spot-0.43
61 1 886 290 96 37 -1 -1 -1 -1 label : spot-0.42
62 1 887 291 94 36 -1 -1 -1 -1 label : spot-0.41
63 1 887 291 95 36 -1 -1 -1 -1 label : spot-0.39
64 1 887 291 95 36 -1 -1 -1 -1 label : spot-0.39
65 1 887 291 95 36 -1 -1 -1 -1 label : spot-0.39
66 1 887 291 94 36 -1 -1 -1 -1 label : spot-0.39
67 1 887 291 94 36 -1 -1 -1 -1 label : spot-0.40
68 1 887 291 94 36 -1 -1 -1 -1 label : spot-0.40
69 1 887 291 94 36 -1 -1 -1 -1 label : spot-0.40
70 1 887 291 94 36 -1 -1 -1 -1 label : spot-0.40
71 1 887 291 94 36 -1 -1 -1 -1 label : spot-0.41
72 1 887 291 94 36 -1 -1 -1 -1 label : spot-0.40
73 1 886 291 96 36 -1 -1 -1 -1 label : spot-0.41
74 1 886 291 96 36 -1 -1 -1 -1 label : spot-0.41
75 1 886 291 95 36 -1 -1 -1 -1 label : spot-0.39
76 1 885 291 96 36 -1 -1 -1 -1 label : spot-0.39
77 1 885 291 96 36 -1 -1 -1 -1 label : spot-0.38
78 1 885 291 96 36 -1 -1 -1 -1 label : spot-0.38
79 1 886 291 96 36 -1 -1 -1 -1 label : spot-0.38
80 1 886 291 96 36 -1 -1 -1 -1 label : spot-0.38
81 1 887 291 95 36 -1 -1 -1 -1 label : spot-0.39
82 1 887 291 96 36 -1 -1 -1 -1 label : spot-0.39
83 1 887 291 95 36 -1 -1 -1 -1 label : spot-0.40
84 1 887 291 95 36 -1 -1 -1 -1 label : spot-0.40
85 1 887 291 95 36 -1 -1 -1 -1 label : spot-0.42
86 1 887 291 95 36 -1 -1 -1 -1 label : spot-0.42
87 1 887 291 94 36 -1 -1 -1 -1 label : spot-0.40
88 1 887 291 94 36 -1 -1 -1 -1 label : spot-0.40
89 1 887 291 95 36 -1 -1 -1 -1 label : spot-0.37
90 1 887 291 95 36 -1 -1 -1 -1 label : spot-0.37
91 1 886 291 97 36 -1 -1 -1 -1 label : spot-0.38
92 1 886 291 97 36 -1 -1 -1 -1 label : spot-0.38
93 1 886 291 96 36 -1 -1 -1 -1 label : spot-0.40
94 1 887 291 95 36 -1 -1 -1 -1 label : spot-0.40
95 1 886 290 97 37 -1 -1 -1 -1 label : spot-0.38
96 1 886 290 97 37 -1 -1 -1 -1 label : spot-0.38
97 1 887 290 95 37 -1 -1 -1 -1 label : spot-0.41
98 1 887 290 95 37 -1 -1 -1 -1 label : spot-0.41
99 1 887 289 95 38 -1 -1 -1 -1 label : spot-0.44
100 1 887 289 95 38 -1 -1 -1 -1 label : spot-0.44
101 1 887 289 94 38 -1 -1 -1 -1 label : spot-0.45
102 1 887 289 94 38 -1 -1 -1 -1 label : spot-0.44
103 1 887 289 95 38 -1 -1 -1 -1 label : spot-0.44
104 1 886 289 96 39 -1 -1 -1 -1 label : spot-0.43
105 1 886 289 96 39 -1 -1 -1 -1 label : spot-0.45
106 1 886 289 96 39 -1 -1 -1 -1 label : spot-0.45
107 1 885 289 97 39 -1 -1 -1 -1 label : spot-0.44
108 1 885 289 97 39 -1 -1 -1 -1 label : spot-0.44
109 1 885 289 97 39 -1 -1 -1 -1 label : spot-0.42
110 1 885 289 97 39 -1 -1 -1 -1 label : spot-0.42
111 1 885 289 97 38 -1 -1 -1 -1 label : spot-0.44
112 1 885 289 97 38 -1 -1 -1 -1 label : spot-0.43
113 1 885 289 97 38 -1 -1 -1 -1 label : spot-0.46
114 1 885 289 97 37 -1 -1 -1 -1 label : spot-0.46
115 1 885 289 96 37 -1 -1 -1 -1 label : spot-0.45
116 1 885 289 96 37 -1 -1 -1 -1 label : spot-0.44
117 1 885 289 96 37 -1 -1 -1 -1 label : spot-0.46
118 1 886 289 95 37 -1 -1 -1 -1 label : spot-0.45
119 1 886 289 95 37 -1 -1 -1 -1 label : spot-0.44
120 1 886 289 95 37 -1 -1 -1 -1 label : spot-0.45
121 1 885 289 97 37 -1 -1 -1 -1 label : spot-0.44
122 1 885 289 97 37 -1 -1 -1 -1 label : spot-0.44
123 1 886 289 96 37 -1 -1 -1 -1 label : spot-0.43
124 1 887 289 95 38 -1 -1 -1 -1 label : spot-0.42
125 1 886 289 96 38 -1 -1 -1 -1 label : spot-0.40
126 1 886 289 96 38 -1 -1 -1 -1 label : spot-0.40
127 1 886 289 96 38 -1 -1 -1 -1 label : spot-0.42
128 1 886 289 96 38 -1 -1 -1 -1 label : spot-0.42
129 1 885 289 97 37 -1 -1 -1 -1 label : spot-0.41
130 1 885 289 97 37 -1 -1 -1 -1 label : spot-0.41
131 1 884 289 97 37 -1 -1 -1 -1 label : spot-0.43
132 1 884 289 97 37 -1 -1 -1 -1 label : spot-0.43
133 1 885 289 96 38 -1 -1 -1 -1 label : spot-0.43
134 1 885 289 96 38 -1 -1 -1 -1 label : spot-0.42
135 1 885 289 96 38 -1 -1 -1 -1 label : spot-0.44
136 1 885 289 96 39 -1 -1 -1 -1 label : spot-0.44
137 1 884 288 98 40 -1 -1 -1 -1 label : spot-0.44
138 1 884 288 98 40 -1 -1 -1 -1 label : spot-0.44
139 1 884 289 98 38 -1 -1 -1 -1 label : spot-0.40
140 1 884 289 98 38 -1 -1 -1 -1 label : spot-0.40
141 1 885 289 96 38 -1 -1 -1 -1 label : spot-0.38
142 1 885 289 96 37 -1 -1 -1 -1 label : spot-0.42
143 1 886 290 95 36 -1 -1 -1 -1 label : spot-0.44
144 1 886 290 95 36 -1 -1 -1 -1 label : spot-0.43
145 1 886 290 95 36 -1 -1 -1 -1 label : spot-0.45
146 1 885 290 97 36 -1 -1 -1 -1 label : spot-0.45
147 1 885 290 96 36 -1 -1 -1 -1 label : spot-0.45
148 1 885 290 96 36 -1 -1 -1 -1 label : spot-0.45
149 1 886 290 95 36 -1 -1 -1 -1 label : spot-0.45
150 1 886 290 95 36 -1 -1 -1 -1 label : spot-0.45
151 1 885 290 97 36 -1 -1 -1 -1 label : spot-0.44
152 1 885 290 97 36 -1 -1 -1 -1 label : spot-0.44
153 1 886 291 95 35 -1 -1 -1 -1 label : spot-0.43
154 1 887 291 94 35 -1 -1 -1 -1 label : spot-0.42
155 1 887 291 94 35 -1 -1 -1 -1 label : spot-0.43
156 1 887 291 94 35 -1 -1 -1 -1 label : spot-0.42
157 1 887 291 94 35 -1 -1 -1 -1 label : spot-0.41
158 1 887 291 94 35 -1 -1 -1 -1 label : spot-0.41
159 1 886 291 96 35 -1 -1 -1 -1 label : spot-0.43
160 1 886 291 96 35 -1 -1 -1 -1 label : spot-0.42
161 1 886 290 95 36 -1 -1 -1 -1 label : spot-0.44
162 1 886 290 96 36 -1 -1 -1 -1 label : spot-0.44
163 1 886 290 96 36 -1 -1 -1 -1 label : spot-0.44
164 1 886 290 96 36 -1 -1 -1 -1 label : spot-0.44
165 1 886 291 95 35 -1 -1 -1 -1 label : spot-0.44
166 1 886 291 95 35 -1 -1 -1 -1 label : spot-0.44
167 1 887 291 94 35 -1 -1 -1 -1 label : spot-0.43
168 1 887 291 94 35 -1 -1 -1 -1 label : spot-0.43
169 1 887 291 94 35 -1 -1 -1 -1 label : spot-0.42
170 1 886 291 96 35 -1 -1 -1 -1 label : spot-0.42
171 1 886 291 95 35 -1 -1 -1 -1 label : spot-0.42
172 1 886 291 95 35 -1 -1 -1 -1 label : spot-0.42
173 1 887 291 94 35 -1 -1 -1 -1 label : spot-0.42
174 1 887 291 94 35 -1 -1 -1 -1 label : spot-0.41
175 1 886 290 95 36 -1 -1 -1 -1 label : spot-0.40
176 1 886 290 95 36 -1 -1 -1 -1 label : spot-0.41
177 1 885 290 97 36 -1 -1 -1 -1 label : spot-0.43
178 1 885 289 97 37 -1 -1 -1 -1 label : spot-0.42
179 1 884 289 98 37 -1 -1 -1 -1 label : spot-0.42
180 1 884 289 98 37 -1 -1 -1 -1 label : spot-0.42
181 1 884 289 98 38 -1 -1 -1 -1 label : spot-0.42
182 1 885 289 96 38 -1 -1 -1 -1 label : spot-0.41
183 1 885 290 97 37 -1 -1 -1 -1 label : spot-0.42
184 1 885 290 97 36 -1 -1 -1 -1 label : spot-0.41
185 1 885 290 97 36 -1 -1 -1 -1 label : spot-0.41
186 1 886 291 95 36 -1 -1 -1 -1 label : spot-0.40
187 1 886 291 95 36 -1 -1 -1 -1 label : spot-0.41
188 1 886 291 95 36 -1 -1 -1 -1 label : spot-0.40
189 1 885 291 97 36 -1 -1 -1 -1 label : spot-0.41
190 1 885 291 96 36 -1 -1 -1 -1 label : spot-0.42
191 1 885 291 97 36 -1 -1 -1 -1 label : spot-0.39
192 1 885 291 97 36 -1 -1 -1 -1 label : spot-0.39
193 1 884 290 97 37 -1 -1 -1 -1 label : spot-0.40
194 1 884 290 97 36 -1 -1 -1 -1 label : spot-0.40
195 1 883 290 98 36 -1 -1 -1 -1 label : spot-0.39
196 1 883 290 99 37 -1 -1 -1 -1 label : spot-0.39
197 1 884 290 97 37 -1 -1 -1 -1 label : spot-0.39
198 1 884 290 97 37 -1 -1 -1 -1 label : spot-0.39
199 1 883 290 99 37 -1 -1 -1 -1 label : spot-0.38
200 1 883 290 99 37 -1 -1 -1 -1 label : spot-0.38
201 1 884 290 98 37 -1 -1 -1 -1 label : spot-0.37
202 1 885 291 97 36 -1 -1 -1 -1 label : spot-0.36
203 1 885 291 97 36 -1 -1 -1 -1 label : spot-0.37
204 1 884 291 98 36 -1 -1 -1 -1 label : spot-0.38
205 1 885 291 97 36 -1 -1 -1 -1 label : spot-0.38
206 1 885 291 97 36 -1 -1 -1 -1 label : spot-0.38
207 1 884 291 98 36 -1 -1 -1 -1 label : spot-0.38
208 1 884 291 98 36 -1 -1 -1 -1 label : spot-0.38
209 1 883 290 98 37 -1 -1 -1 -1 label : spot-0.40
210 1 883 290 99 37 -1 -1 -1 -1 label : spot-0.40
211 1 883 290 99 37 -1 -1 -1 -1 label : spot-0.40
212 1 883 290 98 37 -1 -1 -1 -1 label : spot-0.40
213 1 883 290 98 37 -1 -1 -1 -1 label : spot-0.40
214 1 883 291 98 36 -1 -1 -1 -1 label : spot-0.40
215 1 883 291 98 36 -1 -1 -1 -1 label : spot-0.39
216 1 883 291 98 36 -1 -1 -1 -1 label : spot-0.38
217 1 884 291 97 36 -1 -1 -1 -1 label : spot-0.37
218 1 884 291 97 36 -1 -1 -1 -1 label : spot-0.36
219 1 884 291 97 36 -1 -1 -1 -1 label : spot-0.37
220 1 884 291 97 36 -1 -1 -1 -1 label : spot-0.37
221 1 884 290 97 37 -1 -1 -1 -1 label : spot-0.39
222 1 883 290 99 37 -1 -1 -1 -1 label : spot-0.39
223 1 883 290 98 37 -1 -1 -1 -1 label : spot-0.43
224 1 883 290 98 37 -1 -1 -1 -1 label : spot-0.42
225 1 882 289 100 38 -1 -1 -1 -1 label : spot-0.42
226 1 882 289 100 38 -1 -1 -1 -1 label : spot-0.41
227 1 882 290 100 36 -1 -1 -1 -1 label : spot-0.41
228 1 883 290 99 36 -1 -1 -1 -1 label : spot-0.41
229 1 884 290 97 35 -1 -1 -1 -1 label : spot-0.42
230 1 884 291 97 34 -1 -1 -1 -1 label : spot-0.41
231 1 885 291 96 34 -1 -1 -1 -1 label : spot-0.41
232 1 885 291 96 34 -1 -1 -1 -1 label : spot-0.41
233 1 886 291 95 35 -1 -1 -1 -1 label : spot-0.40
234 1 886 291 95 35 -1 -1 -1 -1 label : spot-0.41
235 1 885 291 97 35 -1 -1 -1 -1 label : spot-0.40
236 1 885 291 97 36 -1 -1 -1 -1 label : spot-0.39
237 1 884 290 97 37 -1 -1 -1 -1 label : spot-0.43
238 1 884 290 97 37 -1 -1 -1 -1 label : spot-0.43
239 1 884 290 97 37 -1 -1 -1 -1 label : spot-0.43
240 1 884 289 98 38 -1 -1 -1 -1 label : spot-0.43
241 1 884 289 98 38 -1 -1 -1 -1 label : spot-0.44
242 1 884 289 98 38 -1 -1 -1 -1 label : spot-0.45
243 1 884 290 98 37 -1 -1 -1 -1 label : spot-0.45
244 1 884 290 98 37 -1 -1 -1 -1 label : spot-0.45
245 1 884 290 98 37 -1 -1 -1 -1 label : spot-0.44
246 1 884 291 98 36 -1 -1 -1 -1 label : spot-0.42
247 1 885 290 96 37 -1 -1 -1 -1 label : spot-0.43
248 1 885 290 97 37 -1 -1 -1 -1 label : spot-0.43
249 1 884 290 98 36 -1 -1 -1 -1 label : spot-0.45
250 1 884 289 98 37 -1 -1 -1 -1 label : spot-0.45
251 1 884 289 98 37 -1 -1 -1 -1 label : spot-0.42
252 1 884 289 98 36 -1 -1 -1 -1 label : spot-0.42
253 1 883 289 99 36 -1 -1 -1 -1 label : spot-0.41
254 1 883 289 99 36 -1 -1 -1 -1 label : spot-0.41
255 1 882 289 99 36 -1 -1 -1 -1 label : spot-0.40
256 1 883 289 98 36 -1 -1 -1 -1 label : spot-0.42
257 1 883 289 98 36 -1 -1 -1 -1 label : spot-0.41
258 1 883 289 98 36 -1 -1 -1 -1 label : spot-0.41
259 1 883 289 97 36 -1 -1 -1 -1 label : spot-0.42
260 1 883 289 97 36 -1 -1 -1 -1 label : spot-0.41
261 1 883 289 97 36 -1 -1 -1 -1 label : spot-0.40
262 1 883 289 97 36 -1 -1 -1 -1 label : spot-0.40
263 1 883 289 97 36 -1 -1 -1 -1 label : spot-0.39
264 1 883 289 97 36 -1 -1 -1 -1 label : spot-0.39
265 1 883 289 97 36 -1 -1 -1 -1 label : spot-0.41
266 1 883 289 97 36 -1 -1 -1 -1 label : spot-0.40
267 1 883 289 98 36 -1 -1 -1 -1 label : spot-0.41
268 1 883 289 98 36 -1 -1 -1 -1 label : spot-0.40
269 1 882 289 98 36 -1 -1 -1 -1 label : spot-0.40
270 1 882 289 98 36 -1 -1 -1 -1 label : spot-0.41
271 1 882 289 98 36 -1 -1 -1 -1 label : spot-0.41
272 1 882 289 98 36 -1 -1 -1 -1 label : spot-0.42
273 1 882 289 98 36 -1 -1 -1 -1 label : spot-0.40
274 1 883 289 97 36 -1 -1 -1 -1 label : spot-0.40
275 1 883 289 97 36 -1 -1 -1 -1 label : spot-0.40
276 1 883 289 97 36 -1 -1 -1 -1 label : spot-0.39
277 1 884 289 96 36 -1 -1 -1 -1 label : spot-0.40
278 1 884 289 97 36 -1 -1 -1 -1 label : spot-0.41
279 1 884 289 97 36 -1 -1 -1 -1 label : spot-0.42
280 1 884 289 97 36 -1 -1 -1 -1 label : spot-0.42
281 1 884 289 97 36 -1 -1 -1 -1 label : spot-0.44
282 1 884 289 97 36 -1 -1 -1 -1 label : spot-0.42
283 1 884 289 97 36 -1 -1 -1 -1 label : spot-0.41
284 1 884 289 97 37 -1 -1 -1 -1 label : spot-0.41
285 1 884 290 97 36 -1 -1 -1 -1 label : spot-0.41
286 1 884 289 98 37 -1 -1 -1 -1 label : spot-0.39
287 1 883 289 98 37 -1 -1 -1 -1 label : spot-0.40
288 1 883 289 98 37 -1 -1 -1 -1 label : spot-0.40
289 1 883 289 98 37 -1 -1 -1 -1 label : spot-0.40
290 1 883 289 98 37 -1 -1 -1 -1 label : spot-0.40
291 1 884 289 96 37 -1 -1 -1 -1 label : spot-0.42
292 1 884 289 96 37 -1 -1 -1 -1 label : spot-0.42
293 1 883 289 98 37 -1 -1 -1 -1 label : spot-0.43
294 1 882 289 100 38 -1 -1 -1 -1 label : spot-0.43
295 1 882 289 100 38 -1 -1 -1 -1 label : spot-0.39
296 1 882 289 100 38 -1 -1 -1 -1 label : spot-0.39
297 1 882 289 100 38 -1 -1 -1 -1 label : spot-0.39
298 1 882 289 100 38 -1 -1 -1 -1 label : spot-0.38
299 1 882 289 100 38 -1 -1 -1 -1 label : spot-0.39
300 1 882 289 100 37 -1 -1 -1 -1 label : spot-0.39
301 1 884 289 97 37 -1 -1 -1 -1 label : spot-0.39
302 1 884 289 97 37 -1 -1 -1 -1 label : spot-0.39
303 1 883 289 99 37 -1 -1 -1 -1 label : spot-0.42
304 1 883 289 99 38 -1 -1 -1 -1 label : spot-0.42
305 1 883 289 99 38 -1 -1 -1 -1 label : spot-0.41
306 1 883 289 98 38 -1 -1 -1 -1 label : spot-0.41
307 1 883 289 99 38 -1 -1 -1 -1 label : spot-0.42
308 1 883 289 99 38 -1 -1 -1 -1 label : spot-0.41
309 1 882 289 100 38 -1 -1 -1 -1 label : spot-0.44
310 1 882 289 100 38 -1 -1 -1 -1 label : spot-0.44
311 1 882 289 100 38 -1 -1 -1 -1 label : spot-0.43
312 1 882 289 100 38 -1 -1 -1 -1 label : spot-0.43
313 1 882 289 100 38 -1 -1 -1 -1 label : spot-0.42
314 1 882 289 100 38 -1 -1 -1 -1 label : spot-0.42
315 1 882 289 100 38 -1 -1 -1 -1 label : spot-0.40
316 1 882 289 100 38 -1 -1 -1 -1 label : spot-0.40
317 1 883 289 98 38 -1 -1 -1 -1 label : spot-0.37
318 1 882 289 99 38 -1 -1 -1 -1 label : spot-0.38
319 1 882 289 99 38 -1 -1 -1 -1 label : spot-0.35
320 1 882 289 99 38 -1 -1 -1 -1 label : spot-0.35
321 1 882 289 99 38 -1 -1 -1 -1 label : spot-0.36
322 1 882 289 100 38 -1 -1 -1 -1 label : spot-0.36
323 1 882 289 100 38 -1 -1 -1 -1 label : spot-0.34
324 1 882 289 100 38 -1 -1 -1 -1 label : spot-0.35
325 1 883 289 98 38 -1 -1 -1 -1 label : spot-0.36
326 1 883 289 98 38 -1 -1 -1 -1 label : spot-0.35
327 1 882 289 99 38 -1 -1 -1 -1 label : spot-0.35
328 1 882 289 98 38 -1 -1 -1 -1 label : spot-0.35
329 1 882 289 98 38 -1 -1 -1 -1 label : spot-0.35
330 1 882 289 98 38 -1 -1 -1 -1 label : spot-0.35
331 1 883 289 97 38 -1 -1 -1 -1 label : spot-0.37
332 1 883 289 97 38 -1 -1 -1 -1 label : spot-0.37
333 1 883 289 97 38 -1 -1 -1 -1 label : spot-0.38
334 1 884 289 97 38 -1 -1 -1 -1 label : spot-0.37
335 1 884 289 97 38 -1 -1 -1 -1 label : spot-0.37
336 1 884 289 97 38 -1 -1 -1 -1 label : spot-0.36
337 1 884 289 97 38 -1 -1 -1 -1 label : spot-0.37
338 1 884 289 97 38 -1 -1 -1 -1 label : spot-0.37
339 1 885 289 97 38 -1 -1 -1 -1 label : spot-0.36
340 1 885 289 97 38 -1 -1 -1 -1 label : spot-0.36
341 1 885 289 97 38 -1 -1 -1 -1 label : spot-0.37
342 1 885 289 97 38 -1 -1 -1 -1 label : spot-0.36
343 1 885 289 96 38 -1 -1 -1 -1 label : spot-0.40
344 1 885 289 96 38 -1 -1 -1 -1 label : spot-0.40
345 1 886 289 96 38 -1 -1 -1 -1 label : spot-0.42
346 1 886 289 95 38 -1 -1 -1 -1 label : spot-0.42
347 1 886 289 95 38 -1 -1 -1 -1 label : spot-0.42
348 1 886 289 94 38 -1 -1 -1 -1 label : spot-0.42
349 1 886 289 95 38 -1 -1 -1 -1 label : spot-0.44
350 1 886 289 95 38 -1 -1 -1 -1 label : spot-0.44
351 1 886 289 95 38 -1 -1 -1 -1 label : spot-0.43
352 1 886 289 95 38 -1 -1 -1 -1 label : spot-0.43
353 1 886 289 95 38 -1 -1 -1 -1 label : spot-0.43
354 1 886 289 95 38 -1 -1 -1 -1 label : spot-0.43
355 1 886 289 95 38 -1 -1 -1 -1 label : spot-0.44
356 1 886 289 95 38 -1 -1 -1 -1 label : spot-0.43
357 1 886 289 95 38 -1 -1 -1 -1 label : spot-0.43
358 1 886 289 95 38 -1 -1 -1 -1 label : spot-0.43
359 1 886 289 95 38 -1 -1 -1 -1 label : spot-0.42
360 1 886 289 95 38 -1 -1 -1 -1 label : spot-0.40
361 1 886 289 94 38 -1 -1 -1 -1 label : spot-0.39
362 1 886 289 94 38 -1 -1 -1 -1 label : spot-0.39
363 1 886 289 95 38 -1 -1 -1 -1 label : spot-0.40
364 1 886 289 95 38 -1 -1 -1 -1 label : spot-0.40
365 1 886 289 96 38 -1 -1 -1 -1 label : spot-0.39
366 1 886 289 95 38 -1 -1 -1 -1 label : spot-0.39
367 1 886 289 95 38 -1 -1 -1 -1 label : spot-0.39
368 1 886 289 95 38 -1 -1 -1 -1 label : spot-0.39
369 1 885 289 95 38 -1 -1 -1 -1 label : spot-0.39
370 1 885 289 95 38 -1 -1 -1 -1 label : spot-0.38
371 1 886 289 94 38 -1 -1 -1 -1 label : spot-0.38
372 1 886 289 94 38 -1 -1 -1 -1 label : spot-0.37
373 1 886 289 95 38 -1 -1 -1 -1 label : spot-0.38
374 1 886 289 95 38 -1 -1 -1 -1 label : spot-0.37
375 1 886 289 95 38 -1 -1 -1 -1 label : spot-0.37
376 1 885 289 96 38 -1 -1 -1 -1 label : spot-0.38
377 1 885 289 96 38 -1 -1 -1 -1 label : spot-0.38
378 1 885 289 97 38 -1 -1 -1 -1 label : spot-0.39
379 1 885 289 96 38 -1 -1 -1 -1 label : spot-0.39
380 1 886 289 95 38 -1 -1 -1 -1 label : spot-0.41
381 1 886 289 95 38 -1 -1 -1 -1 label : spot-0.41
382 1 885 289 96 38 -1 -1 -1 -1 label : spot-0.42
383 1 885 289 96 38 -1 -1 -1 -1 label : spot-0.42
384 1 884 289 96 38 -1 -1 -1 -1 label : spot-0.42
385 1 884 289 96 38 -1 -1 -1 -1 label : spot-0.41
386 1 884 289 96 38 -1 -1 -1 -1 label : spot-0.40
387 1 885 289 95 38 -1 -1 -1 -1 label : spot-0.40
388 1 885 289 95 38 -1 -1 -1 -1 label : spot-0.38
389 1 885 289 95 38 -1 -1 -1 -1 label : spot-0.38
390 1 886 290 95 37 -1 -1 -1 -1 label : spot-0.35
391 1 887 290 93 37 -1 -1 -1 -1 label : spot-0.35
392 1 886 290 95 37 -1 -1 -1 -1 label : spot-0.34
393 1 886 290 95 37 -1 -1 -1 -1 label : spot-0.34
394 1 886 290 95 37 -1 -1 -1 -1 label : spot-0.35
395 1 886 289 95 38 -1 -1 -1 -1 label : spot-0.34
396 1 885 289 96 38 -1 -1 -1 -1 label : spot-0.34
397 1 885 289 96 38 -1 -1 -1 -1 label : spot-0.34
398 1 886 290 95 37 -1 -1 -1 -1 label : spot-0.35
399 1 886 290 95 36 -1 -1 -1 -1 label : spot-0.35
400 1 886 290 95 36 -1 -1 -1 -1 label : spot-0.36
401 1 887 291 94 36 -1 -1 -1 -1 label : spot-0.35
402 1 887 291 94 36 -1 -1 -1 -1 label : spot-0.37
403 1 887 291 94 36 -1 -1 -1 -1 label : spot-0.36
404 1 886 291 96 35 -1 -1 -1 -1 label : spot-0.33
405 1 887 291 94 35 -1 -1 -1 -1 label : spot-0.33
406 1 887 291 94 35 -1 -1 -1 -1 label : spot-0.33
407 1 887 291 94 35 -1 -1 -1 -1 label : spot-0.34
408 1 887 291 94 35 -1 -1 -1 -1 label : spot-0.37
409 1 886 291 96 36 -1 -1 -1 -1 label : spot-0.37
410 1 887 290 93 37 -1 -1 -1 -1 label : spot-0.38
411 1 887 290 93 37 -1 -1 -1 -1 label : spot-0.37
412 1 886 290 95 37 -1 -1 -1 -1 label : spot-0.39
413 1 886 289 95 38 -1 -1 -1 -1 label : spot-0.39
414 1 886 289 96 38 -1 -1 -1 -1 label : spot-0.42
415 1 886 289 96 38 -1 -1 -1 -1 label : spot-0.42
416 1 886 289 95 38 -1 -1 -1 -1 label : spot-0.41
417 1 886 289 95 38 -1 -1 -1 -1 label : spot-0.42
418 1 886 289 96 38 -1 -1 -1 -1 label : spot-0.43
419 1 886 289 96 38 -1 -1 -1 -1 label : spot-0.43
420 1 886 289 96 38 -1 -1 -1 -1 label : spot-0.44
421 1 886 289 96 38 -1 -1 -1 -1 label : spot-0.45
422 1 887 289 94 38 -1 -1 -1 -1 label : spot-0.44
423 1 887 289 94 38 -1 -1 -1 -1 label : spot-0.44
424 1 887 289 94 38 -1 -1 -1 -1 label : spot-0.44
425 1 887 289 94 38 -1 -1 -1 -1 label : spot-0.44
426 1 886 289 95 38 -1 -1 -1 -1 label : spot-0.44
427 1 886 289 94 38 -1 -1 -1 -1 label : spot-0.44
428 1 886 289 94 38 -1 -1 -1 -1 label : spot-0.45
429 1 886 289 94 38 -1 -1 -1 -1 label : spot-0.45
430 1 885 289 96 38 -1 -1 -1 -1 label : spot-0.45
431 1 886 289 95 38 -1 -1 -1 -1 label : spot-0.43
432 1 886 289 95 38 -1 -1 -1 -1 label : spot-0.44
433 1 886 289 95 38 -1 -1 -1 -1 label : spot-0.44
434 1 886 290 96 37 -1 -1 -1 -1 label : spot-0.46
435 1 886 290 96 36 -1 -1 -1 -1 label : spot-0.47
436 1 887 290 95 36 -1 -1 -1 -1 label : spot-0.46
437 1 887 291 94 36 -1 -1 -1 -1 label : spot-0.46
438 1 887 290 94 37 -1 -1 -1 -1 label : spot-0.46
439 1 887 290 94 37 -1 -1 -1 -1 label : spot-0.46
440 1 887 290 94 37 -1 -1 -1 -1 label : spot-0.46
441 1 887 289 95 38 -1 -1 -1 -1 label : spot-0.44
442 1 886 289 96 38 -1 -1 -1 -1 label : spot-0.45
443 1 886 289 96 38 -1 -1 -1 -1 label : spot-0.45
444 1 886 290 96 37 -1 -1 -1 -1 label : spot-0.45
445 1 886 290 96 37 -1 -1 -1 -1 label : spot-0.45
446 1 886 290 96 37 -1 -1 -1 -1 label : spot-0.44
447 1 886 290 95 37 -1 -1 -1 -1 label : spot-0.42
448 1 886 290 96 37 -1 -1 -1 -1 label : spot-0.42
449 1 886 290 96 37 -1 -1 -1 -1 label : spot-0.42
450 1 887 290 94 37 -1 -1 -1 -1 label : spot-0.42
451 1 887 290 94 37 -1 -1 -1 -1 label : spot-0.42
452 1 887 290 94 37 -1 -1 -1 -1 label : spot-0.42
453 1 886 289 96 38 -1 -1 -1 -1 label : spot-0.41
454 1 886 289 96 38 -1 -1 -1 -1 label : spot-0.42
455 1 886 289 96 38 -1 -1 -1 -1 label : spot-0.41
456 1 885 289 97 38 -1 -1 -1 -1 label : spot-0.41
457 1 885 289 97 38 -1 -1 -1 -1 label : spot-0.39
458 1 885 289 97 38 -1 -1 -1 -1 label : spot-0.41
459 1 885 289 97 38 -1 -1 -1 -1 label : spot-0.41
460 1 886 289 95 38 -1 -1 -1 -1 label : spot-0.42
461 1 886 289 95 38 -1 -1 -1 -1 label : spot-0.42
462 1 887 290 95 37 -1 -1 -1 -1 label : spot-0.38
463 1 887 290 95 36 -1 -1 -1 -1 label : spot-0.35
464 1 887 290 95 36 -1 -1 -1 -1 label : spot-0.37
465 1 887 290 95 36 -1 -1 -1 -1 label : spot-0.36
466 1 886 290 96 35 -1 -1 -1 -1 label : spot-0.39
467 1 886 290 95 36 -1 -1 -1 -1 label : spot-0.39
468 1 886 289 95 37 -1 -1 -1 -1 label : spot-0.39
469 1 886 289 95 37 -1 -1 -1 -1 label : spot-0.39
470 1 885 289 96 37 -1 -1 -1 -1 label : spot-0.41
471 1 886 289 95 38 -1 -1 -1 -1 label : spot-0.39
472 1 886 289 95 38 -1 -1 -1 -1 label : spot-0.42
473 1 886 289 96 38 -1 -1 -1 -1 label : spot-0.42
474 1 886 289 95 38 -1 -1 -1 -1 label : spot-0.41
475 1 886 289 95 38 -1 -1 -1 -1 label : spot-0.41
476 1 887 289 94 38 -1 -1 -1 -1 label : spot-0.40
477 1 887 289 94 38 -1 -1 -1 -1 label : spot-0.40
478 1 887 289 95 38 -1 -1 -1 -1 label : spot-0.40
479 1 888 290 94 37 -1 -1 -1 -1 label : spot-0.39
480 1 888 290 93 37 -1 -1 -1 -1 label : spot-0.40
481 1 888 290 93 37 -1 -1 -1 -1 label : spot-0.41
482 1 887 290 95 37 -1 -1 -1 -1 label : spot-0.40
483 1 887 290 95 37 -1 -1 -1 -1 label : spot-0.40
484 1 887 289 95 38 -1 -1 -1 -1 label : spot-0.40
485 1 886 289 96 38 -1 -1 -1 -1 label : spot-0.41
486 1 887 289 94 38 -1 -1 -1 -1 label : spot-0.40
487 1 887 289 94 38 -1 -1 -1 -1 label : spot-0.40
488 1 887 289 95 38 -1 -1 -1 -1 label : spot-0.38
489 1 888 289 94 38 -1 -1 -1 -1 label : spot-0.39
490 1 887 289 95 38 -1 -1 -1 -1 label : spot-0.37
491 1 887 289 95 37 -1 -1 -1 -1 label : spot-0.36
492 1 887 289 94 37 -1 -1 -1 -1 label : spot-0.37
493 1 887 289 94 37 -1 -1 -1 -1 label : spot-0.36
494 1 886 289 96 37 -1 -1 -1 -1 label : spot-0.38
495 1 886 289 96 37 -1 -1 -1 -1 label : spot-0.38
496 1 885 289 97 38 -1 -1 -1 -1 label : spot-0.39
497 1 885 289 97 38 -1 -1 -1 -1 label : spot-0.39
498 1 884 289 97 38 -1 -1 -1 -1 label : spot-0.38
499 1 884 289 97 38 -1 -1 -1 -1 label : spot-0.38
500 1 883 288 98 39 -1 -1 -1 -1 label : spot-0.39
501 1 881 288 101 38 -1 -1 -1 -1 label : spot-0.40
502 1 881 288 101 38 -1 -1 -1 -1 label : spot-0.40
503 1 880 288 102 38 -1 -1 -1 -1 label : spot-0.40
504 1 880 288 102 37 -1 -1 -1 -1 label : spot-0.42
505 1 879 288 102 37 -1 -1 -1 -1 label : spot-0.43
506 1 879 288 102 37 -1 -1 -1 -1 label : spot-0.41
507 1 879 288 102 37 -1 -1 -1 -1 label : spot-0.39
508 1 879 288 102 37 -1 -1 -1 -1 label : spot-0.37
509 1 879 288 102 37 -1 -1 -1 -1 label : spot-0.38
510 1 879 288 101 37 -1 -1 -1 -1 label : spot-0.38
511 1 879 288 101 37 -1 -1 -1 -1 label : spot-0.39
512 1 878 287 102 38 -1 -1 -1 -1 label : spot-0.40
513 1 878 287 102 38 -1 -1 -1 -1 label : spot-0.39
514 1 876 287 104 38 -1 -1 -1 -1 label : spot-0.39
515 1 876 287 104 38 -1 -1 -1 -1 label : spot-0.39
516 1 876 287 103 37 -1 -1 -1 -1 label : spot-0.37
517 1 875 287 103 37 -1 -1 -1 -1 label : spot-0.37
518 1 875 287 103 37 -1 -1 -1 -1 label : spot-0.38
519 1 875 287 103 37 -1 -1 -1 -1 label : spot-0.37
520 1 875 287 104 37 -1 -1 -1 -1 label : spot-0.34
521 1 874 287 104 37 -1 -1 -1 -1 label : spot-0.34
522 1 874 287 104 37 -1 -1 -1 -1 label : spot-0.36
523 1 873 287 104 37 -1 -1 -1 -1 label : spot-0.36
524 1 872 287 106 37 -1 -1 -1 -1 label : spot-0.37
525 1 871 287 106 37 -1 -1 -1 -1 label : spot-0.37
526 1 871 287 107 37 -1 -1 -1 -1 label : spot-0.39
527 1 871 287 106 37 -1 -1 -1 -1 label : spot-0.38
528 1 870 287 108 37 -1 -1 -1 -1 label : spot-0.36
529 1 869 287 109 37 -1 -1 -1 -1 label : spot-0.36
530 1 871 287 106 37 -1 -1 -1 -1 label : spot-0.33
531 1 870 287 107 37 -1 -1 -1 -1 label : spot-0.32
532 1 870 287 106 37 -1 -1 -1 -1 label : spot-0.33
533 1 870 287 106 36 -1 -1 -1 -1 label : spot-0.33
722 3 1050 341 229 112 -1 -1 -1 -1 label : invalidspot-coloredCurb 0.35
723 3 1049 342 230 112 -1 -1 -1 -1 label : invalidspot-coloredCurb 0.35
724 3 1049 342 230 112 -1 -1 -1 -1 label : invalidspot-coloredCurb 0.30
725 4 357 319 65 34 -1 -1 -1 -1 label : invalidspot-coloredCurb 0.31
728 3 990 332 289 129 -1 -1 -1 -1 label : invalidspot-coloredCurb 0.32
728 4 352 320 70 33 -1 -1 -1 -1 label : invalidspot-coloredCurb 0.30
729 3 981 330 298 133 -1 -1 -1 -1 label : invalidspot-coloredCurb 0.43
730 3 984 330 295 133 -1 -1 -1 -1 label : invalidspot-coloredCurb 0.44
730 4 347 320 74 35 -1 -1 -1 -1 label : invalidspot-coloredCurb 0.33
731 3 983 330 296 133 -1 -1 -1 -1 label : invalidspot-coloredCurb 0.44
731 4 347 320 74 35 -1 -1 -1 -1 label : invalidspot-coloredCurb 0.33
732 3 976 329 303 135 -1 -1 -1 -1 label : invalidspot-coloredCurb 0.35
733 4 346 322 76 32 -1 -1 -1 -1 label : invalidspot-coloredCurb 0.36
759 4 285 327 130 40 -1 -1 -1 -1 label : spot-1 0.31
760 4 274 329 137 42 -1 -1 -1 -1 label : spot-1 0.31
761 4 271 330 138 42 -1 -1 -1 -1 label : spot-1 0.30
784 4 191 334 201 54 -1 -1 -1 -1 label : spot-2 0.33
785 4 181 334 208 57 -1 -1 -1 -1 label : spot-2 0.33
786 4 173 335 213 58 -1 -1 -1 -1 label : spot-2 0.43
787 4 170 336 217 58 -1 -1 -1 -1 label : spot-2 0.43
788 4 162 337 223 58 -1 -1 -1 -1 label : spot-2 0.41
789 4 160 337 224 59 -1 -1 -1 -1 label : spot-2 0.41
790 4 156 338 219 62 -1 -1 -1 -1 label : spot-2 0.48
790 7 838 304 441 140 -1 -1 -1 -1 label : spot-2 0.38
791 4 151 338 223 63 -1 -1 -1 -1 label : spot-2 0.48
791 7 836 303 443 142 -1 -1 -1 -1 label : spot-2 0.37
792 4 143 339 229 62 -1 -1 -1 -1 label : spot-2 0.45
792 7 844 308 435 140 -1 -1 -1 -1 label : spot-2 0.37
793 4 143 340 225 61 -1 -1 -1 -1 label : spot-2 0.46
793 7 847 310 432 139 -1 -1 -1 -1 label : spot-2 0.36
794 4 135 340 231 63 -1 -1 -1 -1 label : spot-2 0.38
795 7 844 311 435 139 -1 -1 -1 -1 label : spot-2 0.38
796 4 125 341 242 69 -1 -1 -1 -1 label : spot-2 0.42
796 7 852 311 425 143 -1 -1 -1 -1 label : spot-2 0.33
797 4 122 341 246 70 -1 -1 -1 -1 label : spot-2 0.42
797 7 850 311 429 145 -1 -1 -1 -1 label : spot-2 0.33
798 4 113 341 259 70 -1 -1 -1 -1 label : spot-2 0.47
798 7 851 311 428 146 -1 -1 -1 -1 label : spot-2 0.35
799 4 113 341 257 70 -1 -1 -1 -1 label : spot-2 0.48
799 7 851 312 428 145 -1 -1 -1 -1 label : spot-2 0.35
800 4 108 341 257 70 -1 -1 -1 -1 label : spot-2 0.44
800 7 854 313 425 148 -1 -1 -1 -1 label : spot-2 0.42
801 4 107 341 256 70 -1 -1 -1 -1 label : spot-2 0.44
801 7 853 314 426 148 -1 -1 -1 -1 label : spot-2 0.42
802 4 94 341 263 77 -1 -1 -1 -1 label : spot-2 0.38
802 7 857 314 422 150 -1 -1 -1 -1 label : spot-2 0.36
803 4 87 342 271 79 -1 -1 -1 -1 label : spot-2 0.38
803 7 857 314 422 149 -1 -1 -1 -1 label : spot-2 0.36
804 4 76 342 286 83 -1 -1 -1 -1 label : spot-2 0.42
804 7 854 314 425 152 -1 -1 -1 -1 label : spot-2 0.36
805 4 72 343 291 83 -1 -1 -1 -1 label : spot-2 0.42
805 7 853 315 426 152 -1 -1 -1 -1 label : spot-2 0.36
806 4 62 344 300 83 -1 -1 -1 -1 label : spot-2 0.37
807 4 61 344 299 83 -1 -1 -1 -1 label : spot-2 0.38
808 4 55 345 287 85 -1 -1 -1 -1 label : spot-2 0.44
808 7 854 317 425 160 -1 -1 -1 -1 label : spot-2 0.34
809 4 50 345 289 86 -1 -1 -1 -1 label : spot-2 0.44
809 7 853 318 426 159 -1 -1 -1 -1 label : spot-2 0.34
810 4 38 345 301 87 -1 -1 -1 -1 label : spot-2 0.48
811 4 35 345 302 87 -1 -1 -1 -1 label : spot-2 0.48
812 4 21 346 317 88 -1 -1 -1 -1 label : spot-2 0.44
813 4 19 346 316 88 -1 -1 -1 -1 label : spot-2 0.45
814 4 14 348 305 105 -1 -1 -1 -1 label : spot-2 0.42
814 7 865 321 414 166 -1 -1 -1 -1 label : spot-2 0.34
815 4 2 349 322 110 -1 -1 -1 -1 label : spot-2 0.41
815 7 865 321 414 167 -1 -1 -1 -1 label : spot-2 0.34
816 4 0 349 333 109 -1 -1 -1 -1 label : spot-2 0.36
816 7 865 321 414 163 -1 -1 -1 -1 label : spot-2 0.30
817 4 0 349 331 108 -1 -1 -1 -1 label : spot-2 0.37
817 7 868 322 411 161 -1 -1 -1 -1 label : spot-2 0.32
818 4 0 349 331 110 -1 -1 -1 -1 label : spot-2 0.36
819 7 882 320 397 157 -1 -1 -1 -1 label : spot-2 0.35
820 7 885 321 394 151 -1 -1 -1 -1 label : spot-2 0.34
821 7 890 321 389 149 -1 -1 -1 -1 label : spot-2 0.34
822 7 883 321 396 144 -1 -1 -1 -1 label : spot-2 0.36
823 7 884 321 395 142 -1 -1 -1 -1 label : spot-2 0.36
824 7 890 322 389 138 -1 -1 -1 -1 label : spot-2 0.31
825 7 881 323 398 137 -1 -1 -1 -1 label : spot-2 0.30
826 7 881 323 395 143 -1 -1 -1 -1 label : spot-2 0.41
827 7 877 324 401 144 -1 -1 -1 -1 label : spot-2 0.41
828 7 887 323 392 139 -1 -1 -1 -1 label : spot-2 0.36
829 7 891 323 388 136 -1 -1 -1 -1 label : spot-2 0.36
830 7 891 324 388 130 -1 -1 -1 -1 label : spot-2 0.31
831 7 894 324 385 129 -1 -1 -1 -1 label : spot-2 0.32
902 10 852 300 11 30 -1 -1 -1 -1 label : fireHydrant 0.34
903 10 852 300 11 30 -1 -1 -1 -1 label : fireHydrant 0.34
918 10 858 303 12 32 -1 -1 -1 -1 label : fireHydrant 0.31
919 10 860 304 12 32 -1 -1 -1 -1 label : fireHydrant 0.31
920 10 861 305 13 32 -1 -1 -1 -1 label : fireHydrant 0.33
921 10 861 305 13 32 -1 -1 -1 -1 label : fireHydrant 0.33
948 11 839 355 58 35 -1 -1 -1 -1 label : invalidspot-coloredCurb 0.39
949 11 839 355 57 36 -1 -1 -1 -1 label : invalidspot-coloredCurb 0.39
950 11 838 355 59 36 -1 -1 -1 -1 label : invalidspot-coloredCurb 0.43
951 11 838 356 59 36 -1 -1 -1 -1 label : invalidspot-coloredCurb 0.42
952 11 837 356 63 36 -1 -1 -1 -1 label : invalidspot-coloredCurb 0.45
953 11 837 357 63 35 -1 -1 -1 -1 label : invalidspot-coloredCurb 0.44
954 11 839 356 62 36 -1 -1 -1 -1 label : invalidspot-coloredCurb 0.49
955 11 839 356 62 37 -1 -1 -1 -1 label : invalidspot-coloredCurb 0.49
956 11 838 355 63 38 -1 -1 -1 -1 label : invalidspot-coloredCurb 0.48
957 11 838 355 64 38 -1 -1 -1 -1 label : invalidspot-coloredCurb 0.48
958 11 837 355 68 38 -1 -1 -1 -1 label : invalidspot-coloredCurb 0.49
959 11 838 355 68 38 -1 -1 -1 -1 label : invalidspot-coloredCurb 0.49
960 11 838 355 68 37 -1 -1 -1 -1 label : invalidspot-coloredCurb 0.45
961 11 839 355 67 37 -1 -1 -1 -1 label : invalidspot-coloredCurb 0.45
962 11 839 355 67 37 -1 -1 -1 -1 label : invalidspot-coloredCurb 0.43
