29 3 847 541 430 124 -1 -1 -1 -1 label : spot-2 0.35
30 3 843 540 436 123 -1 -1 -1 -1 label : spot-2 0.31
31 3 845 538 433 127 -1 -1 -1 -1 label : spot-2 0.39
39 3 847 529 432 118 -1 -1 -1 -1 label : spot-1 0.34
42 3 855 524 424 111 -1 -1 -1 -1 label : spot-1 0.41
43 3 860 522 419 108 -1 -1 -1 -1 label : spot-1 0.33
44 3 873 518 402 108 -1 -1 -1 -1 label : spot-1 0.35
45 3 874 515 401 112 -1 -1 -1 -1 label : spot-1 0.37
46 3 873 514 406 111 -1 -1 -1 -1 label : spot-1 0.46
47 3 879 512 400 108 -1 -1 -1 -1 label : spot-1 0.44
48 3 889 509 387 110 -1 -1 -1 -1 label : spot-1 0.41
49 3 898 508 381 107 -1 -1 -1 -1 label : spot-1 0.54
50 3 908 505 367 111 -1 -1 -1 -1 label : spot-1 0.54
51 3 916 504 362 110 -1 -1 -1 -1 label : spot-1 0.49
52 3 929 503 347 111 -1 -1 -1 -1 label : spot-1 0.40
53 3 929 502 348 115 -1 -1 -1 -1 label : spot-1 0.43
54 3 941 502 336 116 -1 -1 -1 -1 label : spot-1 0.35
55 3 928 501 351 112 -1 -1 -1 -1 label : spot-1 0.64
56 3 945 501 332 114 -1 -1 -1 -1 label : spot-1 0.37
58 3 973 503 304 110 -1 -1 -1 -1 label : spot-1 0.37
59 3 1064 504 197 112 -1 -1 -1 -1 label : spot-1 0.37
60 3 1080 508 194 114 -1 -1 -1 -1 label : spot-1 0.37
61 3 1097 506 181 117 -1 -1 -1 -1 label : spot-1 0.38
96 5 589 411 85 42 -1 -1 -1 -1 label : spot-2 0.35
97 5 590 410 86 43 -1 -1 -1 -1 label : spot-2 0.38
98 5 590 410 86 41 -1 -1 -1 -1 label : spot-2 0.37
99 5 593 409 82 44 -1 -1 -1 -1 label : spot-2 0.41
100 5 593 410 82 41 -1 -1 -1 -1 label : spot-2 0.39
101 5 593 412 80 37 -1 -1 -1 -1 label : spot-2 0.38
103 5 595 413 77 35 -1 -1 -1 -1 label : spot-2 0.38
104 5 596 414 73 34 -1 -1 -1 -1 label : spot-2 0.34
105 5 597 413 72 36 -1 -1 -1 -1 label : spot-2 0.40
106 5 598 413 71 36 -1 -1 -1 -1 label : spot-2 0.33
107 5 598 413 72 36 -1 -1 -1 -1 label : spot-2 0.39
108 5 599 413 69 37 -1 -1 -1 -1 label : spot-2 0.37
109 5 599 412 69 38 -1 -1 -1 -1 label : spot-2 0.38
112 5 600 410 63 40 -1 -1 -1 -1 label : spot-2 0.31
113 5 598 409 64 39 -1 -1 -1 -1 label : spot-2 0.34
115 5 597 409 64 39 -1 -1 -1 -1 label : spot-2 0.38
116 5 596 408 64 39 -1 -1 -1 -1 label : spot-2 0.38
117 5 594 408 65 39 -1 -1 -1 -1 label : spot-2 0.38
118 5 594 409 64 38 -1 -1 -1 -1 label : spot-2 0.39
119 5 594 409 63 37 -1 -1 -1 -1 label : spot-2 0.40
120 5 593 408 62 36 -1 -1 -1 -1 label : spot-2 0.32
135 6 868 463 152 70 -1 -1 -1 -1 label : spot-1 0.58
136 6 872 464 153 73 -1 -1 -1 -1 label : spot-1 0.58
137 6 874 465 169 82 -1 -1 -1 -1 label : spot-1 0.66
138 6 874 466 183 89 -1 -1 -1 -1 label : spot-1 0.68
139 6 875 467 198 92 -1 -1 -1 -1 label : spot-1 0.63
140 6 879 468 202 96 -1 -1 -1 -1 label : spot-1 0.70
141 6 879 470 214 93 -1 -1 -1 -1 label : spot-1 0.55
142 6 886 473 223 95 -1 -1 -1 -1 label : spot-1 0.70
143 6 881 475 257 86 -1 -1 -1 -1 label : spot-1 0.61
144 6 893 477 256 77 -1 -1 -1 -1 label : spot-1 0.56
145 6 901 477 260 80 -1 -1 -1 -1 label : spot-1 0.67
146 6 910 479 274 84 -1 -1 -1 -1 label : spot-1 0.67
147 6 919 481 293 87 -1 -1 -1 -1 label : spot-1 0.60
148 6 918 483 322 93 -1 -1 -1 -1 label : spot-1 0.68
149 6 928 487 335 107 -1 -1 -1 -1 label : spot-1 0.39
150 6 931 489 346 113 -1 -1 -1 -1 label : spot-1 0.46
151 6 932 490 347 114 -1 -1 -1 -1 label : spot-1 0.58
152 6 941 492 338 115 -1 -1 -1 -1 label : spot-1 0.61
153 6 948 495 331 112 -1 -1 -1 -1 label : spot-1 0.59
154 6 964 495 315 112 -1 -1 -1 -1 label : spot-1 0.61
155 6 971 499 308 108 -1 -1 -1 -1 label : spot-1 0.58
156 6 978 502 301 105 -1 -1 -1 -1 label : spot-1 0.63
157 6 988 506 291 102 -1 -1 -1 -1 label : spot-1 0.59
158 6 996 508 283 103 -1 -1 -1 -1 label : spot-1 0.56
159 6 1000 512 279 99 -1 -1 -1 -1 label : spot-1 0.60
160 6 1014 515 264 101 -1 -1 -1 -1 label : spot-1 0.53
161 6 1033 517 243 108 -1 -1 -1 -1 label : spot-1 0.39
162 6 1038 518 239 114 -1 -1 -1 -1 label : spot-1 0.45
163 6 1056 521 222 114 -1 -1 -1 -1 label : spot-1 0.37
190 8 815 449 115 46 -1 -1 -1 -1 label : spot-1 0.34
191 8 818 450 121 45 -1 -1 -1 -1 label : spot-1 0.37
192 8 824 451 123 45 -1 -1 -1 -1 label : spot-1 0.47
193 8 835 453 120 43 -1 -1 -1 -1 label : spot-1 0.40
194 8 843 454 119 49 -1 -1 -1 -1 label : spot-1 0.45
195 8 842 456 132 52 -1 -1 -1 -1 label : spot-1 0.45
196 8 847 457 138 57 -1 -1 -1 -1 label : spot-1 0.46
197 8 846 458 151 61 -1 -1 -1 -1 label : spot-1 0.40
198 8 843 459 170 63 -1 -1 -1 -1 label : spot-1 0.44
199 8 851 460 171 63 -1 -1 -1 -1 label : spot-1 0.44
200 8 860 463 178 60 -1 -1 -1 -1 label : spot-1 0.36
203 8 849 469 234 61 -1 -1 -1 -1 label : spot-1 0.41
204 8 866 474 237 66 -1 -1 -1 -1 label : spot-1 0.32
205 8 882 479 241 68 -1 -1 -1 -1 label : spot-1 0.60
206 8 884 482 262 70 -1 -1 -1 -1 label : spot-1 0.33
213 9 927 502 352 114 -1 -1 -1 -1 label : spot-1 0.36
214 9 941 505 338 106 -1 -1 -1 -1 label : spot-1 0.42
215 9 930 508 349 97 -1 -1 -1 -1 label : spot-1 0.47
216 9 979 512 292 99 -1 -1 -1 -1 label : spot-1 0.44
217 9 994 515 282 99 -1 -1 -1 -1 label : spot-1 0.34
218 9 1021 518 252 107 -1 -1 -1 -1 label : spot-1 0.33
220 9 1046 523 230 106 -1 -1 -1 -1 label : spot-1 0.31
264 11 894 469 223 85 -1 -1 -1 -1 label : spot-1 0.58
265 11 894 471 252 85 -1 -1 -1 -1 label : spot-1 0.64
266 11 923 474 249 86 -1 -1 -1 -1 label : spot-1 0.64
267 11 919 478 292 85 -1 -1 -1 -1 label : spot-1 0.54
268 11 919 483 339 106 -1 -1 -1 -1 label : spot-1 0.49
269 11 931 489 344 115 -1 -1 -1 -1 label : spot-1 0.49
270 11 950 496 329 118 -1 -1 -1 -1 label : spot-1 0.48
271 11 953 498 326 116 -1 -1 -1 -1 label : spot-1 0.58
272 11 964 498 315 117 -1 -1 -1 -1 label : spot-1 0.47
273 11 976 504 303 114 -1 -1 -1 -1 label : spot-1 0.52
274 11 1012 512 264 123 -1 -1 -1 -1 label : spot-1 0.46
275 11 1003 514 276 119 -1 -1 -1 -1 label : spot-1 0.48
276 11 1032 517 247 122 -1 -1 -1 -1 label : spot-1 0.37
277 11 1042 516 237 125 -1 -1 -1 -1 label : spot-1 0.34
346 13 925 506 352 116 -1 -1 -1 -1 label : spot-1 0.40
347 13 936 508 343 122 -1 -1 -1 -1 label : spot-1 0.39
348 13 943 508 336 131 -1 -1 -1 -1 label : spot-1 0.36
349 13 945 510 334 135 -1 -1 -1 -1 label : spot-1 0.40
351 13 974 518 304 136 -1 -1 -1 -1 label : spot-1 0.36
