3 1 454 423 318 158 -1 -1 -1 -1 label : spot-0.60
4 1 453 422 318 159 -1 -1 -1 -1 label : spot-0.61
5 1 458 422 313 159 -1 -1 -1 -1 label : spot-0.59
6 1 461 421 312 160 -1 -1 -1 -1 label : spot-0.54
7 1 462 420 312 161 -1 -1 -1 -1 label : spot-0.56
8 1 461 420 313 161 -1 -1 -1 -1 label : spot-0.57
9 1 459 420 316 161 -1 -1 -1 -1 label : spot-0.58
10 1 458 420 316 161 -1 -1 -1 -1 label : spot-0.59
11 1 458 420 316 161 -1 -1 -1 -1 label : spot-0.58
12 1 457 420 317 161 -1 -1 -1 -1 label : spot-0.57
13 1 457 420 317 161 -1 -1 -1 -1 label : spot-0.58
14 1 459 420 314 161 -1 -1 -1 -1 label : spot-0.58
15 1 458 420 315 162 -1 -1 -1 -1 label : spot-0.58
16 1 460 420 312 162 -1 -1 -1 -1 label : spot-0.61
17 1 459 420 313 161 -1 -1 -1 -1 label : spot-0.61
18 1 459 421 313 160 -1 -1 -1 -1 label : spot-0.60
19 1 459 421 312 160 -1 -1 -1 -1 label : spot-0.60
20 1 460 421 309 159 -1 -1 -1 -1 label : spot-0.60
21 1 461 423 308 157 -1 -1 -1 -1 label : spot-0.57
22 1 464 425 306 155 -1 -1 -1 -1 label : spot-0.57
23 1 463 426 308 155 -1 -1 -1 -1 label : spot-0.54
24 1 462 427 309 154 -1 -1 -1 -1 label : spot-0.59
25 1 463 427 305 154 -1 -1 -1 -1 label : spot-0.61
26 1 466 427 299 154 -1 -1 -1 -1 label : spot-0.59
27 1 466 427 301 154 -1 -1 -1 -1 label : spot-0.57
28 1 468 427 298 153 -1 -1 -1 -1 label : spot-0.54
29 1 463 426 307 154 -1 -1 -1 -1 label : spot-0.50
30 1 462 427 308 154 -1 -1 -1 -1 label : spot-0.49
31 1 462 427 306 154 -1 -1 -1 -1 label : spot-0.56
32 1 464 427 305 154 -1 -1 -1 -1 label : spot-0.46
33 1 463 427 307 154 -1 -1 -1 -1 label : spot-0.52
34 1 464 427 307 155 -1 -1 -1 -1 label : spot-0.51
35 1 463 428 307 154 -1 -1 -1 -1 label : spot-0.50
36 1 461 428 312 154 -1 -1 -1 -1 label : spot-0.52
37 1 464 427 306 156 -1 -1 -1 -1 label : spot-0.56
38 1 463 429 311 154 -1 -1 -1 -1 label : spot-0.56
39 1 466 429 308 154 -1 -1 -1 -1 label : spot-0.56
40 1 470 430 305 153 -1 -1 -1 -1 label : spot-0.50
41 1 475 430 306 152 -1 -1 -1 -1 label : spot-0.42
42 1 481 432 301 149 -1 -1 -1 -1 label : spot-0.45
43 1 501 432 283 150 -1 -1 -1 -1 label : spot-0.38
44 1 480 432 314 151 -1 -1 -1 -1 label : spot-0.39
45 1 497 429 293 153 -1 -1 -1 -1 label : spot-0.38
46 1 497 426 302 156 -1 -1 -1 -1 label : spot-0.36
47 1 490 428 318 154 -1 -1 -1 -1 label : spot-0.40
48 1 499 427 309 155 -1 -1 -1 -1 label : spot-0.44
49 1 499 427 312 154 -1 -1 -1 -1 label : spot-0.30
50 1 508 429 305 152 -1 -1 -1 -1 label : spot-0.33
51 1 511 431 308 149 -1 -1 -1 -1 label : spot-0.28
52 1 514 432 318 149 -1 -1 -1 -1 label : spot-0.20
53 1 520 431 315 149 -1 -1 -1 -1 label : spot-0.43
53 3 720 330 50 126 -1 -1 -1 -1 label : fireHydrant 0.34
54 1 518 431 323 151 -1 -1 -1 -1 label : spot-0.49
55 1 524 432 322 150 -1 -1 -1 -1 label : spot-0.49
56 1 533 433 319 149 -1 -1 -1 -1 label : spot-0.50
56 3 745 334 49 127 -1 -1 -1 -1 label : fireHydrant 0.23
57 1 537 433 324 147 -1 -1 -1 -1 label : spot-0.51
57 3 753 341 51 119 -1 -1 -1 -1 label : fireHydrant 0.46
58 1 552 431 320 148 -1 -1 -1 -1 label : spot-0.51
58 3 764 336 47 123 -1 -1 -1 -1 label : fireHydrant 0.27
59 1 556 431 331 146 -1 -1 -1 -1 label : spot-0.54
59 3 774 349 49 104 -1 -1 -1 -1 label : fireHydrant 0.12
60 1 560 431 340 148 -1 -1 -1 -1 label : spot-0.53
60 3 785 342 45 114 -1 -1 -1 -1 label : fireHydrant 0.13
61 1 565 429 354 151 -1 -1 -1 -1 label : spot-0.49
62 1 576 429 347 152 -1 -1 -1 -1 label : spot-0.54
63 1 581 429 370 152 -1 -1 -1 -1 label : spot-0.50
64 1 588 430 378 151 -1 -1 -1 -1 label : spot-0.39
65 1 611 427 358 157 -1 -1 -1 -1 label : spot-0.39
66 1 625 429 357 152 -1 -1 -1 -1 label : spot-0.45
67 1 630 430 364 150 -1 -1 -1 -1 label : spot-0.40
68 1 632 431 390 149 -1 -1 -1 -1 label : spot-0.32
69 1 651 433 384 149 -1 -1 -1 -1 label : spot-0.24
70 1 669 437 371 146 -1 -1 -1 -1 label : spot-0.20
71 1 681 438 372 145 -1 -1 -1 -1 label : spot-0.18
72 1 692 442 373 141 -1 -1 -1 -1 label : spot-0.19
73 1 696 447 378 132 -1 -1 -1 -1 label : spot-0.12
125 7 942 392 194 125 -1 -1 -1 -1 label : spot-1 0.37
126 7 939 396 219 96 -1 -1 -1 -1 label : spot-1 0.45
127 7 949 397 222 91 -1 -1 -1 -1 label : spot-1 0.54
128 7 957 398 226 99 -1 -1 -1 -1 label : spot-1 0.54
129 7 935 400 286 88 -1 -1 -1 -1 label : spot-1 0.54
130 7 935 402 324 88 -1 -1 -1 -1 label : spot-1 0.55
131 7 934 405 340 89 -1 -1 -1 -1 label : spot-1 0.55
132 7 943 407 331 95 -1 -1 -1 -1 label : spot-1 0.52
133 7 942 408 334 101 -1 -1 -1 -1 label : spot-1 0.53
134 7 941 409 335 109 -1 -1 -1 -1 label : spot-1 0.51
135 7 937 410 342 112 -1 -1 -1 -1 label : spot-1 0.52
136 7 943 408 336 114 -1 -1 -1 -1 label : spot-1 0.41
137 7 937 408 342 112 -1 -1 -1 -1 label : spot-1 0.44
138 7 936 409 343 110 -1 -1 -1 -1 label : spot-1 0.44
139 7 935 410 344 106 -1 -1 -1 -1 label : spot-1 0.48
140 7 940 413 339 106 -1 -1 -1 -1 label : spot-1 0.42
141 7 945 415 330 116 -1 -1 -1 -1 label : spot-1 0.46
142 7 940 419 336 123 -1 -1 -1 -1 label : spot-1 0.49
143 7 945 421 328 131 -1 -1 -1 -1 label : spot-1 0.41
144 7 952 424 323 136 -1 -1 -1 -1 label : spot-1 0.36
145 7 950 427 329 135 -1 -1 -1 -1 label : spot-1 0.39
146 7 967 429 308 139 -1 -1 -1 -1 label : spot-1 0.32
147 7 1068 429 190 144 -1 -1 -1 -1 label : spot-1 0.22
148 7 992 435 287 140 -1 -1 -1 -1 label : spot-1 0.19
149 7 989 437 290 150 -1 -1 -1 -1 label : spot-1 0.24
150 7 990 440 289 144 -1 -1 -1 -1 label : spot-1 0.18
151 7 1024 444 252 140 -1 -1 -1 -1 label : spot-1 0.17
223 15 91 366 31 56 -1 -1 -1 -1 label : fireHydrant 0.10
224 15 77 366 29 60 -1 -1 -1 -1 label : fireHydrant 0.25
230 18 130 363 113 44 -1 -1 -1 -1 label : spot-1 0.18
232 18 105 364 141 49 -1 -1 -1 -1 label : spot-1 0.18
233 18 84 365 161 51 -1 -1 -1 -1 label : spot-1 0.24
234 18 67 368 184 53 -1 -1 -1 -1 label : spot-1 0.52
235 18 55 369 184 58 -1 -1 -1 -1 label : spot-2 0.50
235 21 950 325 27 57 -1 -1 -1 -1 label : fireHydrant 0.12
236 18 43 371 192 60 -1 -1 -1 -1 label : spot-2 0.53
236 21 959 326 30 57 -1 -1 -1 -1 label : fireHydrant 0.11
237 21 971 325 26 60 -1 -1 -1 -1 label : fireHydrant 0.26
238 21 979 325 30 61 -1 -1 -1 -1 label : fireHydrant 0.68
239 21 989 325 32 62 -1 -1 -1 -1 label : fireHydrant 0.68
240 21 1000 325 32 61 -1 -1 -1 -1 label : fireHydrant 0.42
241 21 1013 323 31 65 -1 -1 -1 -1 label : fireHydrant 0.38
242 21 1022 322 39 68 -1 -1 -1 -1 label : fireHydrant 0.51
243 21 1038 322 37 73 -1 -1 -1 -1 label : fireHydrant 0.45
244 21 1051 322 40 73 -1 -1 -1 -1 label : fireHydrant 0.44
245 21 1068 324 37 75 -1 -1 -1 -1 label : fireHydrant 0.18
254 25 316 337 18 46 -1 -1 -1 -1 label : fireHydrant 0.15
258 25 309 338 15 42 -1 -1 -1 -1 label : fireHydrant 0.12
267 21 1020 282 37 95 -1 -1 -1 -1 label : fireHydrant 0.15
268 21 1019 283 36 93 -1 -1 -1 -1 label : fireHydrant 0.16
