3 1 841 329 438 134 -1 -1 -1 -1 label : spot-2 0.26
3 2 694 290 34 12 -1 -1 -1 -1 label : spot-1 0.11
4 1 839 330 440 130 -1 -1 -1 -1 label : spot-2 0.24
5 1 840 331 439 126 -1 -1 -1 -1 label : spot-2 0.20
6 1 842 332 437 123 -1 -1 -1 -1 label : spot-2 0.17
7 1 844 332 434 122 -1 -1 -1 -1 label : spot-2 0.16
8 1 844 332 435 121 -1 -1 -1 -1 label : spot-2 0.18
9 1 844 333 435 119 -1 -1 -1 -1 label : spot-2 0.22
9 2 692 290 33 12 -1 -1 -1 -1 label : spot-1 0.12
10 1 840 332 439 119 -1 -1 -1 -1 label : spot-2 0.23
10 2 691 291 33 12 -1 -1 -1 -1 label : spot-1 0.10
11 1 840 332 437 121 -1 -1 -1 -1 label : spot-2 0.23
11 2 691 291 33 12 -1 -1 -1 -1 label : spot-1 0.14
12 1 831 332 448 120 -1 -1 -1 -1 label : spot-2 0.20
13 1 834 332 443 121 -1 -1 -1 -1 label : spot-2 0.20
14 1 808 330 471 119 -1 -1 -1 -1 label : spot-2 0.21
15 1 806 330 467 117 -1 -1 -1 -1 label : spot-2 0.16
16 1 807 330 464 116 -1 -1 -1 -1 label : spot-2 0.18
16 2 687 293 32 12 -1 -1 -1 -1 label : spot-1 0.13
17 1 809 330 458 117 -1 -1 -1 -1 label : spot-2 0.18
17 2 685 294 32 11 -1 -1 -1 -1 label : spot-1 0.14
18 1 805 331 460 112 -1 -1 -1 -1 label : spot-2 0.21
18 2 686 294 29 11 -1 -1 -1 -1 label : spot-1 0.12
19 1 808 332 452 109 -1 -1 -1 -1 label : spot-2 0.19
19 2 684 294 30 12 -1 -1 -1 -1 label : spot-1 0.12
20 1 814 333 423 102 -1 -1 -1 -1 label : spot-2 0.16
21 1 816 333 432 111 -1 -1 -1 -1 label : spot-2 0.22
22 1 807 333 456 117 -1 -1 -1 -1 label : spot-2 0.25
23 1 796 333 473 116 -1 -1 -1 -1 label : spot-2 0.17
24 1 802 332 464 123 -1 -1 -1 -1 label : spot-2 0.19
25 1 797 333 475 125 -1 -1 -1 -1 label : spot-2 0.20
25 2 666 294 33 12 -1 -1 -1 -1 label : spot-1 0.12
26 1 792 333 480 127 -1 -1 -1 -1 label : spot-2 0.24
27 1 794 333 475 128 -1 -1 -1 -1 label : spot-2 0.15
28 1 787 332 486 130 -1 -1 -1 -1 label : spot-2 0.11
29 1 791 331 481 138 -1 -1 -1 -1 label : spot-2 0.16
29 2 654 293 32 12 -1 -1 -1 -1 label : spot-1 0.14
30 1 778 331 501 138 -1 -1 -1 -1 label : spot-2 0.20
30 2 650 292 33 12 -1 -1 -1 -1 label : spot-1 0.16
31 1 788 330 490 139 -1 -1 -1 -1 label : spot-2 0.14
32 1 776 331 503 134 -1 -1 -1 -1 label : spot-2 0.14
33 1 778 329 499 139 -1 -1 -1 -1 label : spot-2 0.17
33 2 636 290 35 12 -1 -1 -1 -1 label : spot-1 0.10
34 1 773 329 506 141 -1 -1 -1 -1 label : spot-2 0.21
34 2 630 289 37 12 -1 -1 -1 -1 label : spot-1 0.11
35 1 770 328 509 143 -1 -1 -1 -1 label : spot-2 0.15
35 2 627 289 35 13 -1 -1 -1 -1 label : spot-1 0.14
36 2 623 289 36 12 -1 -1 -1 -1 label : spot-1 0.16
37 2 619 289 34 12 -1 -1 -1 -1 label : spot-1 0.16
37 10 769 329 113 39 -1 -1 -1 -1 label : spot-1 0.15
38 1 762 330 517 150 -1 -1 -1 -1 label : spot-2 0.20
38 2 613 289 37 12 -1 -1 -1 -1 label : spot-1 0.12
38 10 765 329 113 39 -1 -1 -1 -1 label : spot-1 0.11
39 1 760 330 519 151 -1 -1 -1 -1 label : spot-2 0.15
39 2 609 288 37 12 -1 -1 -1 -1 label : spot-1 0.10
40 1 752 325 523 165 -1 -1 -1 -1 label : spot-2 0.15
41 1 742 325 537 167 -1 -1 -1 -1 label : spot-2 0.21
41 2 599 288 38 12 -1 -1 -1 -1 label : spot-1 0.12
41 10 738 327 130 40 -1 -1 -1 -1 label : spot-1 0.11
42 1 743 325 533 170 -1 -1 -1 -1 label : spot-2 0.17
42 2 595 288 36 12 -1 -1 -1 -1 label : spot-1 0.13
42 10 745 327 114 40 -1 -1 -1 -1 label : spot-1 0.11
43 1 740 324 535 173 -1 -1 -1 -1 label : spot-2 0.13
43 2 592 288 34 11 -1 -1 -1 -1 label : spot-1 0.11
43 10 741 326 111 40 -1 -1 -1 -1 label : spot-1 0.10
44 1 730 326 549 174 -1 -1 -1 -1 label : spot-2 0.19
44 2 585 288 36 11 -1 -1 -1 -1 label : spot-1 0.10
45 1 726 326 553 176 -1 -1 -1 -1 label : spot-2 0.18
46 1 724 325 555 176 -1 -1 -1 -1 label : spot-2 0.13
46 2 575 287 40 12 -1 -1 -1 -1 label : spot-1 0.12
47 1 720 324 559 179 -1 -1 -1 -1 label : spot-2 0.15
48 2 562 286 43 11 -1 -1 -1 -1 label : spot-1 0.21
49 1 707 327 572 175 -1 -1 -1 -1 label : spot-2 0.13
49 2 560 285 37 12 -1 -1 -1 -1 label : spot-1 0.12
50 1 685 325 575 159 -1 -1 -1 -1 label : spot-2 0.10
51 1 674 324 591 159 -1 -1 -1 -1 label : spot-2 0.15
51 2 550 284 38 12 -1 -1 -1 -1 label : spot-1 0.11
52 1 676 323 585 163 -1 -1 -1 -1 label : spot-2 0.12
52 2 541 283 40 12 -1 -1 -1 -1 label : spot-1 0.11
53 1 670 321 594 165 -1 -1 -1 -1 label : spot-2 0.19
53 2 539 282 35 12 -1 -1 -1 -1 label : spot-1 0.12
54 1 660 320 606 169 -1 -1 -1 -1 label : spot-2 0.14
54 2 534 281 35 12 -1 -1 -1 -1 label : spot-1 0.13
55 1 666 319 578 168 -1 -1 -1 -1 label : spot-2 0.14
55 2 526 280 38 12 -1 -1 -1 -1 label : spot-1 0.11
56 1 660 318 582 170 -1 -1 -1 -1 label : spot-2 0.13
56 2 523 280 36 12 -1 -1 -1 -1 label : spot-1 0.12
57 1 649 318 611 170 -1 -1 -1 -1 label : spot-2 0.13
57 2 518 278 36 12 -1 -1 -1 -1 label : spot-1 0.12
57 10 664 318 226 59 -1 -1 -1 -1 label : spot-2 0.11
58 1 642 317 624 173 -1 -1 -1 -1 label : spot-2 0.18
59 1 642 317 620 171 -1 -1 -1 -1 label : spot-2 0.17
59 2 507 276 37 12 -1 -1 -1 -1 label : spot-1 0.15
59 10 652 315 236 63 -1 -1 -1 -1 label : spot-2 0.10
60 1 630 316 636 175 -1 -1 -1 -1 label : spot-2 0.18
60 2 502 275 37 12 -1 -1 -1 -1 label : spot-1 0.14
60 10 639 313 249 65 -1 -1 -1 -1 label : spot-2 0.12
61 1 635 316 627 174 -1 -1 -1 -1 label : spot-2 0.15
61 2 496 274 37 11 -1 -1 -1 -1 label : spot-1 0.13
61 10 632 312 258 67 -1 -1 -1 -1 label : spot-2 0.12
62 1 628 313 526 150 -1 -1 -1 -1 label : spot-2 0.16
63 1 618 313 614 171 -1 -1 -1 -1 label : spot-2 0.15
63 2 485 272 37 11 -1 -1 -1 -1 label : spot-1 0.12
63 10 616 311 234 56 -1 -1 -1 -1 label : spot-2 0.12
64 1 619 313 636 179 -1 -1 -1 -1 label : spot-2 0.16
64 2 479 272 38 11 -1 -1 -1 -1 label : spot-1 0.12
65 1 611 314 657 178 -1 -1 -1 -1 label : spot-2 0.18
66 1 605 313 665 182 -1 -1 -1 -1 label : spot-2 0.16
66 2 470 271 35 12 -1 -1 -1 -1 label : spot-1 0.12
66 15 600 310 435 119 -1 -1 -1 -1 label : spot-2 0.10
67 1 603 312 592 161 -1 -1 -1 -1 label : spot-2 0.15
67 2 468 271 33 12 -1 -1 -1 -1 label : spot-1 0.11
68 1 577 312 625 155 -1 -1 -1 -1 label : spot-2 0.20
69 1 583 313 602 153 -1 -1 -1 -1 label : spot-2 0.20
70 1 592 311 473 129 -1 -1 -1 -1 label : spot-2 0.20
70 2 451 271 36 12 -1 -1 -1 -1 label : spot-1 0.17
70 15 579 312 612 159 -1 -1 -1 -1 label : spot-2 0.10
71 1 584 311 403 100 -1 -1 -1 -1 label : spot-2 0.22
71 2 445 271 37 12 -1 -1 -1 -1 label : spot-1 0.11
72 1 587 309 404 112 -1 -1 -1 -1 label : spot-2 0.19
72 2 440 271 37 12 -1 -1 -1 -1 label : spot-1 0.17
72 15 570 313 625 159 -1 -1 -1 -1 label : spot-2 0.15
73 1 574 310 427 116 -1 -1 -1 -1 label : spot-2 0.17
73 2 435 271 36 13 -1 -1 -1 -1 label : spot-1 0.14
73 10 571 310 290 73 -1 -1 -1 -1 label : spot-2 0.14
73 15 569 313 633 166 -1 -1 -1 -1 label : spot-2 0.11
74 1 571 311 447 123 -1 -1 -1 -1 label : spot-2 0.14
75 1 556 309 433 115 -1 -1 -1 -1 label : spot-2 0.15
75 2 423 272 39 12 -1 -1 -1 -1 label : spot-1 0.12
75 15 564 314 619 163 -1 -1 -1 -1 label : spot-2 0.11
76 1 545 309 435 114 -1 -1 -1 -1 label : spot-2 0.17
76 2 420 272 35 12 -1 -1 -1 -1 label : spot-1 0.12
76 15 556 315 634 165 -1 -1 -1 -1 label : spot-2 0.11
77 1 561 312 448 122 -1 -1 -1 -1 label : spot-2 0.16
77 2 415 273 37 11 -1 -1 -1 -1 label : spot-1 0.11
78 1 542 311 516 131 -1 -1 -1 -1 label : spot-2 0.17
78 2 409 273 38 11 -1 -1 -1 -1 label : spot-1 0.13
79 1 534 311 523 131 -1 -1 -1 -1 label : spot-2 0.16
79 2 406 274 38 12 -1 -1 -1 -1 label : spot-1 0.16
80 2 403 274 38 12 -1 -1 -1 -1 label : spot-1 0.18
80 15 530 313 600 147 -1 -1 -1 -1 label : spot-2 0.14
81 1 546 309 429 115 -1 -1 -1 -1 label : spot-2 0.15
81 2 399 275 37 11 -1 -1 -1 -1 label : spot-1 0.14
81 15 548 314 614 158 -1 -1 -1 -1 label : spot-2 0.10
82 1 535 309 435 114 -1 -1 -1 -1 label : spot-2 0.15
82 2 395 275 37 11 -1 -1 -1 -1 label : spot-1 0.10
83 1 529 310 433 111 -1 -1 -1 -1 label : spot-2 0.16
83 2 389 274 37 12 -1 -1 -1 -1 label : spot-1 0.15
84 1 535 310 413 110 -1 -1 -1 -1 label : spot-2 0.20
84 2 382 274 40 12 -1 -1 -1 -1 label : spot-1 0.17
84 15 539 315 625 161 -1 -1 -1 -1 label : spot-2 0.10
85 1 536 310 408 112 -1 -1 -1 -1 label : spot-2 0.23
85 2 378 272 38 13 -1 -1 -1 -1 label : spot-1 0.12
86 1 532 310 408 111 -1 -1 -1 -1 label : spot-2 0.20
86 2 373 273 40 12 -1 -1 -1 -1 label : spot-1 0.18
87 1 521 310 422 112 -1 -1 -1 -1 label : spot-2 0.22
87 2 371 273 35 12 -1 -1 -1 -1 label : spot-1 0.17
87 15 522 316 645 160 -1 -1 -1 -1 label : spot-2 0.12
88 1 514 309 429 113 -1 -1 -1 -1 label : spot-2 0.16
89 1 510 309 428 112 -1 -1 -1 -1 label : spot-2 0.17
89 2 357 272 42 12 -1 -1 -1 -1 label : spot-1 0.12
90 1 504 309 442 116 -1 -1 -1 -1 label : spot-2 0.16
90 2 352 271 39 12 -1 -1 -1 -1 label : spot-1 0.14
91 1 503 309 448 118 -1 -1 -1 -1 label : spot-2 0.17
91 2 350 270 36 13 -1 -1 -1 -1 label : spot-1 0.12
92 1 493 308 479 123 -1 -1 -1 -1 label : spot-2 0.17
92 2 345 270 38 12 -1 -1 -1 -1 label : spot-1 0.13
93 1 481 307 499 122 -1 -1 -1 -1 label : spot-2 0.17
93 2 337 268 43 12 -1 -1 -1 -1 label : spot-1 0.15
94 1 473 307 513 124 -1 -1 -1 -1 label : spot-2 0.15
94 2 333 268 41 12 -1 -1 -1 -1 label : spot-1 0.15
95 1 475 306 522 127 -1 -1 -1 -1 label : spot-2 0.16
95 2 330 267 38 12 -1 -1 -1 -1 label : spot-1 0.15
96 1 469 307 541 123 -1 -1 -1 -1 label : spot-2 0.13
96 2 326 265 39 13 -1 -1 -1 -1 label : spot-1 0.11
97 1 471 303 460 116 -1 -1 -1 -1 label : spot-2 0.19
97 2 317 264 42 13 -1 -1 -1 -1 label : spot-1 0.15
98 1 456 301 450 112 -1 -1 -1 -1 label : spot-2 0.25
98 2 313 264 40 12 -1 -1 -1 -1 label : spot-1 0.21
99 1 449 300 447 111 -1 -1 -1 -1 label : spot-2 0.20
99 2 313 262 37 13 -1 -1 -1 -1 label : spot-1 0.20
99 10 445 300 343 71 -1 -1 -1 -1 label : spot-2 0.11
100 1 449 299 441 111 -1 -1 -1 -1 label : spot-2 0.16
100 2 308 261 38 13 -1 -1 -1 -1 label : spot-1 0.14
101 1 443 298 446 112 -1 -1 -1 -1 label : spot-2 0.16
101 2 303 260 38 13 -1 -1 -1 -1 label : spot-1 0.13
102 1 445 299 439 110 -1 -1 -1 -1 label : spot-2 0.15
102 2 299 261 37 13 -1 -1 -1 -1 label : spot-1 0.11
102 15 447 303 665 162 -1 -1 -1 -1 label : spot-2 0.10
103 1 447 300 436 111 -1 -1 -1 -1 label : spot-2 0.11
103 2 295 260 37 13 -1 -1 -1 -1 label : spot-1 0.11
104 1 437 300 457 113 -1 -1 -1 -1 label : spot-2 0.15
104 2 287 260 41 13 -1 -1 -1 -1 label : spot-1 0.14
104 15 424 304 739 173 -1 -1 -1 -1 label : spot-2 0.12
105 1 417 300 445 95 -1 -1 -1 -1 label : spot-2 0.14
105 2 282 260 41 13 -1 -1 -1 -1 label : spot-1 0.11
106 1 423 300 421 96 -1 -1 -1 -1 label : spot-2 0.17
106 2 278 261 39 12 -1 -1 -1 -1 label : spot-1 0.12
106 15 428 305 653 150 -1 -1 -1 -1 label : spot-2 0.11
107 1 414 300 431 96 -1 -1 -1 -1 label : spot-2 0.14
107 2 273 261 40 12 -1 -1 -1 -1 label : spot-1 0.12
107 10 413 298 252 54 -1 -1 -1 -1 label : spot-2 0.11
107 15 423 305 655 146 -1 -1 -1 -1 label : spot-2 0.10
108 1 410 300 437 100 -1 -1 -1 -1 label : spot-2 0.17
108 2 268 261 40 12 -1 -1 -1 -1 label : spot-1 0.12
108 10 406 297 256 55 -1 -1 -1 -1 label : spot-2 0.11
109 1 408 299 437 101 -1 -1 -1 -1 label : spot-2 0.14
109 15 390 304 783 167 -1 -1 -1 -1 label : spot-2 0.14
110 1 404 298 445 105 -1 -1 -1 -1 label : spot-2 0.17
110 2 259 262 40 12 -1 -1 -1 -1 label : spot-1 0.15
110 15 404 305 693 148 -1 -1 -1 -1 label : spot-2 0.13
110 16 1075 430 204 94 -1 -1 -1 -1 label : invalidspot-coloredCurb 0.10
111 1 407 298 436 104 -1 -1 -1 -1 label : spot-2 0.16
111 2 252 262 43 13 -1 -1 -1 -1 label : spot-1 0.16
111 15 381 306 805 169 -1 -1 -1 -1 label : spot-2 0.12
111 16 1073 430 206 92 -1 -1 -1 -1 label : invalidspot-coloredCurb 0.10
112 1 397 298 453 106 -1 -1 -1 -1 label : spot-2 0.20
112 2 248 263 41 13 -1 -1 -1 -1 label : spot-1 0.14
112 15 398 304 717 157 -1 -1 -1 -1 label : spot-2 0.12
112 16 1072 430 206 91 -1 -1 -1 -1 label : invalidspot-coloredCurb 0.11
113 1 389 299 452 102 -1 -1 -1 -1 label : spot-2 0.19
113 2 246 262 40 13 -1 -1 -1 -1 label : spot-1 0.15
113 15 393 304 722 157 -1 -1 -1 -1 label : spot-2 0.10
114 1 392 299 440 101 -1 -1 -1 -1 label : spot-2 0.16
114 2 242 262 39 13 -1 -1 -1 -1 label : spot-1 0.13
114 15 371 305 842 180 -1 -1 -1 -1 label : spot-2 0.11
114 16 1064 429 215 87 -1 -1 -1 -1 label : invalidspot-coloredCurb 0.11
115 1 387 299 441 103 -1 -1 -1 -1 label : spot-2 0.15
115 2 237 261 39 14 -1 -1 -1 -1 label : spot-1 0.10
116 1 382 298 444 105 -1 -1 -1 -1 label : spot-2 0.17
117 1 383 299 436 103 -1 -1 -1 -1 label : spot-2 0.16
117 2 228 261 41 12 -1 -1 -1 -1 label : spot-1 0.11
118 1 382 298 433 104 -1 -1 -1 -1 label : spot-2 0.17
118 2 223 260 40 13 -1 -1 -1 -1 label : spot-1 0.13
119 1 381 299 434 103 -1 -1 -1 -1 label : spot-2 0.15
120 1 359 298 448 99 -1 -1 -1 -1 label : spot-2 0.22
120 2 215 259 41 14 -1 -1 -1 -1 label : spot-1 0.15
120 15 358 303 678 146 -1 -1 -1 -1 label : spot-2 0.15
121 1 363 298 449 103 -1 -1 -1 -1 label : spot-2 0.20
121 2 211 259 40 13 -1 -1 -1 -1 label : spot-1 0.15
122 1 357 298 439 97 -1 -1 -1 -1 label : spot-2 0.16
122 2 206 258 40 14 -1 -1 -1 -1 label : spot-1 0.14
122 15 363 305 637 133 -1 -1 -1 -1 label : spot-2 0.12
123 1 367 298 435 100 -1 -1 -1 -1 label : spot-2 0.22
123 2 200 258 42 13 -1 -1 -1 -1 label : spot-1 0.17
124 1 370 298 439 102 -1 -1 -1 -1 label : spot-2 0.20
124 2 197 257 41 14 -1 -1 -1 -1 label : spot-1 0.12
125 1 361 295 429 102 -1 -1 -1 -1 label : spot-2 0.19
125 2 191 256 43 13 -1 -1 -1 -1 label : spot-1 0.17
125 10 359 292 249 64 -1 -1 -1 -1 label : spot-2 0.10
126 1 356 293 427 102 -1 -1 -1 -1 label : spot-2 0.15
126 2 185 255 45 14 -1 -1 -1 -1 label : spot-1 0.13
127 1 348 292 429 100 -1 -1 -1 -1 label : spot-2 0.14
127 2 184 254 42 14 -1 -1 -1 -1 label : spot-1 0.12
127 10 349 292 266 64 -1 -1 -1 -1 label : spot-2 0.11
127 15 354 299 644 142 -1 -1 -1 -1 label : spot-2 0.10
128 1 343 291 430 98 -1 -1 -1 -1 label : spot-2 0.14
128 2 178 253 46 13 -1 -1 -1 -1 label : spot-1 0.13
128 10 345 291 268 65 -1 -1 -1 -1 label : spot-2 0.11
129 1 340 291 430 97 -1 -1 -1 -1 label : spot-2 0.12
129 2 175 252 47 13 -1 -1 -1 -1 label : spot-1 0.12
129 15 343 297 652 142 -1 -1 -1 -1 label : spot-2 0.11
130 1 340 291 422 93 -1 -1 -1 -1 label : spot-2 0.10
130 2 171 252 47 12 -1 -1 -1 -1 label : spot-1 0.10
131 1 348 290 399 96 -1 -1 -1 -1 label : spot-2 0.17
131 16 984 417 291 103 -1 -1 -1 -1 label : invalidspot-coloredCurb 0.11
132 1 343 289 408 99 -1 -1 -1 -1 label : spot-2 0.14
132 16 978 416 299 103 -1 -1 -1 -1 label : invalidspot-coloredCurb 0.12
133 1 340 288 410 101 -1 -1 -1 -1 label : spot-2 0.15
133 2 156 251 45 14 -1 -1 -1 -1 label : spot-1 0.13
133 16 978 417 300 101 -1 -1 -1 -1 label : invalidspot-coloredCurb 0.12
134 1 337 288 409 101 -1 -1 -1 -1 label : spot-2 0.11
136 1 329 291 419 105 -1 -1 -1 -1 label : spot-2 0.13
136 10 326 292 284 70 -1 -1 -1 -1 label : spot-2 0.12
136 15 292 306 905 180 -1 -1 -1 -1 label : spot-2 0.10
137 1 326 290 419 106 -1 -1 -1 -1 label : spot-2 0.11
138 1 305 293 452 105 -1 -1 -1 -1 label : spot-2 0.12
138 2 140 253 38 13 -1 -1 -1 -1 label : spot-1 0.11
139 1 296 293 438 96 -1 -1 -1 -1 label : spot-2 0.14
139 2 132 253 45 14 -1 -1 -1 -1 label : spot-1 0.12
140 1 301 293 416 97 -1 -1 -1 -1 label : spot-2 0.17
140 2 129 254 43 14 -1 -1 -1 -1 label : spot-1 0.14
140 15 311 312 890 185 -1 -1 -1 -1 label : spot-2 0.11
141 1 298 293 419 99 -1 -1 -1 -1 label : spot-2 0.19
141 2 124 254 46 14 -1 -1 -1 -1 label : spot-1 0.18
141 15 289 310 913 190 -1 -1 -1 -1 label : spot-2 0.11
142 1 296 294 423 102 -1 -1 -1 -1 label : spot-2 0.24
142 2 120 254 46 14 -1 -1 -1 -1 label : spot-1 0.11
143 1 289 294 433 105 -1 -1 -1 -1 label : spot-2 0.28
143 2 116 254 46 14 -1 -1 -1 -1 label : spot-1 0.11
144 1 293 294 427 107 -1 -1 -1 -1 label : spot-2 0.26
144 2 114 254 44 14 -1 -1 -1 -1 label : spot-1 0.16
145 1 284 293 440 109 -1 -1 -1 -1 label : spot-2 0.26
145 2 114 255 40 13 -1 -1 -1 -1 label : spot-1 0.14
146 1 270 293 454 112 -1 -1 -1 -1 label : spot-2 0.25
147 1 252 292 475 112 -1 -1 -1 -1 label : spot-2 0.30
148 1 252 292 477 111 -1 -1 -1 -1 label : spot-2 0.21
148 2 99 254 44 14 -1 -1 -1 -1 label : spot-1 0.13
149 1 260 292 464 112 -1 -1 -1 -1 label : spot-2 0.16
150 1 271 293 444 112 -1 -1 -1 -1 label : spot-2 0.16
151 1 272 293 440 112 -1 -1 -1 -1 label : spot-2 0.14
152 1 271 293 441 113 -1 -1 -1 -1 label : spot-2 0.14
152 2 84 255 46 14 -1 -1 -1 -1 label : spot-1 0.11
153 1 264 294 448 111 -1 -1 -1 -1 label : spot-2 0.14
153 2 82 255 44 15 -1 -1 -1 -1 label : spot-1 0.10
154 1 255 294 460 111 -1 -1 -1 -1 label : spot-2 0.13
155 1 252 294 460 111 -1 -1 -1 -1 label : spot-2 0.16
156 1 246 294 468 112 -1 -1 -1 -1 label : spot-2 0.13
157 1 249 293 458 114 -1 -1 -1 -1 label : spot-2 0.12
158 1 235 293 480 116 -1 -1 -1 -1 label : spot-2 0.13
159 1 232 293 482 116 -1 -1 -1 -1 label : spot-2 0.14
159 15 354 322 800 174 -1 -1 -1 -1 label : spot-2 0.11
160 1 237 295 476 113 -1 -1 -1 -1 label : spot-2 0.13
161 1 234 297 482 108 -1 -1 -1 -1 label : spot-2 0.11
162 1 241 298 467 106 -1 -1 -1 -1 label : spot-2 0.14
162 15 381 325 749 168 -1 -1 -1 -1 label : spot-2 0.14
163 1 237 299 474 105 -1 -1 -1 -1 label : spot-2 0.15
163 15 384 325 742 169 -1 -1 -1 -1 label : spot-2 0.14
164 1 236 300 474 104 -1 -1 -1 -1 label : spot-2 0.12
164 10 228 304 671 129 -1 -1 -1 -1 label : spot-2 0.12
165 10 220 305 678 128 -1 -1 -1 -1 label : spot-2 0.17
165 15 394 334 737 162 -1 -1 -1 -1 label : spot-2 0.13
166 10 209 304 704 134 -1 -1 -1 -1 label : spot-2 0.15
166 15 379 332 763 165 -1 -1 -1 -1 label : spot-2 0.11
167 10 200 305 724 139 -1 -1 -1 -1 label : spot-2 0.13
167 15 370 332 772 164 -1 -1 -1 -1 label : spot-2 0.13
168 10 190 304 746 149 -1 -1 -1 -1 label : spot-2 0.13
169 10 180 304 770 152 -1 -1 -1 -1 label : spot-2 0.11
169 15 391 345 759 158 -1 -1 -1 -1 label : spot-2 0.10
171 1 186 303 492 103 -1 -1 -1 -1 label : spot-2 0.14
171 15 376 341 748 159 -1 -1 -1 -1 label : spot-2 0.10
172 1 183 303 494 103 -1 -1 -1 -1 label : spot-2 0.16
172 15 391 340 698 158 -1 -1 -1 -1 label : spot-2 0.11
173 1 178 304 496 102 -1 -1 -1 -1 label : spot-2 0.11
174 1 210 308 503 112 -1 -1 -1 -1 label : spot-2 0.11
174 15 362 343 753 150 -1 -1 -1 -1 label : spot-2 0.10
175 1 211 310 525 120 -1 -1 -1 -1 label : spot-2 0.13
175 15 251 325 787 158 -1 -1 -1 -1 label : spot-2 0.11
176 1 216 310 535 122 -1 -1 -1 -1 label : spot-2 0.13
176 15 319 337 771 152 -1 -1 -1 -1 label : spot-2 0.10
177 1 201 310 585 131 -1 -1 -1 -1 label : spot-2 0.11
177 15 316 337 771 152 -1 -1 -1 -1 label : spot-2 0.10
178 1 199 311 596 133 -1 -1 -1 -1 label : spot-2 0.11
178 15 201 318 857 168 -1 -1 -1 -1 label : spot-2 0.10
179 15 190 316 842 169 -1 -1 -1 -1 label : spot-2 0.13
180 15 191 316 827 169 -1 -1 -1 -1 label : spot-2 0.12
181 1 208 315 594 130 -1 -1 -1 -1 label : spot-2 0.13
182 1 206 315 600 129 -1 -1 -1 -1 label : spot-2 0.13
183 1 206 316 607 130 -1 -1 -1 -1 label : spot-2 0.12
183 10 210 314 284 63 -1 -1 -1 -1 label : spot-2 0.10
184 10 211 314 266 59 -1 -1 -1 -1 label : spot-2 0.12
184 15 360 350 726 139 -1 -1 -1 -1 label : spot-2 0.10
185 1 237 316 577 139 -1 -1 -1 -1 label : spot-2 0.10
187 10 223 316 256 56 -1 -1 -1 -1 label : spot-2 0.14
189 10 230 318 251 54 -1 -1 -1 -1 label : spot-2 0.11
190 10 227 317 259 56 -1 -1 -1 -1 label : spot-2 0.12
191 10 227 317 252 54 -1 -1 -1 -1 label : spot-2 0.11
192 1 395 365 758 135 -1 -1 -1 -1 label : spot-2 0.22
192 10 217 319 302 57 -1 -1 -1 -1 label : spot-2 0.11
193 1 364 354 712 137 -1 -1 -1 -1 label : spot-2 0.13
193 10 224 319 287 57 -1 -1 -1 -1 label : spot-2 0.11
194 1 299 343 781 146 -1 -1 -1 -1 label : spot-2 0.16
194 10 223 319 286 58 -1 -1 -1 -1 label : spot-2 0.13
194 15 240 322 560 121 -1 -1 -1 -1 label : spot-2 0.12
195 1 303 345 803 148 -1 -1 -1 -1 label : spot-2 0.15
196 10 224 320 288 55 -1 -1 -1 -1 label : spot-2 0.12
196 15 233 321 551 120 -1 -1 -1 -1 label : spot-2 0.12
197 10 244 321 281 58 -1 -1 -1 -1 label : spot-2 0.14
197 15 235 321 547 119 -1 -1 -1 -1 label : spot-2 0.10
200 10 256 323 283 57 -1 -1 -1 -1 label : spot-2 0.12
201 10 264 323 281 57 -1 -1 -1 -1 label : spot-2 0.13
201 27 116 287 39 14 -1 -1 -1 -1 label : spot-1 0.12
202 1 261 332 837 155 -1 -1 -1 -1 label : spot-2 0.15
202 10 263 325 292 57 -1 -1 -1 -1 label : spot-2 0.11
202 27 120 288 39 14 -1 -1 -1 -1 label : spot-1 0.11
203 1 260 332 853 157 -1 -1 -1 -1 label : spot-2 0.13
204 1 445 356 690 137 -1 -1 -1 -1 label : spot-2 0.13
204 10 281 326 278 57 -1 -1 -1 -1 label : spot-2 0.13
205 1 462 359 689 136 -1 -1 -1 -1 label : spot-2 0.12
206 1 355 335 702 146 -1 -1 -1 -1 label : spot-2 0.15
206 10 281 325 295 60 -1 -1 -1 -1 label : spot-2 0.10
207 1 360 335 703 146 -1 -1 -1 -1 label : spot-2 0.15
208 10 302 325 296 61 -1 -1 -1 -1 label : spot-2 0.15
209 10 304 325 308 62 -1 -1 -1 -1 label : spot-2 0.15
210 10 308 326 309 62 -1 -1 -1 -1 label : spot-2 0.17
211 10 319 326 299 62 -1 -1 -1 -1 label : spot-2 0.23
212 10 328 327 294 62 -1 -1 -1 -1 label : spot-2 0.17
213 10 339 328 288 61 -1 -1 -1 -1 label : spot-2 0.19
214 1 341 332 777 155 -1 -1 -1 -1 label : spot-2 0.22
214 10 342 328 291 62 -1 -1 -1 -1 label : spot-2 0.12
215 1 370 331 636 141 -1 -1 -1 -1 label : spot-2 0.16
215 10 340 330 315 63 -1 -1 -1 -1 label : spot-2 0.11
216 1 373 330 629 141 -1 -1 -1 -1 label : spot-2 0.19
217 10 360 333 321 62 -1 -1 -1 -1 label : spot-2 0.25
218 10 369 335 318 61 -1 -1 -1 -1 label : spot-2 0.28
219 10 380 335 308 61 -1 -1 -1 -1 label : spot-2 0.26
220 10 384 336 311 60 -1 -1 -1 -1 label : spot-2 0.25
221 10 392 336 310 61 -1 -1 -1 -1 label : spot-2 0.32
222 1 408 335 666 142 -1 -1 -1 -1 label : spot-2 0.23
222 10 400 337 316 61 -1 -1 -1 -1 label : spot-2 0.11
223 1 404 335 689 141 -1 -1 -1 -1 label : spot-2 0.35
223 10 405 338 315 61 -1 -1 -1 -1 label : spot-2 0.12
224 1 408 335 690 141 -1 -1 -1 -1 label : spot-2 0.34
225 1 421 336 704 145 -1 -1 -1 -1 label : spot-2 0.33
225 10 424 338 312 64 -1 -1 -1 -1 label : spot-2 0.11
226 1 426 336 707 146 -1 -1 -1 -1 label : spot-2 0.30
227 10 440 338 317 66 -1 -1 -1 -1 label : spot-2 0.34
227 27 26 288 56 22 -1 -1 -1 -1 label : spot-1 0.17
228 10 455 337 305 66 -1 -1 -1 -1 label : spot-2 0.32
228 27 32 288 58 22 -1 -1 -1 -1 label : spot-1 0.16
229 10 455 338 319 65 -1 -1 -1 -1 label : spot-2 0.31
229 27 39 289 58 21 -1 -1 -1 -1 label : spot-1 0.15
230 10 465 338 321 65 -1 -1 -1 -1 label : spot-2 0.30
230 27 46 289 60 21 -1 -1 -1 -1 label : spot-1 0.15
231 10 478 338 327 71 -1 -1 -1 -1 label : spot-2 0.21
231 27 57 288 56 23 -1 -1 -1 -1 label : spot-1 0.21
232 10 483 339 339 71 -1 -1 -1 -1 label : spot-2 0.31
232 27 64 289 60 22 -1 -1 -1 -1 label : spot-1 0.15
233 10 503 339 339 75 -1 -1 -1 -1 label : spot-2 0.25
234 10 499 340 358 74 -1 -1 -1 -1 label : spot-2 0.21
234 27 81 289 62 22 -1 -1 -1 -1 label : spot-1 0.12
235 10 508 341 349 74 -1 -1 -1 -1 label : spot-2 0.22
235 27 91 290 59 22 -1 -1 -1 -1 label : spot-1 0.14
236 10 513 342 355 74 -1 -1 -1 -1 label : spot-2 0.12
237 10 526 343 371 78 -1 -1 -1 -1 label : spot-2 0.21
237 27 108 292 62 21 -1 -1 -1 -1 label : spot-1 0.13
238 10 530 344 385 78 -1 -1 -1 -1 label : spot-2 0.12
238 27 116 293 63 21 -1 -1 -1 -1 label : spot-1 0.10
239 10 544 343 367 81 -1 -1 -1 -1 label : spot-2 0.23
240 10 544 345 403 84 -1 -1 -1 -1 label : spot-2 0.20
242 10 553 349 413 83 -1 -1 -1 -1 label : spot-2 0.14
243 10 560 350 420 84 -1 -1 -1 -1 label : spot-2 0.10
244 1 595 353 680 147 -1 -1 -1 -1 label : spot-2 0.13
244 10 577 354 419 85 -1 -1 -1 -1 label : spot-2 0.10
245 1 604 354 675 147 -1 -1 -1 -1 label : spot-2 0.17
246 27 171 305 66 19 -1 -1 -1 -1 label : spot-1 0.17
247 27 175 306 71 19 -1 -1 -1 -1 label : spot-1 0.15
248 27 182 307 72 19 -1 -1 -1 -1 label : spot-1 0.12
250 27 189 309 71 17 -1 -1 -1 -1 label : spot-1 0.12
251 27 197 310 71 17 -1 -1 -1 -1 label : spot-1 0.25
252 27 202 307 66 19 -1 -1 -1 -1 label : spot-1 0.14
253 27 206 308 70 18 -1 -1 -1 -1 label : spot-1 0.19
253 30 501 315 36 15 -1 -1 -1 -1 label : spot-1 0.18
254 27 212 307 61 18 -1 -1 -1 -1 label : invalidSpot-entrance 0.12
254 30 507 315 35 15 -1 -1 -1 -1 label : spot-1 0.11
255 27 213 307 72 19 -1 -1 -1 -1 label : spot-1 0.15
255 30 511 315 35 15 -1 -1 -1 -1 label : spot-1 0.15
256 27 216 307 79 18 -1 -1 -1 -1 label : spot-1 0.29
256 30 519 314 36 14 -1 -1 -1 -1 label : spot-1 0.15
257 27 224 305 72 20 -1 -1 -1 -1 label : spot-1 0.18
257 30 525 313 35 14 -1 -1 -1 -1 label : spot-1 0.17
258 27 228 304 73 21 -1 -1 -1 -1 label : spot-1 0.28
259 27 231 304 74 21 -1 -1 -1 -1 label : spot-1 0.20
259 30 536 313 37 15 -1 -1 -1 -1 label : spot-1 0.18
260 27 233 304 77 21 -1 -1 -1 -1 label : spot-1 0.35
260 30 541 312 37 16 -1 -1 -1 -1 label : spot-1 0.15
261 27 238 303 73 21 -1 -1 -1 -1 label : spot-1 0.19
261 30 543 312 43 15 -1 -1 -1 -1 label : spot-1 0.18
261 39 242 282 9 24 -1 -1 -1 -1 label : fireHydrant 0.12
262 27 238 303 81 20 -1 -1 -1 -1 label : spot-1 0.52
262 30 548 312 44 15 -1 -1 -1 -1 label : spot-1 0.10
263 27 240 303 79 21 -1 -1 -1 -1 label : spot-1 0.45
263 30 554 312 37 15 -1 -1 -1 -1 label : spot-1 0.14
263 39 248 280 9 25 -1 -1 -1 -1 label : fireHydrant 0.12
264 27 239 303 83 19 -1 -1 -1 -1 label : invalidSpot-fireHydrant 0.41
264 30 557 311 39 16 -1 -1 -1 -1 label : spot-1 0.17
264 39 250 280 9 24 -1 -1 -1 -1 label : fireHydrant 0.16
265 27 243 303 82 20 -1 -1 -1 -1 label : invalidSpot-fireHydrant 0.51
265 30 560 312 42 16 -1 -1 -1 -1 label : spot-1 0.22
265 39 254 280 9 25 -1 -1 -1 -1 label : fireHydrant 0.13
266 27 247 301 80 20 -1 -1 -1 -1 label : invalidSpot-fireHydrant 0.57
266 30 565 312 41 16 -1 -1 -1 -1 label : spot-1 0.18
266 39 257 278 9 25 -1 -1 -1 -1 label : fireHydrant 0.10
267 27 249 301 81 20 -1 -1 -1 -1 label : invalidSpot-fireHydrant 0.57
267 30 570 311 41 17 -1 -1 -1 -1 label : spot-1 0.16
268 27 253 300 78 20 -1 -1 -1 -1 label : invalidSpot-fireHydrant 0.58
268 39 263 277 10 25 -1 -1 -1 -1 label : fireHydrant 0.20
269 27 253 298 84 20 -1 -1 -1 -1 label : invalidSpot-fireHydrant 0.47
269 39 265 275 10 25 -1 -1 -1 -1 label : fireHydrant 0.19
270 27 252 299 88 19 -1 -1 -1 -1 label : invalidSpot-fireHydrant 0.52
270 39 267 276 10 25 -1 -1 -1 -1 label : fireHydrant 0.18
271 27 253 299 87 19 -1 -1 -1 -1 label : invalidSpot-fireHydrant 0.62
271 39 269 275 10 26 -1 -1 -1 -1 label : fireHydrant 0.19
272 27 254 299 91 19 -1 -1 -1 -1 label : invalidSpot-fireHydrant 0.64
272 30 588 311 45 17 -1 -1 -1 -1 label : spot-1 0.17
272 39 272 275 9 27 -1 -1 -1 -1 label : fireHydrant 0.17
273 27 257 300 89 19 -1 -1 -1 -1 label : invalidSpot-fireHydrant 0.60
273 30 590 313 47 16 -1 -1 -1 -1 label : spot-1 0.18
273 39 273 276 10 27 -1 -1 -1 -1 label : fireHydrant 0.12
274 27 259 300 88 19 -1 -1 -1 -1 label : invalidSpot-fireHydrant 0.59
274 30 594 313 48 16 -1 -1 -1 -1 label : spot-1 0.16
275 27 257 302 89 20 -1 -1 -1 -1 label : invalidSpot-fireHydrant 0.57
275 30 597 316 45 14 -1 -1 -1 -1 label : spot-1 0.22
275 39 275 278 10 26 -1 -1 -1 -1 label : fireHydrant 0.19
276 27 257 303 90 21 -1 -1 -1 -1 label : invalidSpot-fireHydrant 0.54
276 30 599 316 45 14 -1 -1 -1 -1 label : spot-1 0.26
276 39 275 279 10 27 -1 -1 -1 -1 label : fireHydrant 0.11
277 27 255 303 91 22 -1 -1 -1 -1 label : invalidSpot-fireHydrant 0.55
277 30 602 316 45 15 -1 -1 -1 -1 label : spot-1 0.17
277 39 276 278 10 28 -1 -1 -1 -1 label : fireHydrant 0.17
278 27 254 303 97 23 -1 -1 -1 -1 label : invalidSpot-fireHydrant 0.59
278 30 605 316 46 16 -1 -1 -1 -1 label : spot-1 0.41
278 39 276 279 11 28 -1 -1 -1 -1 label : fireHydrant 0.18
279 27 253 303 99 24 -1 -1 -1 -1 label : invalidSpot-fireHydrant 0.58
279 30 608 317 45 16 -1 -1 -1 -1 label : spot-1 0.39
279 39 277 279 11 28 -1 -1 -1 -1 label : fireHydrant 0.18
280 27 252 304 99 23 -1 -1 -1 -1 label : invalidSpot-fireHydrant 0.55
280 30 610 318 44 15 -1 -1 -1 -1 label : spot-1 0.33
280 39 277 279 11 29 -1 -1 -1 -1 label : fireHydrant 0.19
281 27 250 304 100 23 -1 -1 -1 -1 label : invalidSpot-fireHydrant 0.49
281 30 610 319 47 16 -1 -1 -1 -1 label : spot-1 0.19
281 39 276 279 11 29 -1 -1 -1 -1 label : fireHydrant 0.18
282 27 247 303 103 23 -1 -1 -1 -1 label : invalidSpot-fireHydrant 0.58
282 30 610 318 49 17 -1 -1 -1 -1 label : spot-1 0.20
282 39 275 277 11 29 -1 -1 -1 -1 label : fireHydrant 0.14
283 27 249 303 74 24 -1 -1 -1 -1 label : invalidSpot-fireHydrant 0.58
283 30 613 320 47 17 -1 -1 -1 -1 label : spot-1 0.23
283 39 272 277 11 29 -1 -1 -1 -1 label : fireHydrant 0.22
284 27 242 302 78 25 -1 -1 -1 -1 label : invalidSpot-fireHydrant 0.65
284 30 615 320 47 17 -1 -1 -1 -1 label : spot-1 0.22
284 39 271 277 12 28 -1 -1 -1 -1 label : fireHydrant 0.19
285 27 237 302 86 25 -1 -1 -1 -1 label : invalidSpot-fireHydrant 0.67
285 30 615 320 48 18 -1 -1 -1 -1 label : spot-1 0.40
285 39 270 277 11 28 -1 -1 -1 -1 label : fireHydrant 0.31
286 27 234 300 93 28 -1 -1 -1 -1 label : invalidSpot-fireHydrant 0.70
286 30 615 319 50 17 -1 -1 -1 -1 label : spot-1 0.35
286 39 270 276 11 28 -1 -1 -1 -1 label : fireHydrant 0.25
287 27 232 299 95 29 -1 -1 -1 -1 label : invalidSpot-fireHydrant 0.67
287 30 615 318 52 16 -1 -1 -1 -1 label : spot-1 0.31
287 39 268 274 11 28 -1 -1 -1 -1 label : fireHydrant 0.14
288 27 226 297 103 28 -1 -1 -1 -1 label : invalidSpot-fireHydrant 0.66
288 30 618 317 48 17 -1 -1 -1 -1 label : spot-1 0.32
288 39 266 273 11 28 -1 -1 -1 -1 label : fireHydrant 0.28
289 27 222 296 114 27 -1 -1 -1 -1 label : invalidSpot-fireHydrant 0.60
289 30 615 315 53 17 -1 -1 -1 -1 label : spot-1 0.34
289 39 265 272 10 27 -1 -1 -1 -1 label : fireHydrant 0.23
290 27 221 295 114 27 -1 -1 -1 -1 label : invalidSpot-fireHydrant 0.66
290 30 615 314 53 18 -1 -1 -1 -1 label : spot-1 0.56
290 39 261 271 11 28 -1 -1 -1 -1 label : fireHydrant 0.23
291 27 218 294 117 27 -1 -1 -1 -1 label : invalidSpot-fireHydrant 0.64
291 30 614 313 55 19 -1 -1 -1 -1 label : spot-1 0.48
291 39 259 266 11 33 -1 -1 -1 -1 label : fireHydrant 0.24
292 27 210 294 131 26 -1 -1 -1 -1 label : invalidSpot-fireHydrant 0.61
292 30 613 313 57 18 -1 -1 -1 -1 label : spot-1 0.31
292 39 255 267 13 31 -1 -1 -1 -1 label : fireHydrant 0.23
293 27 212 295 127 26 -1 -1 -1 -1 label : invalidSpot-fireHydrant 0.69
293 30 615 315 53 19 -1 -1 -1 -1 label : spot-1 0.41
293 39 252 268 13 32 -1 -1 -1 -1 label : fireHydrant 0.20
294 27 200 296 138 26 -1 -1 -1 -1 label : invalidSpot-fireHydrant 0.60
294 30 613 317 55 19 -1 -1 -1 -1 label : spot-1 0.33
294 39 248 269 12 30 -1 -1 -1 -1 label : fireHydrant 0.21
295 27 196 296 135 27 -1 -1 -1 -1 label : invalidSpot-fireHydrant 0.66
295 30 615 318 53 19 -1 -1 -1 -1 label : spot-1 0.25
295 39 245 271 12 29 -1 -1 -1 -1 label : fireHydrant 0.25
296 27 187 298 128 31 -1 -1 -1 -1 label : invalidSpot-fireHydrant 0.67
296 30 614 320 53 20 -1 -1 -1 -1 label : spot-1 0.38
296 39 240 272 12 30 -1 -1 -1 -1 label : fireHydrant 0.37
296 52 998 408 278 82 -1 -1 -1 -1 label : spot-1 0.21
297 27 180 300 132 31 -1 -1 -1 -1 label : invalidSpot-fireHydrant 0.69
297 30 613 320 55 22 -1 -1 -1 -1 label : spot-1 0.41
297 39 237 274 13 30 -1 -1 -1 -1 label : fireHydrant 0.36
297 52 1008 409 267 84 -1 -1 -1 -1 label : spot-1 0.30
298 27 175 301 137 29 -1 -1 -1 -1 label : invalidSpot-fireHydrant 0.71
298 30 611 321 59 22 -1 -1 -1 -1 label : spot-1 0.43
298 39 234 274 13 30 -1 -1 -1 -1 label : fireHydrant 0.33
298 52 1019 409 256 88 -1 -1 -1 -1 label : spot-1 0.24
299 27 165 303 139 28 -1 -1 -1 -1 label : invalidSpot-fireHydrant 0.65
299 30 611 322 58 24 -1 -1 -1 -1 label : spot-1 0.39
299 39 232 276 11 30 -1 -1 -1 -1 label : fireHydrant 0.29
299 52 1030 412 245 91 -1 -1 -1 -1 label : spot-1 0.21
300 27 162 303 139 29 -1 -1 -1 -1 label : invalidSpot-fireHydrant 0.72
300 30 611 323 59 24 -1 -1 -1 -1 label : spot-1 0.38
300 39 229 276 12 30 -1 -1 -1 -1 label : fireHydrant 0.37
300 52 1030 420 248 92 -1 -1 -1 -1 label : spot-1 0.18
301 27 154 303 137 30 -1 -1 -1 -1 label : invalidSpot-fireHydrant 0.71
301 30 608 325 61 25 -1 -1 -1 -1 label : spot-1 0.34
301 39 224 276 13 31 -1 -1 -1 -1 label : fireHydrant 0.33
301 52 1034 423 243 92 -1 -1 -1 -1 label : spot-1 0.12
302 27 155 304 142 30 -1 -1 -1 -1 label : invalidSpot-fireHydrant 0.68
302 30 605 326 64 26 -1 -1 -1 -1 label : spot-1 0.37
302 39 219 276 13 32 -1 -1 -1 -1 label : fireHydrant 0.36
302 52 1038 426 238 94 -1 -1 -1 -1 label : spot-1 0.23
303 27 139 305 167 29 -1 -1 -1 -1 label : invalidSpot-fireHydrant 0.56
303 30 602 327 66 27 -1 -1 -1 -1 label : spot-1 0.38
303 39 215 277 13 32 -1 -1 -1 -1 label : fireHydrant 0.38
303 52 1059 428 217 95 -1 -1 -1 -1 label : spot-1 0.27
304 27 144 305 142 31 -1 -1 -1 -1 label : invalidSpot-fireHydrant 0.66
304 30 601 327 67 27 -1 -1 -1 -1 label : spot-1 0.39
304 39 212 278 13 31 -1 -1 -1 -1 label : fireHydrant 0.32
304 52 1072 427 204 98 -1 -1 -1 -1 label : spot-1 0.26
305 27 143 305 139 32 -1 -1 -1 -1 label : invalidSpot-fireHydrant 0.67
305 30 600 328 70 26 -1 -1 -1 -1 label : spot-1 0.38
305 39 208 278 12 32 -1 -1 -1 -1 label : fireHydrant 0.36
305 52 1086 427 190 106 -1 -1 -1 -1 label : spot-1 0.31
306 27 140 306 143 32 -1 -1 -1 -1 label : invalidSpot-fireHydrant 0.67
306 30 600 329 70 26 -1 -1 -1 -1 label : spot-1 0.42
306 39 204 279 13 32 -1 -1 -1 -1 label : fireHydrant 0.41
306 52 1091 427 188 104 -1 -1 -1 -1 label : spot-1 0.31
307 27 119 308 165 32 -1 -1 -1 -1 label : invalidSpot-fireHydrant 0.76
307 30 600 330 70 26 -1 -1 -1 -1 label : spot-1 0.41
307 39 200 281 13 32 -1 -1 -1 -1 label : fireHydrant 0.24
307 52 1105 430 174 102 -1 -1 -1 -1 label : spot-1 0.24
308 27 129 309 140 30 -1 -1 -1 -1 label : invalidSpot-fireHydrant 0.72
308 30 601 331 68 26 -1 -1 -1 -1 label : spot-1 0.43
308 39 196 281 13 33 -1 -1 -1 -1 label : fireHydrant 0.26
308 52 1111 432 168 95 -1 -1 -1 -1 label : spot-1 0.20
309 27 126 310 143 31 -1 -1 -1 -1 label : invalidSpot-fireHydrant 0.69
309 30 600 332 69 26 -1 -1 -1 -1 label : spot-1 0.43
309 39 191 282 13 32 -1 -1 -1 -1 label : fireHydrant 0.21
309 52 1131 434 147 94 -1 -1 -1 -1 label : spot-1 0.14
310 27 82 311 176 41 -1 -1 -1 -1 label : spot-2 0.55
310 30 598 334 71 25 -1 -1 -1 -1 label : spot-1 0.43
310 39 186 283 13 32 -1 -1 -1 -1 label : fireHydrant 0.29
310 52 1138 436 141 89 -1 -1 -1 -1 label : spot-1 0.21
311 27 56 312 206 46 -1 -1 -1 -1 label : spot-2 0.68
311 30 596 336 71 25 -1 -1 -1 -1 label : spot-1 0.47
311 39 181 283 12 33 -1 -1 -1 -1 label : fireHydrant 0.27
311 52 1149 438 130 85 -1 -1 -1 -1 label : spot-1 0.18
312 27 34 313 236 47 -1 -1 -1 -1 label : spot-2 0.64
312 30 595 337 71 25 -1 -1 -1 -1 label : spot-1 0.50
312 39 175 284 13 32 -1 -1 -1 -1 label : fireHydrant 0.17
312 52 1168 442 109 88 -1 -1 -1 -1 label : spot-1 0.16
313 27 22 313 249 49 -1 -1 -1 -1 label : spot-2 0.66
313 30 594 338 71 26 -1 -1 -1 -1 label : spot-1 0.52
313 39 171 284 14 33 -1 -1 -1 -1 label : fireHydrant 0.20
313 52 1177 443 102 83 -1 -1 -1 -1 label : spot-1 0.16
313 57 115 313 133 35 -1 -1 -1 -1 label : invalidSpot-fireHydrant 0.15
314 27 10 314 255 48 -1 -1 -1 -1 label : spot-2 0.73
314 30 593 338 72 26 -1 -1 -1 -1 label : spot-1 0.51
314 39 167 285 14 33 -1 -1 -1 -1 label : fireHydrant 0.18
314 52 1186 445 93 82 -1 -1 -1 -1 label : spot-1 0.12
315 27 8 315 233 53 -1 -1 -1 -1 label : spot-2 0.63
315 30 593 338 71 27 -1 -1 -1 -1 label : spot-1 0.50
315 39 163 286 12 31 -1 -1 -1 -1 label : fireHydrant 0.27
315 52 1205 442 74 70 -1 -1 -1 -1 label : spot-1 0.13
315 57 100 317 141 33 -1 -1 -1 -1 label : invalidSpot-fireHydrant 0.10
316 27 0 315 241 56 -1 -1 -1 -1 label : spot-2 0.60
316 30 591 338 73 27 -1 -1 -1 -1 label : spot-1 0.49
316 39 156 286 15 32 -1 -1 -1 -1 label : fireHydrant 0.29
317 27 0 315 231 57 -1 -1 -1 -1 label : spot-2 0.67
317 30 590 337 77 26 -1 -1 -1 -1 label : spot-1 0.50
317 39 152 285 14 34 -1 -1 -1 -1 label : fireHydrant 0.19
317 57 112 317 120 31 -1 -1 -1 -1 label : invalidSpot-fireHydrant 0.12
318 27 0 315 226 60 -1 -1 -1 -1 label : spot-2 0.70
318 30 591 336 77 26 -1 -1 -1 -1 label : spot-1 0.54
318 39 147 284 14 34 -1 -1 -1 -1 label : fireHydrant 0.16
319 30 591 334 79 28 -1 -1 -1 -1 label : spot-1 0.68
319 39 142 284 15 35 -1 -1 -1 -1 label : fireHydrant 0.54
319 57 60 316 181 32 -1 -1 -1 -1 label : invalidSpot-fireHydrant 0.18
320 30 588 333 84 27 -1 -1 -1 -1 label : spot-1 0.66
320 39 137 284 15 35 -1 -1 -1 -1 label : fireHydrant 0.49
320 57 25 315 220 37 -1 -1 -1 -1 label : invalidSpot-fireHydrant 0.18
321 30 589 334 82 28 -1 -1 -1 -1 label : spot-1 0.69
321 39 130 285 15 36 -1 -1 -1 -1 label : fireHydrant 0.51
321 57 23 317 211 37 -1 -1 -1 -1 label : invalidSpot-fireHydrant 0.24
322 30 587 332 86 29 -1 -1 -1 -1 label : spot-1 0.70
322 39 127 283 15 36 -1 -1 -1 -1 label : fireHydrant 0.47
322 57 37 315 193 36 -1 -1 -1 -1 label : invalidSpot-fireHydrant 0.29
323 30 584 332 89 29 -1 -1 -1 -1 label : spot-1 0.71
323 39 120 284 15 36 -1 -1 -1 -1 label : fireHydrant 0.49
323 57 41 315 179 35 -1 -1 -1 -1 label : invalidSpot-fireHydrant 0.25
324 30 584 331 89 31 -1 -1 -1 -1 label : spot-1 0.70
324 39 116 282 14 37 -1 -1 -1 -1 label : fireHydrant 0.48
324 57 41 316 175 34 -1 -1 -1 -1 label : invalidSpot-fireHydrant 0.29
325 30 584 332 88 31 -1 -1 -1 -1 label : spot-1 0.65
325 39 107 282 17 39 -1 -1 -1 -1 label : fireHydrant 0.51
325 57 23 316 187 38 -1 -1 -1 -1 label : invalidSpot-fireHydrant 0.31
326 30 583 332 90 31 -1 -1 -1 -1 label : spot-1 0.71
326 39 102 282 15 39 -1 -1 -1 -1 label : fireHydrant 0.51
326 57 13 316 193 38 -1 -1 -1 -1 label : invalidSpot-fireHydrant 0.29
327 30 584 332 91 32 -1 -1 -1 -1 label : spot-1 0.66
327 39 95 282 17 39 -1 -1 -1 -1 label : fireHydrant 0.53
327 57 9 317 192 39 -1 -1 -1 -1 label : invalidSpot-fireHydrant 0.29
328 30 583 333 93 32 -1 -1 -1 -1 label : spot-1 0.67
328 39 89 282 18 40 -1 -1 -1 -1 label : fireHydrant 0.57
328 57 6 318 191 39 -1 -1 -1 -1 label : invalidSpot-fireHydrant 0.24
329 30 582 334 95 32 -1 -1 -1 -1 label : spot-1 0.67
329 39 85 283 16 40 -1 -1 -1 -1 label : fireHydrant 0.55
329 57 7 319 179 40 -1 -1 -1 -1 label : invalidSpot-fireHydrant 0.26
330 30 580 334 97 33 -1 -1 -1 -1 label : spot-1 0.56
330 39 79 283 17 42 -1 -1 -1 -1 label : fireHydrant 0.54
330 57 4 320 179 40 -1 -1 -1 -1 label : invalidSpot-fireHydrant 0.27
331 30 579 335 99 31 -1 -1 -1 -1 label : spot-1 0.60
331 39 73 283 17 42 -1 -1 -1 -1 label : fireHydrant 0.55
331 57 1 321 183 39 -1 -1 -1 -1 label : invalidSpot-fireHydrant 0.27
332 30 578 333 101 32 -1 -1 -1 -1 label : spot-1 0.53
332 39 67 283 17 42 -1 -1 -1 -1 label : fireHydrant 0.51
332 57 7 319 145 39 -1 -1 -1 -1 label : invalidSpot-fireHydrant 0.19
333 30 578 331 102 32 -1 -1 -1 -1 label : spot-1 0.59
333 39 63 281 18 43 -1 -1 -1 -1 label : fireHydrant 0.51
333 57 2 318 161 41 -1 -1 -1 -1 label : invalidSpot-fireHydrant 0.29
334 30 577 331 104 32 -1 -1 -1 -1 label : spot-1 0.61
334 39 54 281 18 44 -1 -1 -1 -1 label : fireHydrant 0.52
334 57 1 320 167 42 -1 -1 -1 -1 label : invalidSpot-fireHydrant 0.28
335 30 577 329 106 32 -1 -1 -1 -1 label : spot-1 0.68
335 39 44 280 20 44 -1 -1 -1 -1 label : fireHydrant 0.47
335 57 0 319 160 41 -1 -1 -1 -1 label : invalidSpot-fireHydrant 0.32
336 30 577 327 108 32 -1 -1 -1 -1 label : spot-1 0.69
336 39 40 280 20 43 -1 -1 -1 -1 label : fireHydrant 0.49
336 57 1 318 155 43 -1 -1 -1 -1 label : invalidSpot-fireHydrant 0.33
337 30 578 328 110 33 -1 -1 -1 -1 label : spot-1 0.69
337 39 35 279 17 44 -1 -1 -1 -1 label : fireHydrant 0.54
337 57 1 318 129 38 -1 -1 -1 -1 label : invalidSpot-fireHydrant 0.27
338 30 580 327 110 35 -1 -1 -1 -1 label : spot-1 0.70
338 39 28 278 19 46 -1 -1 -1 -1 label : fireHydrant 0.54
338 57 0 318 146 40 -1 -1 -1 -1 label : invalidSpot-fireHydrant 0.25
339 30 584 328 109 34 -1 -1 -1 -1 label : spot-1 0.61
339 39 23 280 19 45 -1 -1 -1 -1 label : fireHydrant 0.52
339 57 0 318 146 42 -1 -1 -1 -1 label : invalidSpot-fireHydrant 0.20
340 27 0 323 163 53 -1 -1 -1 -1 label : invalidSpot-fireHydrant 0.60
340 30 587 330 110 33 -1 -1 -1 -1 label : spot-1 0.59
340 39 17 280 19 46 -1 -1 -1 -1 label : fireHydrant 0.27
340 57 1 318 126 40 -1 -1 -1 -1 label : invalidSpot-fireHydrant 0.14
341 27 0 324 160 52 -1 -1 -1 -1 label : invalidSpot-fireHydrant 0.71
341 30 589 331 109 33 -1 -1 -1 -1 label : spot-1 0.61
341 39 11 280 20 46 -1 -1 -1 -1 label : fireHydrant 0.17
342 30 589 331 114 34 -1 -1 -1 -1 label : spot-1 0.65
342 39 6 280 19 47 -1 -1 -1 -1 label : fireHydrant 0.58
342 57 4 321 112 42 -1 -1 -1 -1 label : invalidSpot-fireHydrant 0.16
343 30 588 332 119 35 -1 -1 -1 -1 label : spot-1 0.58
343 39 3 281 17 45 -1 -1 -1 -1 label : fireHydrant 0.43
344 30 584 333 127 35 -1 -1 -1 -1 label : spot-1 0.54
344 39 0 281 12 46 -1 -1 -1 -1 label : fireHydrant 0.39
345 30 584 334 129 35 -1 -1 -1 -1 label : spot-1 0.55
345 39 0 284 10 45 -1 -1 -1 -1 label : fireHydrant 0.50
345 57 0 322 98 43 -1 -1 -1 -1 label : invalidSpot-fireHydrant 0.12
346 30 584 335 133 35 -1 -1 -1 -1 label : spot-1 0.52
347 30 587 334 130 37 -1 -1 -1 -1 label : spot-1 0.54
348 30 585 333 138 38 -1 -1 -1 -1 label : spot-1 0.52
349 30 588 333 138 39 -1 -1 -1 -1 label : spot-1 0.54
350 30 588 333 145 39 -1 -1 -1 -1 label : spot-1 0.56
351 30 589 333 149 39 -1 -1 -1 -1 label : spot-1 0.58
352 30 594 333 146 39 -1 -1 -1 -1 label : spot-1 0.59
353 30 593 332 153 40 -1 -1 -1 -1 label : spot-1 0.50
354 30 593 332 156 40 -1 -1 -1 -1 label : spot-1 0.54
355 30 594 332 158 42 -1 -1 -1 -1 label : spot-1 0.56
356 30 598 332 158 44 -1 -1 -1 -1 label : spot-1 0.55
357 30 597 332 167 47 -1 -1 -1 -1 label : spot-1 0.49
358 30 596 334 175 45 -1 -1 -1 -1 label : spot-1 0.52
359 30 597 334 180 46 -1 -1 -1 -1 label : spot-1 0.38
360 30 599 336 183 45 -1 -1 -1 -1 label : spot-1 0.38
361 30 598 338 191 44 -1 -1 -1 -1 label : spot-1 0.50
362 30 598 339 198 44 -1 -1 -1 -1 label : spot-1 0.41
363 30 606 341 192 47 -1 -1 -1 -1 label : spot-1 0.45
364 30 609 342 196 51 -1 -1 -1 -1 label : spot-1 0.53
365 30 609 343 205 54 -1 -1 -1 -1 label : spot-1 0.59
366 30 609 344 214 55 -1 -1 -1 -1 label : spot-1 0.56
367 30 608 345 225 55 -1 -1 -1 -1 label : spot-1 0.56
368 30 609 346 231 54 -1 -1 -1 -1 label : spot-1 0.37
369 30 611 345 237 56 -1 -1 -1 -1 label : spot-1 0.51
370 30 613 345 242 58 -1 -1 -1 -1 label : spot-1 0.42
371 30 623 346 239 61 -1 -1 -1 -1 label : spot-1 0.47
372 30 624 346 247 65 -1 -1 -1 -1 label : spot-1 0.45
373 30 620 346 268 63 -1 -1 -1 -1 label : spot-1 0.33
374 30 629 345 264 67 -1 -1 -1 -1 label : spot-1 0.33
375 30 626 344 278 66 -1 -1 -1 -1 label : spot-1 0.24
376 30 626 343 293 68 -1 -1 -1 -1 label : spot-2 0.41
377 30 628 341 305 69 -1 -1 -1 -1 label : spot-2 0.40
378 30 631 341 315 70 -1 -1 -1 -1 label : spot-2 0.36
379 30 634 340 325 71 -1 -1 -1 -1 label : spot-2 0.23
380 30 650 341 315 74 -1 -1 -1 -1 label : spot-2 0.29
381 30 647 342 343 76 -1 -1 -1 -1 label : spot-2 0.49
381 65 745 303 12 33 -1 -1 -1 -1 label : fireHydrant 0.14
382 30 636 342 370 74 -1 -1 -1 -1 label : spot-2 0.44
382 65 747 300 11 37 -1 -1 -1 -1 label : fireHydrant 0.14
383 30 637 342 381 76 -1 -1 -1 -1 label : spot-2 0.35
384 30 643 341 387 82 -1 -1 -1 -1 label : spot-2 0.45
384 65 750 297 12 38 -1 -1 -1 -1 label : fireHydrant 0.15
385 30 664 342 373 95 -1 -1 -1 -1 label : spot-2 0.27
385 65 752 297 12 36 -1 -1 -1 -1 label : fireHydrant 0.15
386 30 671 345 405 101 -1 -1 -1 -1 label : spot-2 0.31
386 65 753 297 13 37 -1 -1 -1 -1 label : fireHydrant 0.15
387 30 649 343 448 102 -1 -1 -1 -1 label : spot-2 0.15
387 65 755 296 13 38 -1 -1 -1 -1 label : fireHydrant 0.10
389 30 641 347 474 96 -1 -1 -1 -1 label : spot-2 0.26
389 65 760 299 12 33 -1 -1 -1 -1 label : fireHydrant 0.11
390 30 640 347 492 99 -1 -1 -1 -1 label : spot-2 0.41
391 65 764 304 11 30 -1 -1 -1 -1 label : fireHydrant 0.46
392 65 766 306 11 27 -1 -1 -1 -1 label : fireHydrant 0.24
393 65 768 306 10 27 -1 -1 -1 -1 label : fireHydrant 0.14
394 65 771 307 8 29 -1 -1 -1 -1 label : fireHydrant 0.15
394 68 203 294 82 19 -1 -1 -1 -1 label : spot-1 0.14
395 65 773 307 8 29 -1 -1 -1 -1 label : fireHydrant 0.14
396 30 662 358 381 84 -1 -1 -1 -1 label : spot-2 0.11
397 30 662 359 384 84 -1 -1 -1 -1 label : spot-2 0.11
398 65 774 310 14 39 -1 -1 -1 -1 label : fireHydrant 0.30
398 68 195 296 93 19 -1 -1 -1 -1 label : spot-1 0.11
399 65 775 311 14 39 -1 -1 -1 -1 label : fireHydrant 0.16
400 65 776 313 15 41 -1 -1 -1 -1 label : fireHydrant 0.25
401 30 673 360 414 110 -1 -1 -1 -1 label : spot-2 0.11
402 30 665 365 538 123 -1 -1 -1 -1 label : spot-2 0.11
405 30 674 366 549 127 -1 -1 -1 -1 label : spot-2 0.14
405 68 176 293 103 21 -1 -1 -1 -1 label : spot-1 0.12
406 30 682 368 533 125 -1 -1 -1 -1 label : spot-2 0.23
406 65 790 314 15 40 -1 -1 -1 -1 label : fireHydrant 0.11
406 68 171 293 109 20 -1 -1 -1 -1 label : spot-1 0.10
407 30 682 369 549 128 -1 -1 -1 -1 label : spot-2 0.25
408 65 796 314 13 43 -1 -1 -1 -1 label : fireHydrant 0.25
409 65 799 312 14 48 -1 -1 -1 -1 label : fireHydrant 0.14
410 30 693 373 543 125 -1 -1 -1 -1 label : spot-2 0.24
410 65 800 313 15 49 -1 -1 -1 -1 label : fireHydrant 0.15
411 30 695 375 572 126 -1 -1 -1 -1 label : spot-2 0.36
411 65 802 314 15 50 -1 -1 -1 -1 label : fireHydrant 0.17
412 30 702 377 570 129 -1 -1 -1 -1 label : spot-2 0.14
412 65 805 314 15 51 -1 -1 -1 -1 label : fireHydrant 0.13
413 30 716 377 560 133 -1 -1 -1 -1 label : spot-2 0.12
418 68 142 295 123 24 -1 -1 -1 -1 label : spot-2 0.11
419 30 755 383 524 133 -1 -1 -1 -1 label : spot-2 0.23
419 68 135 296 128 25 -1 -1 -1 -1 label : spot-2 0.13
420 30 762 385 517 134 -1 -1 -1 -1 label : spot-2 0.10
421 68 127 296 138 25 -1 -1 -1 -1 label : spot-2 0.12
422 68 202 279 9 24 -1 -1 -1 -1 label : fireHydrant 0.16
425 68 201 275 9 24 -1 -1 -1 -1 label : fireHydrant 0.17
426 68 201 273 8 24 -1 -1 -1 -1 label : fireHydrant 0.28
427 68 200 273 8 25 -1 -1 -1 -1 label : fireHydrant 0.19
428 68 199 272 8 26 -1 -1 -1 -1 label : fireHydrant 0.13
429 68 197 272 9 27 -1 -1 -1 -1 label : fireHydrant 0.19
431 68 195 272 9 28 -1 -1 -1 -1 label : fireHydrant 0.15
432 68 194 271 9 28 -1 -1 -1 -1 label : fireHydrant 0.23
433 68 193 270 8 29 -1 -1 -1 -1 label : fireHydrant 0.34
434 65 112 280 10 29 -1 -1 -1 -1 label : fireHydrant 0.42
435 65 98 278 9 28 -1 -1 -1 -1 label : fireHydrant 0.21
436 65 94 278 10 26 -1 -1 -1 -1 label : fireHydrant 0.27
440 73 1009 415 239 96 -1 -1 -1 -1 label : spot-1 0.17
443 68 58 301 84 26 -1 -1 -1 -1 label : invalidSpot-entrance 0.10
445 68 49 302 81 26 -1 -1 -1 -1 label : invalidSpot-entrance 0.12
456 65 15 279 10 34 -1 -1 -1 -1 label : fireHydrant 0.12
466 68 1 308 67 33 -1 -1 -1 -1 label : invalidSpot-entrance 0.11
468 68 0 307 61 33 -1 -1 -1 -1 label : invalidSpot-entrance 0.11
469 68 0 309 54 33 -1 -1 -1 -1 label : invalidSpot-entrance 0.17
471 78 554 321 75 37 -1 -1 -1 -1 label : spot-1 0.18
472 78 555 322 77 38 -1 -1 -1 -1 label : spot-1 0.23
473 78 555 323 81 39 -1 -1 -1 -1 label : spot-1 0.23
474 78 558 325 82 39 -1 -1 -1 -1 label : spot-1 0.18
475 78 560 327 83 39 -1 -1 -1 -1 label : spot-1 0.24
476 78 562 328 85 40 -1 -1 -1 -1 label : spot-1 0.21
477 78 564 330 88 37 -1 -1 -1 -1 label : spot-1 0.19
478 78 566 331 90 38 -1 -1 -1 -1 label : spot-1 0.27
479 78 567 331 91 39 -1 -1 -1 -1 label : spot-1 0.34
480 78 569 331 94 41 -1 -1 -1 -1 label : spot-1 0.35
480 81 3 310 163 45 -1 -1 -1 -1 label : spot-2 0.15
481 78 570 332 97 41 -1 -1 -1 -1 label : spot-1 0.29
481 81 0 308 161 42 -1 -1 -1 -1 label : invalidspot-coloredCurb 0.18
482 78 573 333 97 41 -1 -1 -1 -1 label : spot-1 0.27
482 81 1 310 158 46 -1 -1 -1 -1 label : spot-2 0.20
483 78 575 333 100 43 -1 -1 -1 -1 label : spot-1 0.36
483 81 0 311 163 48 -1 -1 -1 -1 label : spot-2 0.18
484 78 576 332 106 44 -1 -1 -1 -1 label : spot-1 0.28
484 81 0 311 166 48 -1 -1 -1 -1 label : spot-2 0.12
485 78 578 333 110 40 -1 -1 -1 -1 label : spot-1 0.14
485 81 0 310 161 50 -1 -1 -1 -1 label : spot-2 0.13
486 78 580 333 112 40 -1 -1 -1 -1 label : spot-1 0.12
487 81 0 310 163 51 -1 -1 -1 -1 label : spot-2 0.15
488 81 0 310 167 51 -1 -1 -1 -1 label : spot-2 0.15
489 81 0 310 165 52 -1 -1 -1 -1 label : spot-2 0.19
490 81 0 311 159 51 -1 -1 -1 -1 label : spot-2 0.17
490 85 615 343 102 20 -1 -1 -1 -1 label : invalidSpot-entrance 0.16
491 81 0 310 161 53 -1 -1 -1 -1 label : spot-2 0.30
491 85 603 343 125 23 -1 -1 -1 -1 label : invalidSpot-entrance 0.18
491 86 0 305 119 40 -1 -1 -1 -1 label : spot-2 0.11
492 81 0 310 163 54 -1 -1 -1 -1 label : spot-2 0.34
492 85 610 343 120 24 -1 -1 -1 -1 label : invalidSpot-entrance 0.20
493 81 0 310 160 53 -1 -1 -1 -1 label : spot-2 0.44
493 85 616 348 121 25 -1 -1 -1 -1 label : invalidSpot-entrance 0.16
494 81 0 310 155 54 -1 -1 -1 -1 label : spot-2 0.42
494 85 618 349 128 26 -1 -1 -1 -1 label : invalidSpot-entrance 0.18
494 86 0 311 145 39 -1 -1 -1 -1 label : spot-1 0.16
495 81 0 311 152 54 -1 -1 -1 -1 label : spot-2 0.45
495 85 626 351 128 26 -1 -1 -1 -1 label : invalidSpot-entrance 0.18
495 86 0 312 148 39 -1 -1 -1 -1 label : spot-1 0.17
496 81 0 310 150 55 -1 -1 -1 -1 label : spot-2 0.50
496 85 627 352 132 29 -1 -1 -1 -1 label : invalidSpot-entrance 0.28
496 90 708 348 50 34 -1 -1 -1 -1 label : invalidSpot-entrance 0.21
497 81 0 310 142 54 -1 -1 -1 -1 label : spot-2 0.48
497 85 627 353 144 31 -1 -1 -1 -1 label : invalidSpot-entrance 0.18
497 86 0 311 145 36 -1 -1 -1 -1 label : spot-1 0.18
497 90 712 349 58 34 -1 -1 -1 -1 label : invalidSpot-entrance 0.13
498 81 0 311 145 53 -1 -1 -1 -1 label : spot-2 0.40
498 85 624 354 156 31 -1 -1 -1 -1 label : invalidSpot-entrance 0.22
498 86 2 312 144 36 -1 -1 -1 -1 label : spot-1 0.17
499 81 0 312 141 53 -1 -1 -1 -1 label : spot-2 0.45
499 85 630 355 155 32 -1 -1 -1 -1 label : invalidSpot-entrance 0.30
499 90 719 353 65 36 -1 -1 -1 -1 label : invalidSpot-entrance 0.12
500 81 0 313 142 54 -1 -1 -1 -1 label : spot-2 0.42
500 85 631 358 166 31 -1 -1 -1 -1 label : invalidSpot-entrance 0.33
500 90 715 356 79 36 -1 -1 -1 -1 label : invalidSpot-entrance 0.12
501 81 0 315 141 53 -1 -1 -1 -1 label : spot-2 0.49
501 85 638 359 161 35 -1 -1 -1 -1 label : invalidSpot-entrance 0.29
501 86 1 317 136 39 -1 -1 -1 -1 label : spot-1 0.19
501 90 731 358 68 39 -1 -1 -1 -1 label : invalidSpot-entrance 0.17
502 81 0 316 142 51 -1 -1 -1 -1 label : spot-2 0.53
502 85 638 362 172 37 -1 -1 -1 -1 label : invalidSpot-entrance 0.29
502 86 0 318 136 39 -1 -1 -1 -1 label : spot-1 0.24
502 90 737 361 73 42 -1 -1 -1 -1 label : invalidSpot-entrance 0.13
503 81 3 320 108 48 -1 -1 -1 -1 label : spot-1 0.47
503 85 635 365 188 41 -1 -1 -1 -1 label : invalidSpot-entrance 0.28
503 86 0 319 136 39 -1 -1 -1 -1 label : spot-1 0.21
503 90 743 365 78 45 -1 -1 -1 -1 label : invalidSpot-entrance 0.14
503 92 509 298 8 18 -1 -1 -1 -1 label : fireHydrant 0.10
504 81 0 322 99 44 -1 -1 -1 -1 label : spot-1 0.48
504 85 648 368 184 43 -1 -1 -1 -1 label : invalidSpot-entrance 0.33
504 90 744 368 93 45 -1 -1 -1 -1 label : invalidSpot-entrance 0.12
505 81 0 323 97 44 -1 -1 -1 -1 label : spot-1 0.48
505 85 652 369 191 46 -1 -1 -1 -1 label : invalidSpot-entrance 0.18
505 90 739 372 110 45 -1 -1 -1 -1 label : invalidSpot-entrance 0.13
506 81 0 324 98 43 -1 -1 -1 -1 label : spot-1 0.51
506 85 648 371 211 50 -1 -1 -1 -1 label : invalidSpot-entrance 0.29
506 90 752 371 103 57 -1 -1 -1 -1 label : invalidSpot-entrance 0.15
507 81 0 325 98 41 -1 -1 -1 -1 label : spot-1 0.60
507 85 656 375 218 52 -1 -1 -1 -1 label : invalidSpot-entrance 0.29
507 90 755 373 117 61 -1 -1 -1 -1 label : invalidSpot-entrance 0.16
508 81 1 326 89 42 -1 -1 -1 -1 label : spot-1 0.68
508 85 659 377 230 54 -1 -1 -1 -1 label : invalidSpot-entrance 0.20
508 90 762 374 125 66 -1 -1 -1 -1 label : invalidSpot-entrance 0.12
509 81 1 325 88 45 -1 -1 -1 -1 label : spot-1 0.59
509 85 671 377 232 57 -1 -1 -1 -1 label : invalidSpot-entrance 0.11
509 90 773 374 127 77 -1 -1 -1 -1 label : invalidSpot-entrance 0.11
509 92 510 299 9 20 -1 -1 -1 -1 label : fireHydrant 0.10
510 81 1 325 85 46 -1 -1 -1 -1 label : spot-1 0.54
510 85 678 379 242 61 -1 -1 -1 -1 label : invalidSpot-entrance 0.22
511 85 669 382 282 63 -1 -1 -1 -1 label : invalidSpot-entrance 0.63
511 90 782 376 163 83 -1 -1 -1 -1 label : invalidSpot-entrance 0.14
511 92 511 299 8 20 -1 -1 -1 -1 label : fireHydrant 0.13
512 85 686 382 276 69 -1 -1 -1 -1 label : invalidSpot-entrance 0.58
512 90 787 378 172 86 -1 -1 -1 -1 label : invalidSpot-entrance 0.12
513 85 680 382 309 77 -1 -1 -1 -1 label : invalidSpot-entrance 0.52
514 85 683 381 331 83 -1 -1 -1 -1 label : invalidSpot-entrance 0.61
515 85 685 385 358 88 -1 -1 -1 -1 label : invalidSpot-entrance 0.61
516 85 695 387 382 96 -1 -1 -1 -1 label : invalidSpot-entrance 0.60
517 85 696 388 414 102 -1 -1 -1 -1 label : invalidSpot-entrance 0.53
518 85 694 390 445 105 -1 -1 -1 -1 label : invalidSpot-entrance 0.41
519 85 692 393 476 102 -1 -1 -1 -1 label : invalidSpot-entrance 0.18
520 85 702 398 468 99 -1 -1 -1 -1 label : invalidSpot-entrance 0.27
521 85 703 402 472 95 -1 -1 -1 -1 label : invalidSpot-entrance 0.26
522 85 710 404 520 101 -1 -1 -1 -1 label : invalidSpot-entrance 0.28
522 92 495 285 10 25 -1 -1 -1 -1 label : fireHydrant 0.16
523 85 718 406 537 100 -1 -1 -1 -1 label : invalidSpot-entrance 0.25
524 85 742 409 508 103 -1 -1 -1 -1 label : invalidSpot-entrance 0.37
524 92 503 287 10 25 -1 -1 -1 -1 label : fireHydrant 0.12
525 85 747 411 524 105 -1 -1 -1 -1 label : invalidSpot-entrance 0.15
526 85 770 419 480 95 -1 -1 -1 -1 label : invalidSpot-entrance 0.17
527 85 777 422 490 96 -1 -1 -1 -1 label : invalidSpot-entrance 0.14
529 85 860 424 402 100 -1 -1 -1 -1 label : invalidSpot-entrance 0.14
530 85 874 427 400 99 -1 -1 -1 -1 label : invalidSpot-entrance 0.14
530 90 763 392 200 85 -1 -1 -1 -1 label : spot-1 0.13
532 90 833 398 150 86 -1 -1 -1 -1 label : spot-1 0.13
533 90 856 402 145 85 -1 -1 -1 -1 label : spot-1 0.10
534 90 839 408 188 82 -1 -1 -1 -1 label : spot-1 0.18
535 90 806 411 245 81 -1 -1 -1 -1 label : spot-1 0.11
536 90 894 416 155 82 -1 -1 -1 -1 label : invalidspot-coloredCurb 0.19
537 90 825 421 268 81 -1 -1 -1 -1 label : spot-1 0.21
538 90 823 424 286 81 -1 -1 -1 -1 label : spot-1 0.26
539 90 865 425 256 100 -1 -1 -1 -1 label : spot-1 0.18
540 90 928 422 231 111 -1 -1 -1 -1 label : spot-1 0.10
549 92 520 297 9 24 -1 -1 -1 -1 label : fireHydrant 0.18
560 92 563 301 10 29 -1 -1 -1 -1 label : fireHydrant 0.13
561 92 570 301 11 31 -1 -1 -1 -1 label : fireHydrant 0.30
562 92 573 303 10 30 -1 -1 -1 -1 label : fireHydrant 0.32
563 92 575 302 10 30 -1 -1 -1 -1 label : fireHydrant 0.19
564 92 575 302 11 31 -1 -1 -1 -1 label : fireHydrant 0.17
565 92 575 302 10 31 -1 -1 -1 -1 label : fireHydrant 0.17
611 104 487 312 65 21 -1 -1 -1 -1 label : spot-1 0.19
611 105 689 348 78 48 -1 -1 -1 -1 label : invalidspot-coloredCurb 0.15
611 106 586 296 15 46 -1 -1 -1 -1 label : fireHydrant 0.14
612 104 487 313 64 20 -1 -1 -1 -1 label : spot-1 0.28
612 105 694 350 80 50 -1 -1 -1 -1 label : invalidspot-coloredCurb 0.13
613 105 696 350 83 52 -1 -1 -1 -1 label : invalidspot-coloredCurb 0.33
614 105 697 351 89 50 -1 -1 -1 -1 label : invalidspot-coloredCurb 0.27
614 106 588 300 13 43 -1 -1 -1 -1 label : fireHydrant 0.15
615 105 705 354 86 46 -1 -1 -1 -1 label : invalidspot-coloredCurb 0.22
615 106 588 300 14 44 -1 -1 -1 -1 label : fireHydrant 0.20
616 105 711 354 85 46 -1 -1 -1 -1 label : invalidspot-coloredCurb 0.24
616 106 589 299 15 45 -1 -1 -1 -1 label : fireHydrant 0.13
617 105 714 355 87 48 -1 -1 -1 -1 label : invalidspot-coloredCurb 0.27
617 106 590 300 14 43 -1 -1 -1 -1 label : fireHydrant 0.13
618 105 715 356 90 52 -1 -1 -1 -1 label : invalidspot-coloredCurb 0.26
619 104 490 315 59 19 -1 -1 -1 -1 label : spot-1 0.25
619 105 716 357 94 55 -1 -1 -1 -1 label : invalidspot-coloredCurb 0.11
620 104 492 316 56 18 -1 -1 -1 -1 label : spot-1 0.25
620 105 715 358 103 55 -1 -1 -1 -1 label : invalidspot-coloredCurb 0.13
621 104 491 316 56 18 -1 -1 -1 -1 label : spot-1 0.22
621 105 734 360 87 53 -1 -1 -1 -1 label : invalidspot-coloredCurb 0.21
621 106 594 311 12 34 -1 -1 -1 -1 label : fireHydrant 0.17
622 104 489 317 58 18 -1 -1 -1 -1 label : spot-1 0.25
622 105 730 361 100 53 -1 -1 -1 -1 label : invalidspot-coloredCurb 0.15
622 106 595 313 11 33 -1 -1 -1 -1 label : fireHydrant 0.13
623 104 491 318 57 18 -1 -1 -1 -1 label : spot-1 0.27
623 105 728 362 106 53 -1 -1 -1 -1 label : invalidspot-coloredCurb 0.14
623 106 596 314 11 33 -1 -1 -1 -1 label : fireHydrant 0.11
624 104 490 319 57 18 -1 -1 -1 -1 label : spot-1 0.35
624 105 726 364 112 57 -1 -1 -1 -1 label : invalidspot-coloredCurb 0.15
625 104 490 319 54 18 -1 -1 -1 -1 label : spot-1 0.55
625 105 726 364 120 61 -1 -1 -1 -1 label : invalidspot-coloredCurb 0.19
626 104 489 319 57 20 -1 -1 -1 -1 label : spot-1 0.48
626 105 726 365 128 64 -1 -1 -1 -1 label : invalidspot-coloredCurb 0.17
627 104 488 320 60 21 -1 -1 -1 -1 label : spot-1 0.48
627 105 727 366 134 68 -1 -1 -1 -1 label : invalidspot-coloredCurb 0.18
628 104 487 321 63 20 -1 -1 -1 -1 label : spot-1 0.45
628 105 730 368 140 68 -1 -1 -1 -1 label : invalidspot-coloredCurb 0.15
628 106 596 313 14 38 -1 -1 -1 -1 label : fireHydrant 0.14
629 104 489 320 60 20 -1 -1 -1 -1 label : spot-1 0.51
629 105 732 370 146 69 -1 -1 -1 -1 label : invalidspot-coloredCurb 0.12
630 104 489 320 60 20 -1 -1 -1 -1 label : spot-1 0.50
630 105 734 371 153 71 -1 -1 -1 -1 label : invalidspot-coloredCurb 0.13
631 104 489 320 60 20 -1 -1 -1 -1 label : spot-1 0.55
631 105 737 370 156 77 -1 -1 -1 -1 label : invalidspot-coloredCurb 0.16
632 104 489 320 63 20 -1 -1 -1 -1 label : spot-1 0.51
632 105 739 371 162 78 -1 -1 -1 -1 label : invalidspot-coloredCurb 0.15
632 106 602 312 15 41 -1 -1 -1 -1 label : fireHydrant 0.14
633 104 490 320 62 21 -1 -1 -1 -1 label : spot-1 0.53
633 105 742 371 166 81 -1 -1 -1 -1 label : invalidspot-coloredCurb 0.19
633 106 603 312 15 42 -1 -1 -1 -1 label : fireHydrant 0.15
634 104 489 320 63 21 -1 -1 -1 -1 label : spot-1 0.53
634 105 743 372 176 83 -1 -1 -1 -1 label : invalidspot-coloredCurb 0.17
635 104 489 320 64 22 -1 -1 -1 -1 label : spot-1 0.48
635 105 745 372 183 86 -1 -1 -1 -1 label : invalidspot-coloredCurb 0.18
636 104 488 320 65 22 -1 -1 -1 -1 label : spot-1 0.58
636 105 749 373 188 90 -1 -1 -1 -1 label : invalidspot-coloredCurb 0.19
637 104 488 320 64 21 -1 -1 -1 -1 label : spot-1 0.56
637 105 750 374 198 93 -1 -1 -1 -1 label : invalidspot-coloredCurb 0.18
638 104 489 320 62 21 -1 -1 -1 -1 label : spot-1 0.50
638 105 753 375 204 97 -1 -1 -1 -1 label : invalidspot-coloredCurb 0.19
639 104 488 320 63 21 -1 -1 -1 -1 label : spot-1 0.58
639 105 757 375 209 102 -1 -1 -1 -1 label : invalidspot-coloredCurb 0.20
640 104 489 320 62 22 -1 -1 -1 -1 label : spot-1 0.49
640 105 757 377 222 103 -1 -1 -1 -1 label : invalidspot-coloredCurb 0.19
641 104 488 320 64 23 -1 -1 -1 -1 label : spot-1 0.63
641 105 759 378 231 106 -1 -1 -1 -1 label : invalidspot-coloredCurb 0.17
642 104 486 320 67 23 -1 -1 -1 -1 label : spot-1 0.61
642 105 764 378 239 110 -1 -1 -1 -1 label : invalidspot-coloredCurb 0.15
643 104 488 320 64 23 -1 -1 -1 -1 label : spot-1 0.57
643 105 760 377 258 116 -1 -1 -1 -1 label : invalidspot-coloredCurb 0.18
644 104 489 319 62 25 -1 -1 -1 -1 label : spot-1 0.56
644 105 763 376 268 121 -1 -1 -1 -1 label : invalidspot-coloredCurb 0.16
645 104 489 319 63 25 -1 -1 -1 -1 label : spot-1 0.53
645 105 760 377 287 123 -1 -1 -1 -1 label : invalidspot-coloredCurb 0.15
645 106 612 312 15 43 -1 -1 -1 -1 label : fireHydrant 0.12
646 104 489 319 65 25 -1 -1 -1 -1 label : spot-1 0.51
646 105 773 380 288 124 -1 -1 -1 -1 label : invalidspot-coloredCurb 0.14
647 104 489 319 67 26 -1 -1 -1 -1 label : spot-1 0.55
647 105 779 380 294 127 -1 -1 -1 -1 label : invalidspot-coloredCurb 0.19
648 104 489 319 69 26 -1 -1 -1 -1 label : spot-1 0.57
648 105 781 382 308 128 -1 -1 -1 -1 label : invalidspot-coloredCurb 0.17
649 104 490 319 67 26 -1 -1 -1 -1 label : spot-1 0.63
649 105 786 383 317 130 -1 -1 -1 -1 label : invalidspot-coloredCurb 0.19
650 104 490 319 67 26 -1 -1 -1 -1 label : spot-1 0.63
650 105 786 382 335 133 -1 -1 -1 -1 label : invalidspot-coloredCurb 0.17
651 104 490 319 67 26 -1 -1 -1 -1 label : spot-1 0.55
651 105 790 383 349 134 -1 -1 -1 -1 label : invalidspot-coloredCurb 0.17
652 104 491 320 66 24 -1 -1 -1 -1 label : spot-1 0.63
652 105 789 385 376 137 -1 -1 -1 -1 label : invalidspot-coloredCurb 0.14
652 106 617 312 15 44 -1 -1 -1 -1 label : fireHydrant 0.12
653 104 492 319 65 25 -1 -1 -1 -1 label : spot-1 0.61
653 105 799 386 384 149 -1 -1 -1 -1 label : invalidspot-coloredCurb 0.20
653 106 618 313 15 43 -1 -1 -1 -1 label : fireHydrant 0.14
654 104 490 319 69 24 -1 -1 -1 -1 label : spot-1 0.56
654 105 788 384 428 152 -1 -1 -1 -1 label : invalidspot-coloredCurb 0.17
655 104 490 319 70 24 -1 -1 -1 -1 label : spot-1 0.55
655 105 791 385 443 157 -1 -1 -1 -1 label : invalidspot-coloredCurb 0.15
656 104 491 318 69 25 -1 -1 -1 -1 label : spot-1 0.54
656 105 792 383 475 165 -1 -1 -1 -1 label : invalidspot-coloredCurb 0.13
657 104 491 318 68 24 -1 -1 -1 -1 label : spot-1 0.53
657 105 817 384 451 183 -1 -1 -1 -1 label : invalidspot-coloredCurb 0.13
658 104 492 318 67 24 -1 -1 -1 -1 label : spot-1 0.55
658 105 809 385 470 186 -1 -1 -1 -1 label : invalidspot-coloredCurb 0.16
659 104 492 317 65 24 -1 -1 -1 -1 label : spot-1 0.53
659 105 811 388 468 183 -1 -1 -1 -1 label : invalidspot-coloredCurb 0.23
659 106 832 338 14 34 -1 -1 -1 -1 label : fireHydrant 0.14
660 104 491 317 66 24 -1 -1 -1 -1 label : spot-1 0.58
660 105 814 387 465 184 -1 -1 -1 -1 label : invalidspot-coloredCurb 0.12
661 104 492 317 65 23 -1 -1 -1 -1 label : spot-1 0.44
661 105 811 385 403 156 -1 -1 -1 -1 label : invalidspot-coloredCurb 0.11
662 104 492 317 65 23 -1 -1 -1 -1 label : spot-1 0.41
662 105 816 387 357 144 -1 -1 -1 -1 label : invalidspot-coloredCurb 0.41
663 104 492 317 69 24 -1 -1 -1 -1 label : spot-1 0.54
663 105 814 384 425 168 -1 -1 -1 -1 label : invalidspot-coloredCurb 0.27
663 106 864 339 14 39 -1 -1 -1 -1 label : fireHydrant 0.15
664 104 492 317 69 24 -1 -1 -1 -1 label : spot-1 0.53
664 105 819 386 441 175 -1 -1 -1 -1 label : invalidspot-coloredCurb 0.44
664 106 867 341 14 37 -1 -1 -1 -1 label : fireHydrant 0.13
665 104 492 318 69 23 -1 -1 -1 -1 label : spot-1 0.45
665 105 821 388 452 181 -1 -1 -1 -1 label : invalidspot-coloredCurb 0.30
665 106 868 343 15 35 -1 -1 -1 -1 label : fireHydrant 0.30
665 112 813 390 310 131 -1 -1 -1 -1 label : invalidspot-coloredCurb 0.10
666 104 494 317 62 21 -1 -1 -1 -1 label : spot-1 0.59
666 105 820 384 453 185 -1 -1 -1 -1 label : invalidspot-coloredCurb 0.13
666 106 882 345 14 34 -1 -1 -1 -1 label : fireHydrant 0.11
667 104 495 317 61 20 -1 -1 -1 -1 label : spot-1 0.66
667 105 821 384 458 188 -1 -1 -1 -1 label : invalidspot-coloredCurb 0.20
668 104 495 317 60 20 -1 -1 -1 -1 label : spot-1 0.64
668 106 872 340 17 42 -1 -1 -1 -1 label : fireHydrant 0.20
668 112 816 392 295 126 -1 -1 -1 -1 label : invalidspot-coloredCurb 0.12
669 104 495 317 63 23 -1 -1 -1 -1 label : spot-1 0.49
669 105 825 393 454 176 -1 -1 -1 -1 label : invalidspot-coloredCurb 0.33
669 106 873 339 17 46 -1 -1 -1 -1 label : fireHydrant 0.12
669 112 817 393 293 125 -1 -1 -1 -1 label : invalidspot-coloredCurb 0.10
670 104 494 318 67 24 -1 -1 -1 -1 label : spot-1 0.51
670 105 824 392 455 168 -1 -1 -1 -1 label : invalidspot-coloredCurb 0.13
671 104 494 318 69 25 -1 -1 -1 -1 label : spot-1 0.60
671 105 834 394 445 172 -1 -1 -1 -1 label : invalidspot-coloredCurb 0.12
672 104 493 318 71 25 -1 -1 -1 -1 label : spot-1 0.63
672 105 832 396 447 171 -1 -1 -1 -1 label : invalidspot-coloredCurb 0.14
673 104 494 318 67 24 -1 -1 -1 -1 label : spot-1 0.65
673 105 832 398 447 169 -1 -1 -1 -1 label : invalidspot-coloredCurb 0.15
673 106 665 319 16 43 -1 -1 -1 -1 label : fireHydrant 0.14
674 104 494 319 67 23 -1 -1 -1 -1 label : spot-1 0.64
674 105 836 399 443 167 -1 -1 -1 -1 label : invalidspot-coloredCurb 0.14
675 104 495 319 68 24 -1 -1 -1 -1 label : spot-1 0.65
675 105 841 401 438 166 -1 -1 -1 -1 label : invalidspot-coloredCurb 0.12
676 104 496 319 65 23 -1 -1 -1 -1 label : spot-1 0.66
676 105 845 403 434 163 -1 -1 -1 -1 label : invalidspot-coloredCurb 0.14
677 104 495 319 64 23 -1 -1 -1 -1 label : spot-1 0.66
677 105 849 404 429 164 -1 -1 -1 -1 label : invalidspot-coloredCurb 0.15
678 104 492 319 67 20 -1 -1 -1 -1 label : spot-1 0.64
678 105 850 405 429 162 -1 -1 -1 -1 label : invalidspot-coloredCurb 0.16
679 104 496 319 62 23 -1 -1 -1 -1 label : spot-1 0.66
679 105 851 405 427 163 -1 -1 -1 -1 label : invalidspot-coloredCurb 0.16
680 104 494 320 67 24 -1 -1 -1 -1 label : spot-1 0.65
680 105 851 407 428 159 -1 -1 -1 -1 label : invalidspot-coloredCurb 0.14
681 104 496 320 65 24 -1 -1 -1 -1 label : spot-1 0.65
681 105 859 410 420 155 -1 -1 -1 -1 label : invalidspot-coloredCurb 0.14
682 104 496 320 67 26 -1 -1 -1 -1 label : spot-1 0.64
682 105 863 411 416 155 -1 -1 -1 -1 label : invalidspot-coloredCurb 0.13
683 104 496 320 71 28 -1 -1 -1 -1 label : spot-1 0.63
683 105 865 412 414 154 -1 -1 -1 -1 label : invalidspot-coloredCurb 0.18
684 104 496 321 69 27 -1 -1 -1 -1 label : spot-1 0.63
684 105 869 413 408 155 -1 -1 -1 -1 label : invalidspot-coloredCurb 0.14
684 118 496 321 73 29 -1 -1 -1 -1 label : spot-2 0.10
685 104 496 321 69 27 -1 -1 -1 -1 label : spot-1 0.61
685 105 871 414 408 154 -1 -1 -1 -1 label : invalidspot-coloredCurb 0.12
686 104 497 323 70 26 -1 -1 -1 -1 label : spot-1 0.59
686 105 875 417 404 151 -1 -1 -1 -1 label : invalidspot-coloredCurb 0.26
686 106 719 318 17 51 -1 -1 -1 -1 label : fireHydrant 0.14
686 118 496 322 78 31 -1 -1 -1 -1 label : spot-2 0.14
687 104 497 323 67 25 -1 -1 -1 -1 label : spot-1 0.59
687 105 879 418 400 148 -1 -1 -1 -1 label : invalidspot-coloredCurb 0.14
687 106 720 314 19 57 -1 -1 -1 -1 label : fireHydrant 0.12
688 104 497 324 68 24 -1 -1 -1 -1 label : spot-1 0.58
689 104 498 324 63 21 -1 -1 -1 -1 label : spot-1 0.63
689 105 883 421 396 145 -1 -1 -1 -1 label : invalidspot-coloredCurb 0.12
690 104 500 325 59 20 -1 -1 -1 -1 label : spot-1 0.60
690 105 888 422 389 144 -1 -1 -1 -1 label : invalidspot-coloredCurb 0.11
691 104 500 325 59 21 -1 -1 -1 -1 label : spot-1 0.62
692 104 500 325 59 21 -1 -1 -1 -1 label : spot-1 0.61
692 105 894 425 384 144 -1 -1 -1 -1 label : invalidspot-coloredCurb 0.12
693 104 501 326 57 22 -1 -1 -1 -1 label : spot-1 0.61
693 105 898 427 381 143 -1 -1 -1 -1 label : invalidspot-coloredCurb 0.12
694 104 499 327 61 23 -1 -1 -1 -1 label : spot-1 0.59
694 105 902 428 377 141 -1 -1 -1 -1 label : invalidspot-coloredCurb 0.14
695 104 498 327 63 23 -1 -1 -1 -1 label : spot-1 0.61
695 105 908 430 371 140 -1 -1 -1 -1 label : invalidspot-coloredCurb 0.15
696 104 498 328 63 23 -1 -1 -1 -1 label : spot-1 0.63
696 105 914 430 364 141 -1 -1 -1 -1 label : invalidspot-coloredCurb 0.21
697 105 914 432 365 138 -1 -1 -1 -1 label : invalidspot-coloredCurb 0.63
698 105 918 431 360 139 -1 -1 -1 -1 label : invalidspot-coloredCurb 0.61
699 105 922 431 356 137 -1 -1 -1 -1 label : invalidspot-coloredCurb 0.58
700 105 928 432 349 135 -1 -1 -1 -1 label : invalidspot-coloredCurb 0.48
701 105 931 433 347 134 -1 -1 -1 -1 label : invalidspot-coloredCurb 0.52
702 105 938 434 338 135 -1 -1 -1 -1 label : invalidspot-coloredCurb 0.53
703 105 940 433 338 136 -1 -1 -1 -1 label : invalidspot-coloredCurb 0.46
704 105 944 434 334 138 -1 -1 -1 -1 label : invalidspot-coloredCurb 0.49
705 104 501 331 63 20 -1 -1 -1 -1 label : spot-1 0.51
705 105 943 436 333 128 -1 -1 -1 -1 label : invalidspot-coloredCurb 0.14
706 104 502 330 60 20 -1 -1 -1 -1 label : spot-1 0.48
706 105 953 438 322 124 -1 -1 -1 -1 label : invalidspot-coloredCurb 0.20
706 106 666 327 17 51 -1 -1 -1 -1 label : fireHydrant 0.12
707 104 502 330 62 20 -1 -1 -1 -1 label : spot-1 0.46
707 105 960 440 316 123 -1 -1 -1 -1 label : invalidspot-coloredCurb 0.11
708 104 502 331 63 19 -1 -1 -1 -1 label : spot-1 0.47
709 105 973 444 302 118 -1 -1 -1 -1 label : invalidspot-coloredCurb 0.46
710 105 979 443 295 121 -1 -1 -1 -1 label : invalidspot-coloredCurb 0.46
711 105 979 445 300 116 -1 -1 -1 -1 label : invalidspot-coloredCurb 0.47
711 106 677 332 17 47 -1 -1 -1 -1 label : fireHydrant 0.12
712 105 985 446 293 116 -1 -1 -1 -1 label : invalidspot-coloredCurb 0.41
713 105 990 449 287 116 -1 -1 -1 -1 label : invalidspot-coloredCurb 0.46
714 105 995 450 281 119 -1 -1 -1 -1 label : invalidspot-coloredCurb 0.40
715 105 1009 453 267 120 -1 -1 -1 -1 label : invalidspot-coloredCurb 0.47
715 118 511 332 92 36 -1 -1 -1 -1 label : spot-2 0.11
716 105 1004 454 275 116 -1 -1 -1 -1 label : invalidspot-coloredCurb 0.45
716 118 513 331 90 37 -1 -1 -1 -1 label : spot-2 0.11
717 105 1017 457 262 111 -1 -1 -1 -1 label : invalidspot-coloredCurb 0.37
717 118 513 330 90 38 -1 -1 -1 -1 label : spot-2 0.12
718 105 1026 459 251 113 -1 -1 -1 -1 label : invalidspot-coloredCurb 0.35
718 118 513 330 91 38 -1 -1 -1 -1 label : spot-2 0.16
719 105 1033 462 246 110 -1 -1 -1 -1 label : invalidspot-coloredCurb 0.24
719 118 515 331 93 37 -1 -1 -1 -1 label : spot-2 0.16
720 105 1039 462 239 110 -1 -1 -1 -1 label : invalidspot-coloredCurb 0.32
720 118 517 331 91 36 -1 -1 -1 -1 label : spot-2 0.16
721 105 1055 464 221 113 -1 -1 -1 -1 label : invalidspot-coloredCurb 0.13
721 118 519 332 88 33 -1 -1 -1 -1 label : spot-2 0.12
722 105 1054 464 224 117 -1 -1 -1 -1 label : invalidspot-coloredCurb 0.27
722 106 85 307 12 38 -1 -1 -1 -1 label : fireHydrant 0.17
722 118 521 330 83 35 -1 -1 -1 -1 label : spot-2 0.11
723 105 1066 466 213 116 -1 -1 -1 -1 label : invalidspot-coloredCurb 0.17
723 106 68 306 12 37 -1 -1 -1 -1 label : fireHydrant 0.12
723 118 520 330 87 35 -1 -1 -1 -1 label : spot-2 0.10
724 105 1072 466 207 119 -1 -1 -1 -1 label : invalidspot-coloredCurb 0.16
724 106 68 305 12 37 -1 -1 -1 -1 label : fireHydrant 0.12
724 118 520 330 88 35 -1 -1 -1 -1 label : spot-2 0.11
725 105 1069 467 210 117 -1 -1 -1 -1 label : invalidspot-coloredCurb 0.17
725 106 62 304 12 36 -1 -1 -1 -1 label : fireHydrant 0.10
727 104 530 332 59 19 -1 -1 -1 -1 label : spot-1 0.11
728 104 531 332 60 19 -1 -1 -1 -1 label : spot-1 0.15
728 105 1055 473 224 107 -1 -1 -1 -1 label : invalidspot-coloredCurb 0.10
729 104 531 332 60 19 -1 -1 -1 -1 label : spot-1 0.16
730 104 530 332 63 19 -1 -1 -1 -1 label : spot-1 0.13
730 106 67 305 12 38 -1 -1 -1 -1 label : fireHydrant 0.10
731 104 532 332 62 20 -1 -1 -1 -1 label : spot-1 0.16
731 106 67 304 11 40 -1 -1 -1 -1 label : fireHydrant 0.11
732 104 533 332 62 20 -1 -1 -1 -1 label : spot-1 0.19
733 106 65 300 13 46 -1 -1 -1 -1 label : fireHydrant 0.18
734 106 62 299 13 45 -1 -1 -1 -1 label : fireHydrant 0.22
735 106 59 298 14 46 -1 -1 -1 -1 label : fireHydrant 0.16
736 106 58 301 14 44 -1 -1 -1 -1 label : fireHydrant 0.25
737 106 57 302 14 47 -1 -1 -1 -1 label : fireHydrant 0.30
738 106 56 301 14 49 -1 -1 -1 -1 label : fireHydrant 0.41
739 104 534 332 64 21 -1 -1 -1 -1 label : spot-1 0.33
739 106 55 300 14 50 -1 -1 -1 -1 label : fireHydrant 0.11
740 104 533 333 67 21 -1 -1 -1 -1 label : spot-1 0.12
740 106 54 300 14 49 -1 -1 -1 -1 label : fireHydrant 0.12
742 104 533 333 69 19 -1 -1 -1 -1 label : spot-1 0.11
744 104 535 333 67 18 -1 -1 -1 -1 label : spot-1 0.24
744 106 51 302 14 51 -1 -1 -1 -1 label : fireHydrant 0.12
745 104 536 333 66 18 -1 -1 -1 -1 label : spot-1 0.15
745 106 49 304 15 49 -1 -1 -1 -1 label : fireHydrant 0.14
746 104 536 332 66 21 -1 -1 -1 -1 label : spot-1 0.14
746 106 47 306 15 48 -1 -1 -1 -1 label : fireHydrant 0.11
747 104 534 332 71 21 -1 -1 -1 -1 label : spot-1 0.16
748 104 536 332 69 22 -1 -1 -1 -1 label : spot-1 0.14
748 106 43 309 15 46 -1 -1 -1 -1 label : fireHydrant 0.12
749 104 536 331 70 23 -1 -1 -1 -1 label : spot-1 0.21
750 104 535 331 71 23 -1 -1 -1 -1 label : spot-1 0.31
750 106 40 310 16 46 -1 -1 -1 -1 label : fireHydrant 0.12
751 104 536 331 74 25 -1 -1 -1 -1 label : spot-1 0.16
752 104 537 331 73 25 -1 -1 -1 -1 label : spot-1 0.15
753 104 536 331 73 24 -1 -1 -1 -1 label : spot-1 0.21
753 106 34 310 15 46 -1 -1 -1 -1 label : fireHydrant 0.19
754 104 537 331 71 26 -1 -1 -1 -1 label : spot-1 0.18
755 104 536 331 73 26 -1 -1 -1 -1 label : spot-1 0.19
756 104 538 331 71 25 -1 -1 -1 -1 label : spot-1 0.14
757 104 538 330 72 25 -1 -1 -1 -1 label : spot-1 0.17
758 104 538 330 73 25 -1 -1 -1 -1 label : spot-1 0.15
759 104 539 330 73 25 -1 -1 -1 -1 label : spot-1 0.11
760 104 538 330 76 24 -1 -1 -1 -1 label : spot-1 0.10
761 104 543 330 90 40 -1 -1 -1 -1 label : spot-2 0.13
764 104 542 330 101 44 -1 -1 -1 -1 label : spot-2 0.10
765 104 543 330 103 46 -1 -1 -1 -1 label : spot-2 0.24
766 106 7 297 17 51 -1 -1 -1 -1 label : fireHydrant 0.17
767 106 5 296 16 52 -1 -1 -1 -1 label : fireHydrant 0.14
769 104 542 327 110 49 -1 -1 -1 -1 label : spot-2 0.13
769 106 1 296 16 49 -1 -1 -1 -1 label : fireHydrant 0.12
770 104 542 327 113 51 -1 -1 -1 -1 label : spot-2 0.13
771 123 544 326 77 25 -1 -1 -1 -1 label : spot-1 0.20
772 123 544 326 78 27 -1 -1 -1 -1 label : spot-1 0.23
773 123 544 325 80 22 -1 -1 -1 -1 label : spot-1 0.19
774 123 548 325 75 21 -1 -1 -1 -1 label : spot-1 0.13
775 123 549 326 73 22 -1 -1 -1 -1 label : spot-1 0.20
776 123 548 326 75 22 -1 -1 -1 -1 label : spot-1 0.19
777 123 548 327 75 23 -1 -1 -1 -1 label : spot-1 0.22
778 123 549 327 74 24 -1 -1 -1 -1 label : spot-1 0.23
779 123 548 327 77 22 -1 -1 -1 -1 label : spot-1 0.23
780 123 549 328 76 20 -1 -1 -1 -1 label : spot-1 0.20
781 123 550 327 75 22 -1 -1 -1 -1 label : spot-1 0.28
782 123 551 327 74 23 -1 -1 -1 -1 label : spot-1 0.30
