3 1 955 434 322 66 -1 -1 -1 -1 label : spot-2 0.30
4 1 954 435 325 67 -1 -1 -1 -1 label : spot-2 0.31
5 1 967 437 312 65 -1 -1 -1 -1 label : spot-2 0.25
6 1 974 438 305 65 -1 -1 -1 -1 label : spot-2 0.25
7 1 958 435 321 67 -1 -1 -1 -1 label : spot-2 0.36
8 1 954 434 325 68 -1 -1 -1 -1 label : spot-2 0.36
9 1 952 435 327 65 -1 -1 -1 -1 label : spot-2 0.29
10 1 955 435 324 64 -1 -1 -1 -1 label : spot-2 0.30
11 1 960 435 319 64 -1 -1 -1 -1 label : spot-2 0.26
12 1 961 435 318 64 -1 -1 -1 -1 label : spot-2 0.26
13 1 959 436 320 63 -1 -1 -1 -1 label : spot-2 0.11
14 1 967 438 309 66 -1 -1 -1 -1 label : spot-2 0.11
15 1 967 439 309 66 -1 -1 -1 -1 label : spot-2 0.16
16 2 256 404 78 27 -1 -1 -1 -1 label : spot-1 0.16
17 2 246 405 91 27 -1 -1 -1 -1 label : spot-1 0.18
18 2 245 405 93 27 -1 -1 -1 -1 label : spot-1 0.18
19 2 243 405 78 27 -1 -1 -1 -1 label : spot-1 0.22
20 2 239 404 79 28 -1 -1 -1 -1 label : spot-1 0.22
21 2 234 403 79 28 -1 -1 -1 -1 label : spot-1 0.19
22 2 232 402 79 29 -1 -1 -1 -1 label : spot-1 0.20
23 2 227 402 80 30 -1 -1 -1 -1 label : spot-1 0.22
24 2 225 402 82 31 -1 -1 -1 -1 label : spot-1 0.22
25 2 222 403 81 30 -1 -1 -1 -1 label : spot-1 0.22
26 2 221 403 81 30 -1 -1 -1 -1 label : spot-1 0.22
27 1 970 436 309 66 -1 -1 -1 -1 label : spot-2 0.22
27 2 213 402 85 30 -1 -1 -1 -1 label : spot-1 0.15
28 1 970 436 309 66 -1 -1 -1 -1 label : spot-2 0.22
28 2 211 402 86 30 -1 -1 -1 -1 label : spot-1 0.15
29 1 970 436 309 67 -1 -1 -1 -1 label : spot-2 0.28
29 2 206 401 85 31 -1 -1 -1 -1 label : spot-1 0.14
30 1 970 436 309 67 -1 -1 -1 -1 label : spot-2 0.28
30 2 204 400 85 32 -1 -1 -1 -1 label : spot-1 0.14
31 1 953 436 326 54 -1 -1 -1 -1 label : spot-0.31
31 2 196 400 93 30 -1 -1 -1 -1 label : spot-1 0.14
32 1 965 437 247 44 -1 -1 -1 -1 label : spot-0.31
32 2 196 400 90 30 -1 -1 -1 -1 label : spot-1 0.13
33 1 973 438 200 40 -1 -1 -1 -1 label : spot-0.35
33 2 188 401 95 28 -1 -1 -1 -1 label : spot-1 0.11
34 1 969 438 197 39 -1 -1 -1 -1 label : spot-0.35
34 2 186 401 95 28 -1 -1 -1 -1 label : spot-1 0.10
35 1 969 438 186 37 -1 -1 -1 -1 label : spot-0.31
36 2 177 400 96 30 -1 -1 -1 -1 label : spot-1 0.31
37 1 1063 437 107 37 -1 -1 -1 -1 label : invalidSpot-entrance 0.38
37 2 168 402 103 30 -1 -1 -1 -1 label : spot-1 0.12
38 1 1071 437 106 37 -1 -1 -1 -1 label : invalidSpot-entrance 0.37
38 2 167 402 102 30 -1 -1 -1 -1 label : spot-1 0.13
39 1 1074 438 114 38 -1 -1 -1 -1 label : invalidSpot-entrance 0.32
39 2 159 402 113 30 -1 -1 -1 -1 label : spot-1 0.13
40 1 1078 438 111 39 -1 -1 -1 -1 label : invalidSpot-entrance 0.32
40 2 159 402 112 31 -1 -1 -1 -1 label : spot-1 0.15
41 1 1000 440 231 41 -1 -1 -1 -1 label : spot-0.32
41 2 153 402 103 31 -1 -1 -1 -1 label : spot-1 0.13
42 1 990 441 236 42 -1 -1 -1 -1 label : spot-0.32
42 2 148 402 104 31 -1 -1 -1 -1 label : spot-1 0.13
43 1 988 441 239 43 -1 -1 -1 -1 label : spot-0.33
43 2 140 401 110 32 -1 -1 -1 -1 label : spot-1 0.14
44 1 985 441 243 44 -1 -1 -1 -1 label : spot-0.33
44 2 138 401 111 32 -1 -1 -1 -1 label : spot-1 0.14
45 1 978 441 257 44 -1 -1 -1 -1 label : spot-0.31
45 2 131 402 114 31 -1 -1 -1 -1 label : spot-1 0.10
46 2 130 402 112 31 -1 -1 -1 -1 label : spot-1 0.31
47 1 1062 441 195 50 -1 -1 -1 -1 label : invalidSpot-entrance 0.27
47 2 124 401 114 31 -1 -1 -1 -1 label : spot-1 0.11
48 1 1069 442 198 51 -1 -1 -1 -1 label : invalidSpot-entrance 0.27
48 2 122 401 114 31 -1 -1 -1 -1 label : spot-1 0.11
49 1 1007 441 272 50 -1 -1 -1 -1 label : spot-0.18
49 2 113 401 119 31 -1 -1 -1 -1 label : spot-1 0.11
50 1 1001 441 278 49 -1 -1 -1 -1 label : spot-0.18
50 2 110 400 121 32 -1 -1 -1 -1 label : spot-1 0.11
51 1 993 441 286 50 -1 -1 -1 -1 label : spot-0.22
51 2 102 400 121 34 -1 -1 -1 -1 label : spot-1 0.14
52 2 98 400 124 35 -1 -1 -1 -1 label : spot-1 0.22
52 7 93 396 133 39 -1 -1 -1 -1 label : invalidSpot-entrance 0.13
53 1 1130 437 138 53 -1 -1 -1 -1 label : invalidSpot-entrance 0.34
53 2 88 399 133 36 -1 -1 -1 -1 label : spot-1 0.14
54 1 1139 437 138 53 -1 -1 -1 -1 label : invalidSpot-entrance 0.34
54 2 87 399 132 36 -1 -1 -1 -1 label : spot-1 0.14
55 1 1142 438 137 52 -1 -1 -1 -1 label : invalidSpot-entrance 0.18
55 2 79 399 139 36 -1 -1 -1 -1 label : spot-1 0.10
56 1 1143 438 136 53 -1 -1 -1 -1 label : invalidSpot-entrance 0.18
56 2 76 399 142 36 -1 -1 -1 -1 label : spot-1 0.12
57 1 1148 438 131 53 -1 -1 -1 -1 label : invalidSpot-entrance 0.17
57 2 65 397 139 36 -1 -1 -1 -1 label : invalidSpot-entrance 0.15
58 2 59 396 142 36 -1 -1 -1 -1 label : invalidSpot-entrance 0.17
58 7 61 395 145 43 -1 -1 -1 -1 label : spot-1 0.15
59 2 54 397 141 38 -1 -1 -1 -1 label : spot-1 0.28
60 2 52 396 142 40 -1 -1 -1 -1 label : spot-1 0.28
61 2 41 398 155 38 -1 -1 -1 -1 label : spot-1 0.21
62 2 41 398 152 38 -1 -1 -1 -1 label : spot-1 0.21
63 1 1192 438 87 55 -1 -1 -1 -1 label : invalidSpot-entrance 0.19
63 2 27 398 163 38 -1 -1 -1 -1 label : spot-0.13
64 1 1193 438 86 56 -1 -1 -1 -1 label : invalidSpot-entrance 0.19
64 2 24 398 163 38 -1 -1 -1 -1 label : spot-0.13
65 1 1198 438 81 56 -1 -1 -1 -1 label : invalidSpot-entrance 0.15
66 1 1204 442 75 57 -1 -1 -1 -1 label : invalidSpot-entrance 0.14
66 2 2 398 174 43 -1 -1 -1 -1 label : spot-0.10
67 1 1199 440 80 64 -1 -1 -1 -1 label : invalidSpot-entrance 0.14
67 2 10 400 165 41 -1 -1 -1 -1 label : spot-1 0.12
68 1 1194 441 85 64 -1 -1 -1 -1 label : invalidSpot-entrance 0.14
68 2 15 400 159 41 -1 -1 -1 -1 label : spot-1 0.12
69 1 1094 441 185 73 -1 -1 -1 -1 label : spot-0.22
69 2 34 401 129 40 -1 -1 -1 -1 label : spot-1 0.16
70 1 1073 442 206 76 -1 -1 -1 -1 label : spot-0.22
70 2 35 401 129 41 -1 -1 -1 -1 label : spot-1 0.16
71 1 1071 442 208 73 -1 -1 -1 -1 label : spot-0.15
71 2 21 401 152 41 -1 -1 -1 -1 label : spot-1 0.15
72 1 1086 443 192 70 -1 -1 -1 -1 label : spot-0.15
72 2 22 401 147 41 -1 -1 -1 -1 label : spot-1 0.15
73 1 1085 443 192 75 -1 -1 -1 -1 label : spot-0.23
73 2 20 401 148 41 -1 -1 -1 -1 label : spot-1 0.19
74 1 1083 444 195 76 -1 -1 -1 -1 label : spot-0.23
74 7 0 400 148 51 -1 -1 -1 -1 label : spot-1 0.19
75 1 1075 444 204 77 -1 -1 -1 -1 label : spot-0.26
75 7 1 402 137 53 -1 -1 -1 -1 label : spot-1 0.13
76 1 1177 443 90 80 -1 -1 -1 -1 label : spot-0.26
76 7 0 403 138 54 -1 -1 -1 -1 label : spot-1 0.13
77 1 1179 443 91 82 -1 -1 -1 -1 label : spot-0.25
77 7 0 400 132 51 -1 -1 -1 -1 label : spot-1 0.13
78 7 0 398 130 51 -1 -1 -1 -1 label : spot-1 0.25
78 9 413 369 114 23 -1 -1 -1 -1 label : invalidSpot-entrance 0.12
79 1 1121 449 158 107 -1 -1 -1 -1 label : spot-0.19
79 7 0 398 122 47 -1 -1 -1 -1 label : spot-1 0.17
79 9 407 369 114 23 -1 -1 -1 -1 label : invalidSpot-entrance 0.14
80 1 1114 450 165 111 -1 -1 -1 -1 label : spot-0.19
80 7 0 398 119 45 -1 -1 -1 -1 label : spot-1 0.17
80 9 406 368 113 24 -1 -1 -1 -1 label : invalidSpot-entrance 0.16
81 1 1108 450 171 115 -1 -1 -1 -1 label : spot-0.21
82 7 0 396 102 54 -1 -1 -1 -1 label : spot-1 0.21
83 7 0 395 94 55 -1 -1 -1 -1 label : spot-1 0.23
83 9 397 363 122 27 -1 -1 -1 -1 label : spot-2 0.10
84 7 0 395 93 55 -1 -1 -1 -1 label : spot-1 0.23
84 9 397 362 123 27 -1 -1 -1 -1 label : spot-2 0.11
85 7 0 392 84 56 -1 -1 -1 -1 label : spot-1 0.25
85 9 395 361 123 27 -1 -1 -1 -1 label : spot-2 0.10
86 7 0 391 83 56 -1 -1 -1 -1 label : spot-1 0.25
86 9 394 360 124 28 -1 -1 -1 -1 label : spot-2 0.12
87 2 0 394 142 67 -1 -1 -1 -1 label : spot-1 0.25
87 7 0 389 73 55 -1 -1 -1 -1 label : spot-1 0.11
88 2 0 393 142 69 -1 -1 -1 -1 label : spot-1 0.25
88 7 0 388 71 55 -1 -1 -1 -1 label : spot-1 0.11
89 2 0 393 141 70 -1 -1 -1 -1 label : spot-1 0.15
89 7 0 386 67 52 -1 -1 -1 -1 label : spot-1 0.10
90 7 0 385 66 52 -1 -1 -1 -1 label : spot-1 0.16
90 9 386 356 61 26 -1 -1 -1 -1 label : spot-1 0.11
91 7 2 378 47 56 -1 -1 -1 -1 label : spot-1 0.15
92 7 0 376 48 57 -1 -1 -1 -1 label : spot-1 0.15
95 9 371 349 131 27 -1 -1 -1 -1 label : spot-2 0.17
96 9 374 348 131 27 -1 -1 -1 -1 label : spot-2 0.17
97 9 371 346 137 28 -1 -1 -1 -1 label : spot-2 0.19
98 9 370 345 139 29 -1 -1 -1 -1 label : spot-2 0.19
99 9 368 346 144 28 -1 -1 -1 -1 label : spot-2 0.17
100 9 369 346 143 28 -1 -1 -1 -1 label : spot-2 0.17
101 9 365 346 143 27 -1 -1 -1 -1 label : spot-2 0.12
102 9 364 346 142 27 -1 -1 -1 -1 label : spot-2 0.12
103 9 367 346 140 28 -1 -1 -1 -1 label : spot-2 0.12
104 9 366 346 143 29 -1 -1 -1 -1 label : spot-2 0.12
107 9 359 344 148 30 -1 -1 -1 -1 label : spot-2 0.13
108 9 356 343 150 30 -1 -1 -1 -1 label : spot-2 0.12
109 9 353 343 154 30 -1 -1 -1 -1 label : spot-2 0.12
110 9 353 343 153 29 -1 -1 -1 -1 label : spot-2 0.12
119 9 340 343 150 34 -1 -1 -1 -1 label : spot-2 0.15
120 9 331 343 158 36 -1 -1 -1 -1 label : spot-2 0.15
121 9 328 342 162 38 -1 -1 -1 -1 label : spot-2 0.17
122 9 325 341 168 39 -1 -1 -1 -1 label : spot-2 0.16
123 9 321 342 174 39 -1 -1 -1 -1 label : spot-2 0.15
124 9 320 342 174 39 -1 -1 -1 -1 label : spot-2 0.15
125 9 318 343 177 38 -1 -1 -1 -1 label : spot-2 0.13
126 9 318 343 177 39 -1 -1 -1 -1 label : spot-2 0.13
127 9 317 345 176 39 -1 -1 -1 -1 label : spot-2 0.29
128 9 315 345 178 39 -1 -1 -1 -1 label : spot-2 0.29
129 9 310 346 178 39 -1 -1 -1 -1 label : spot-2 0.23
130 9 309 346 176 39 -1 -1 -1 -1 label : spot-2 0.24
131 9 306 345 180 41 -1 -1 -1 -1 label : spot-2 0.37
132 9 304 345 184 42 -1 -1 -1 -1 label : spot-2 0.37
133 9 299 345 191 42 -1 -1 -1 -1 label : spot-2 0.26
134 9 298 345 191 42 -1 -1 -1 -1 label : spot-2 0.24
135 9 295 346 199 41 -1 -1 -1 -1 label : spot-2 0.34
136 9 295 346 198 41 -1 -1 -1 -1 label : spot-2 0.34
137 9 294 346 202 41 -1 -1 -1 -1 label : spot-2 0.30
138 9 294 346 202 41 -1 -1 -1 -1 label : spot-2 0.31
139 9 290 346 199 41 -1 -1 -1 -1 label : spot-2 0.24
140 9 288 346 198 42 -1 -1 -1 -1 label : spot-2 0.24
141 9 283 347 204 41 -1 -1 -1 -1 label : spot-2 0.28
141 10 773 344 40 14 -1 -1 -1 -1 label : spot-1 0.12
142 9 283 347 203 41 -1 -1 -1 -1 label : spot-2 0.28
142 10 772 343 42 16 -1 -1 -1 -1 label : spot-1 0.12
143 9 277 347 209 41 -1 -1 -1 -1 label : spot-2 0.29
143 10 773 343 42 15 -1 -1 -1 -1 label : spot-1 0.12
144 9 277 347 208 41 -1 -1 -1 -1 label : spot-2 0.29
144 10 773 343 43 15 -1 -1 -1 -1 label : spot-1 0.12
145 9 274 346 208 42 -1 -1 -1 -1 label : spot-2 0.34
145 10 775 343 41 14 -1 -1 -1 -1 label : spot-1 0.11
146 9 272 345 211 43 -1 -1 -1 -1 label : spot-2 0.33
146 10 776 343 41 14 -1 -1 -1 -1 label : spot-1 0.11
147 9 266 344 218 44 -1 -1 -1 -1 label : spot-2 0.32
147 10 776 343 42 14 -1 -1 -1 -1 label : spot-1 0.16
148 9 264 344 220 44 -1 -1 -1 -1 label : spot-2 0.30
148 10 777 343 42 14 -1 -1 -1 -1 label : spot-1 0.16
149 9 262 343 223 45 -1 -1 -1 -1 label : spot-2 0.37
149 10 777 343 42 14 -1 -1 -1 -1 label : spot-1 0.14
150 9 261 342 225 46 -1 -1 -1 -1 label : spot-2 0.37
150 11 906 371 88 37 -1 -1 -1 -1 label : spot-1 0.14
151 9 253 343 234 44 -1 -1 -1 -1 label : spot-2 0.25
151 11 910 371 88 37 -1 -1 -1 -1 label : spot-1 0.19
152 9 254 343 229 44 -1 -1 -1 -1 label : spot-2 0.25
152 11 911 371 89 37 -1 -1 -1 -1 label : spot-1 0.19
153 9 249 343 234 44 -1 -1 -1 -1 label : spot-2 0.23
153 10 778 342 45 14 -1 -1 -1 -1 label : spot-1 0.11
154 9 247 342 237 45 -1 -1 -1 -1 label : spot-2 0.22
154 10 778 341 45 14 -1 -1 -1 -1 label : spot-1 0.11
155 9 246 341 228 47 -1 -1 -1 -1 label : spot-2 0.12
155 10 780 341 42 14 -1 -1 -1 -1 label : spot-1 0.11
156 9 242 341 232 47 -1 -1 -1 -1 label : spot-2 0.12
156 10 780 340 43 15 -1 -1 -1 -1 label : spot-1 0.11
157 9 234 341 240 48 -1 -1 -1 -1 label : spot-2 0.15
157 10 779 340 46 15 -1 -1 -1 -1 label : spot-1 0.12
158 9 233 341 240 48 -1 -1 -1 -1 label : spot-2 0.16
158 10 779 340 46 15 -1 -1 -1 -1 label : spot-1 0.12
159 9 228 342 246 49 -1 -1 -1 -1 label : spot-2 0.22
159 10 781 340 45 15 -1 -1 -1 -1 label : spot-1 0.12
160 9 227 342 247 49 -1 -1 -1 -1 label : spot-2 0.22
160 10 781 340 46 15 -1 -1 -1 -1 label : spot-1 0.12
161 9 219 345 255 47 -1 -1 -1 -1 label : spot-2 0.18
161 10 783 340 45 16 -1 -1 -1 -1 label : spot-1 0.16
161 11 934 374 101 41 -1 -1 -1 -1 label : spot-1 0.11
162 9 222 345 252 47 -1 -1 -1 -1 label : spot-2 0.18
162 10 783 340 46 16 -1 -1 -1 -1 label : spot-1 0.16
162 11 935 375 102 40 -1 -1 -1 -1 label : spot-1 0.11
163 9 217 345 254 48 -1 -1 -1 -1 label : spot-2 0.27
163 10 782 341 47 16 -1 -1 -1 -1 label : spot-1 0.13
164 9 215 346 255 48 -1 -1 -1 -1 label : spot-2 0.28
164 10 782 341 47 16 -1 -1 -1 -1 label : spot-1 0.13
165 9 208 345 259 49 -1 -1 -1 -1 label : spot-2 0.26
165 10 783 341 48 17 -1 -1 -1 -1 label : spot-1 0.15
166 9 205 345 261 50 -1 -1 -1 -1 label : spot-2 0.25
166 10 783 341 49 17 -1 -1 -1 -1 label : spot-1 0.15
167 9 201 346 265 53 -1 -1 -1 -1 label : spot-2 0.34
167 10 783 342 50 16 -1 -1 -1 -1 label : spot-1 0.16
168 9 198 346 270 54 -1 -1 -1 -1 label : spot-2 0.33
168 10 784 342 50 16 -1 -1 -1 -1 label : spot-1 0.16
169 9 197 347 257 53 -1 -1 -1 -1 label : spot-2 0.29
169 10 786 341 48 17 -1 -1 -1 -1 label : spot-1 0.18
170 9 194 347 256 53 -1 -1 -1 -1 label : spot-2 0.28
170 10 786 341 49 17 -1 -1 -1 -1 label : spot-1 0.18
171 9 182 349 278 52 -1 -1 -1 -1 label : spot-2 0.37
171 10 785 342 51 17 -1 -1 -1 -1 label : spot-1 0.20
172 9 184 349 272 53 -1 -1 -1 -1 label : spot-2 0.38
172 10 786 342 51 17 -1 -1 -1 -1 label : spot-1 0.20
173 9 175 349 290 53 -1 -1 -1 -1 label : spot-2 0.36
173 10 785 343 51 17 -1 -1 -1 -1 label : spot-1 0.21
173 11 957 382 127 40 -1 -1 -1 -1 label : spot-1 0.13
174 9 174 349 291 52 -1 -1 -1 -1 label : spot-2 0.35
174 10 785 343 51 17 -1 -1 -1 -1 label : spot-1 0.21
174 11 958 383 127 40 -1 -1 -1 -1 label : spot-1 0.13
175 9 170 349 292 53 -1 -1 -1 -1 label : spot-2 0.38
175 10 785 344 52 17 -1 -1 -1 -1 label : spot-1 0.23
175 11 963 382 124 45 -1 -1 -1 -1 label : spot-1 0.17
176 9 167 350 294 52 -1 -1 -1 -1 label : spot-2 0.38
176 10 785 344 53 17 -1 -1 -1 -1 label : spot-1 0.23
176 11 959 383 134 46 -1 -1 -1 -1 label : spot-1 0.17
177 9 164 350 278 52 -1 -1 -1 -1 label : spot-2 0.27
177 10 786 344 52 17 -1 -1 -1 -1 label : spot-1 0.24
178 9 160 350 278 53 -1 -1 -1 -1 label : spot-2 0.27
178 10 786 344 53 18 -1 -1 -1 -1 label : spot-1 0.26
179 9 152 350 300 55 -1 -1 -1 -1 label : spot-2 0.31
179 10 785 345 54 17 -1 -1 -1 -1 label : spot-1 0.25
180 9 152 351 301 55 -1 -1 -1 -1 label : spot-2 0.32
180 10 785 345 54 18 -1 -1 -1 -1 label : spot-1 0.25
181 9 150 352 281 55 -1 -1 -1 -1 label : spot-2 0.26
181 10 786 346 54 17 -1 -1 -1 -1 label : spot-1 0.24
182 9 145 352 290 56 -1 -1 -1 -1 label : spot-2 0.27
182 10 786 346 55 17 -1 -1 -1 -1 label : spot-1 0.24
183 9 134 351 311 59 -1 -1 -1 -1 label : spot-2 0.41
183 10 789 346 56 17 -1 -1 -1 -1 label : spot-1 0.20
184 9 129 351 321 60 -1 -1 -1 -1 label : spot-2 0.41
184 10 790 347 56 17 -1 -1 -1 -1 label : spot-1 0.20
185 9 125 353 324 62 -1 -1 -1 -1 label : spot-2 0.47
185 10 790 347 57 18 -1 -1 -1 -1 label : spot-1 0.17
186 9 122 353 327 63 -1 -1 -1 -1 label : spot-2 0.47
186 10 790 348 58 17 -1 -1 -1 -1 label : spot-1 0.17
187 9 114 353 342 64 -1 -1 -1 -1 label : spot-2 0.47
187 10 789 348 57 18 -1 -1 -1 -1 label : spot-1 0.19
187 11 991 390 168 60 -1 -1 -1 -1 label : spot-1 0.14
188 9 113 353 342 64 -1 -1 -1 -1 label : spot-2 0.46
188 10 789 348 57 18 -1 -1 -1 -1 label : spot-1 0.19
188 11 993 391 168 60 -1 -1 -1 -1 label : spot-1 0.14
189 9 104 354 356 65 -1 -1 -1 -1 label : spot-2 0.48
189 10 791 347 56 19 -1 -1 -1 -1 label : spot-1 0.26
189 11 989 394 186 59 -1 -1 -1 -1 label : spot-1 0.16
189 12 1077 384 90 64 -1 -1 -1 -1 label : spot-1 0.14
190 9 104 354 356 66 -1 -1 -1 -1 label : spot-2 0.48
190 10 791 347 56 19 -1 -1 -1 -1 label : spot-1 0.26
190 11 991 395 186 59 -1 -1 -1 -1 label : spot-1 0.17
190 12 1077 383 92 65 -1 -1 -1 -1 label : spot-1 0.14
191 9 91 356 373 67 -1 -1 -1 -1 label : spot-2 0.52
191 10 790 348 58 19 -1 -1 -1 -1 label : spot-1 0.39
191 11 1000 396 188 60 -1 -1 -1 -1 label : spot-1 0.23
191 12 1089 388 95 63 -1 -1 -1 -1 label : spot-1 0.21
192 9 89 356 374 68 -1 -1 -1 -1 label : spot-2 0.54
192 10 790 348 58 19 -1 -1 -1 -1 label : spot-1 0.40
192 11 1002 397 191 60 -1 -1 -1 -1 label : spot-1 0.21
192 12 1094 389 94 62 -1 -1 -1 -1 label : spot-1 0.21
193 9 86 357 380 68 -1 -1 -1 -1 label : spot-2 0.55
193 10 790 349 62 19 -1 -1 -1 -1 label : spot-1 0.41
193 11 1008 397 191 64 -1 -1 -1 -1 label : spot-1 0.23
193 12 1090 393 107 62 -1 -1 -1 -1 label : spot-1 0.16
194 9 85 358 382 68 -1 -1 -1 -1 label : spot-2 0.55
194 10 791 350 62 18 -1 -1 -1 -1 label : spot-1 0.41
194 11 1008 398 195 65 -1 -1 -1 -1 label : spot-1 0.23
194 12 1091 394 107 62 -1 -1 -1 -1 label : spot-1 0.16
195 9 65 358 397 69 -1 -1 -1 -1 label : spot-2 0.58
195 10 791 350 63 18 -1 -1 -1 -1 label : spot-1 0.32
195 11 1044 399 162 63 -1 -1 -1 -1 label : spot-1 0.22
195 12 1106 392 100 61 -1 -1 -1 -1 label : spot-1 0.21
196 9 59 358 400 69 -1 -1 -1 -1 label : spot-2 0.58
196 10 792 351 61 18 -1 -1 -1 -1 label : spot-1 0.32
196 11 1052 399 161 63 -1 -1 -1 -1 label : spot-1 0.22
196 12 1111 391 99 61 -1 -1 -1 -1 label : spot-1 0.21
197 9 54 357 408 71 -1 -1 -1 -1 label : spot-2 0.56
197 10 793 351 62 18 -1 -1 -1 -1 label : spot-1 0.43
197 11 1058 399 161 64 -1 -1 -1 -1 label : spot-1 0.23
198 9 51 357 412 72 -1 -1 -1 -1 label : spot-2 0.57
198 10 793 351 62 19 -1 -1 -1 -1 label : spot-1 0.43
198 12 1117 393 113 68 -1 -1 -1 -1 label : spot-1 0.23
199 9 50 357 413 71 -1 -1 -1 -1 label : spot-2 0.50
199 10 793 351 63 19 -1 -1 -1 -1 label : spot-1 0.44
199 12 1113 397 131 69 -1 -1 -1 -1 label : spot-1 0.19
200 9 51 357 412 71 -1 -1 -1 -1 label : spot-2 0.50
200 10 793 352 63 18 -1 -1 -1 -1 label : spot-1 0.44
200 12 1115 398 132 69 -1 -1 -1 -1 label : spot-1 0.19
201 9 22 359 439 70 -1 -1 -1 -1 label : spot-2 0.47
201 10 794 353 64 18 -1 -1 -1 -1 label : spot-1 0.39
201 12 1125 401 139 67 -1 -1 -1 -1 label : spot-1 0.20
202 9 18 360 434 69 -1 -1 -1 -1 label : spot-2 0.47
202 10 795 353 64 18 -1 -1 -1 -1 label : spot-1 0.39
202 12 1131 402 138 67 -1 -1 -1 -1 label : spot-1 0.19
203 9 7 359 448 74 -1 -1 -1 -1 label : spot-2 0.42
203 10 795 353 64 18 -1 -1 -1 -1 label : spot-1 0.34
203 11 1051 411 228 78 -1 -1 -1 -1 label : spot-1 0.21
203 12 1135 403 141 68 -1 -1 -1 -1 label : spot-1 0.10
204 9 0 358 459 76 -1 -1 -1 -1 label : spot-2 0.43
204 10 796 353 64 18 -1 -1 -1 -1 label : spot-1 0.34
204 11 1051 412 228 79 -1 -1 -1 -1 label : spot-1 0.21
205 9 7 359 450 73 -1 -1 -1 -1 label : spot-2 0.38
205 10 797 353 64 19 -1 -1 -1 -1 label : spot-1 0.32
205 11 1087 413 188 81 -1 -1 -1 -1 label : spot-1 0.20
206 9 11 359 444 72 -1 -1 -1 -1 label : spot-2 0.38
206 10 797 354 64 18 -1 -1 -1 -1 label : spot-1 0.32
206 11 1091 414 188 81 -1 -1 -1 -1 label : spot-1 0.20
207 9 5 358 449 72 -1 -1 -1 -1 label : spot-2 0.33
207 10 796 353 66 20 -1 -1 -1 -1 label : spot-1 0.28
207 11 1088 414 191 80 -1 -1 -1 -1 label : spot-1 0.20
208 9 3 358 451 70 -1 -1 -1 -1 label : spot-2 0.33
208 10 795 353 67 20 -1 -1 -1 -1 label : spot-1 0.27
208 11 1089 414 190 80 -1 -1 -1 -1 label : spot-1 0.21
209 9 2 358 453 72 -1 -1 -1 -1 label : spot-2 0.33
209 10 796 353 71 19 -1 -1 -1 -1 label : spot-1 0.31
209 11 1116 415 163 77 -1 -1 -1 -1 label : spot-1 0.19
210 9 0 358 457 72 -1 -1 -1 -1 label : spot-2 0.32
210 10 797 353 71 19 -1 -1 -1 -1 label : spot-1 0.30
210 11 1119 416 160 75 -1 -1 -1 -1 label : spot-1 0.19
211 9 0 357 460 73 -1 -1 -1 -1 label : spot-2 0.38
211 10 797 353 72 19 -1 -1 -1 -1 label : spot-1 0.21
211 11 1115 417 164 78 -1 -1 -1 -1 label : spot-1 0.21
211 16 0 369 224 62 -1 -1 -1 -1 label : spot-2 0.17
212 9 0 357 461 73 -1 -1 -1 -1 label : spot-2 0.37
212 10 798 353 72 19 -1 -1 -1 -1 label : spot-1 0.21
212 11 1115 417 164 80 -1 -1 -1 -1 label : spot-1 0.21
212 16 0 367 229 63 -1 -1 -1 -1 label : spot-2 0.17
213 9 0 357 446 71 -1 -1 -1 -1 label : spot-2 0.30
213 10 798 353 73 19 -1 -1 -1 -1 label : spot-1 0.21
213 11 1095 415 184 86 -1 -1 -1 -1 label : spot-1 0.18
213 16 0 369 217 59 -1 -1 -1 -1 label : spot-2 0.14
214 9 0 357 443 71 -1 -1 -1 -1 label : spot-2 0.30
214 10 799 353 73 19 -1 -1 -1 -1 label : spot-1 0.21
214 11 1090 414 189 89 -1 -1 -1 -1 label : spot-1 0.18
214 16 1 369 211 59 -1 -1 -1 -1 label : spot-2 0.14
215 9 0 357 452 72 -1 -1 -1 -1 label : spot-2 0.49
215 10 801 352 72 20 -1 -1 -1 -1 label : spot-1 0.30
215 11 1091 415 188 89 -1 -1 -1 -1 label : spot-1 0.12
216 9 0 357 455 72 -1 -1 -1 -1 label : spot-2 0.49
216 10 801 352 73 20 -1 -1 -1 -1 label : spot-1 0.30
216 16 0 367 217 66 -1 -1 -1 -1 label : spot-2 0.12
217 9 0 357 461 71 -1 -1 -1 -1 label : spot-2 0.30
217 10 803 352 72 20 -1 -1 -1 -1 label : spot-1 0.24
217 16 2 371 170 56 -1 -1 -1 -1 label : spot-2 0.19
218 9 0 358 457 70 -1 -1 -1 -1 label : spot-2 0.30
218 10 804 351 71 21 -1 -1 -1 -1 label : spot-1 0.25
218 16 0 371 156 53 -1 -1 -1 -1 label : spot-2 0.19
219 9 1 357 454 71 -1 -1 -1 -1 label : spot-2 0.33
219 10 805 351 72 21 -1 -1 -1 -1 label : spot-1 0.29
219 16 0 372 151 54 -1 -1 -1 -1 label : spot-2 0.12
220 9 0 357 457 71 -1 -1 -1 -1 label : spot-2 0.32
220 10 805 351 73 21 -1 -1 -1 -1 label : spot-1 0.30
220 16 0 372 152 55 -1 -1 -1 -1 label : spot-2 0.13
221 9 3 357 451 75 -1 -1 -1 -1 label : spot-2 0.40
221 10 806 351 76 22 -1 -1 -1 -1 label : spot-1 0.25
221 16 0 368 211 64 -1 -1 -1 -1 label : spot-2 0.13
222 9 1 357 455 76 -1 -1 -1 -1 label : spot-2 0.39
222 10 806 351 77 22 -1 -1 -1 -1 label : spot-1 0.24
222 16 0 367 224 67 -1 -1 -1 -1 label : spot-2 0.13
223 9 0 356 472 74 -1 -1 -1 -1 label : spot-2 0.35
223 10 807 352 77 22 -1 -1 -1 -1 label : spot-1 0.21
223 11 930 377 107 41 -1 -1 -1 -1 label : spot-1 0.15
224 9 0 356 471 73 -1 -1 -1 -1 label : spot-2 0.36
224 10 807 352 75 22 -1 -1 -1 -1 label : spot-1 0.23
224 11 924 375 99 38 -1 -1 -1 -1 label : spot-1 0.16
225 9 0 355 467 73 -1 -1 -1 -1 label : spot-2 0.31
225 10 807 352 77 22 -1 -1 -1 -1 label : spot-1 0.23
225 11 923 374 100 39 -1 -1 -1 -1 label : spot-1 0.20
226 9 0 355 465 73 -1 -1 -1 -1 label : spot-2 0.33
226 10 808 352 76 22 -1 -1 -1 -1 label : spot-1 0.22
226 11 924 374 99 38 -1 -1 -1 -1 label : spot-1 0.21
227 9 3 354 459 75 -1 -1 -1 -1 label : spot-2 0.32
227 10 807 352 80 21 -1 -1 -1 -1 label : spot-1 0.19
227 11 923 375 107 39 -1 -1 -1 -1 label : spot-1 0.18
228 9 0 354 465 75 -1 -1 -1 -1 label : spot-2 0.32
228 10 807 351 80 22 -1 -1 -1 -1 label : spot-1 0.19
228 11 923 375 109 40 -1 -1 -1 -1 label : spot-1 0.18
229 9 0 355 463 74 -1 -1 -1 -1 label : spot-2 0.41
229 10 811 351 78 23 -1 -1 -1 -1 label : spot-1 0.36
229 11 930 376 111 40 -1 -1 -1 -1 label : spot-1 0.22
230 9 0 355 460 75 -1 -1 -1 -1 label : spot-2 0.41
230 10 812 351 79 23 -1 -1 -1 -1 label : spot-1 0.36
230 11 934 376 110 40 -1 -1 -1 -1 label : spot-1 0.21
231 9 0 356 451 72 -1 -1 -1 -1 label : spot-2 0.32
231 10 810 352 83 23 -1 -1 -1 -1 label : spot-1 0.30
231 11 937 378 111 40 -1 -1 -1 -1 label : spot-1 0.30
232 9 0 356 445 72 -1 -1 -1 -1 label : spot-2 0.32
232 10 809 353 85 22 -1 -1 -1 -1 label : spot-1 0.30
232 11 939 378 110 41 -1 -1 -1 -1 label : spot-1 0.29
233 9 2 356 442 74 -1 -1 -1 -1 label : spot-2 0.35
233 10 811 352 82 24 -1 -1 -1 -1 label : spot-1 0.34
233 11 940 377 116 42 -1 -1 -1 -1 label : spot-1 0.30
234 9 0 356 447 74 -1 -1 -1 -1 label : spot-2 0.35
234 10 811 352 83 24 -1 -1 -1 -1 label : spot-1 0.35
234 11 940 378 118 41 -1 -1 -1 -1 label : spot-1 0.30
235 9 4 354 441 78 -1 -1 -1 -1 label : spot-2 0.37
235 10 808 352 92 23 -1 -1 -1 -1 label : spot-1 0.26
235 11 942 378 122 42 -1 -1 -1 -1 label : spot-1 0.14
235 20 1014 368 52 48 -1 -1 -1 -1 label : spot-1 0.10
236 9 0 354 450 79 -1 -1 -1 -1 label : spot-2 0.36
236 10 809 352 91 23 -1 -1 -1 -1 label : spot-1 0.26
236 11 944 378 122 43 -1 -1 -1 -1 label : spot-1 0.14
236 20 1016 369 52 48 -1 -1 -1 -1 label : spot-1 0.11
237 9 0 356 449 77 -1 -1 -1 -1 label : spot-2 0.30
237 10 811 353 87 23 -1 -1 -1 -1 label : spot-1 0.22
237 11 949 380 124 44 -1 -1 -1 -1 label : spot-1 0.20
238 9 1 356 443 78 -1 -1 -1 -1 label : spot-2 0.31
238 10 811 353 88 23 -1 -1 -1 -1 label : spot-1 0.21
238 11 950 380 126 46 -1 -1 -1 -1 label : spot-1 0.20
239 9 0 354 448 79 -1 -1 -1 -1 label : spot-2 0.42
239 10 809 352 93 23 -1 -1 -1 -1 label : spot-1 0.19
239 11 954 379 128 46 -1 -1 -1 -1 label : spot-1 0.19
240 9 0 354 447 79 -1 -1 -1 -1 label : spot-2 0.43
240 10 809 352 93 23 -1 -1 -1 -1 label : spot-1 0.19
240 11 957 379 127 46 -1 -1 -1 -1 label : spot-1 0.19
241 9 7 359 412 79 -1 -1 -1 -1 label : spot-2 0.40
241 10 813 352 90 24 -1 -1 -1 -1 label : spot-1 0.21
241 11 951 382 144 47 -1 -1 -1 -1 label : spot-1 0.17
242 9 2 361 412 79 -1 -1 -1 -1 label : spot-2 0.40
242 10 814 352 90 24 -1 -1 -1 -1 label : spot-1 0.21
242 11 951 383 146 48 -1 -1 -1 -1 label : spot-1 0.16
243 9 0 361 421 76 -1 -1 -1 -1 label : spot-2 0.37
243 10 813 354 94 24 -1 -1 -1 -1 label : spot-1 0.21
243 11 956 385 148 49 -1 -1 -1 -1 label : spot-1 0.21
244 9 1 362 414 74 -1 -1 -1 -1 label : spot-2 0.38
244 10 813 354 94 24 -1 -1 -1 -1 label : spot-1 0.21
244 11 957 385 150 50 -1 -1 -1 -1 label : spot-1 0.21
245 9 1 360 426 75 -1 -1 -1 -1 label : spot-2 0.30
245 10 813 355 97 24 -1 -1 -1 -1 label : spot-1 0.24
245 11 960 384 155 51 -1 -1 -1 -1 label : spot-1 0.18
246 9 1 360 435 75 -1 -1 -1 -1 label : spot-2 0.31
246 10 814 355 98 25 -1 -1 -1 -1 label : spot-1 0.25
246 11 961 384 157 51 -1 -1 -1 -1 label : spot-1 0.19
247 9 6 358 429 76 -1 -1 -1 -1 label : spot-2 0.32
247 10 814 355 99 25 -1 -1 -1 -1 label : spot-1 0.26
247 11 969 385 158 51 -1 -1 -1 -1 label : spot-1 0.19
248 9 4 358 435 76 -1 -1 -1 -1 label : spot-2 0.33
248 10 814 355 99 25 -1 -1 -1 -1 label : spot-1 0.25
248 11 972 385 158 52 -1 -1 -1 -1 label : spot-1 0.18
249 9 6 358 420 76 -1 -1 -1 -1 label : spot-2 0.35
249 10 813 355 102 25 -1 -1 -1 -1 label : spot-1 0.22
249 11 972 388 166 50 -1 -1 -1 -1 label : spot-1 0.17
250 9 4 358 421 76 -1 -1 -1 -1 label : spot-2 0.35
250 10 814 355 101 26 -1 -1 -1 -1 label : spot-1 0.24
250 11 974 388 165 51 -1 -1 -1 -1 label : spot-1 0.16
251 9 0 358 435 73 -1 -1 -1 -1 label : spot-2 0.43
251 10 812 356 106 25 -1 -1 -1 -1 label : spot-1 0.27
252 9 1 358 431 72 -1 -1 -1 -1 label : spot-2 0.43
252 10 813 356 106 26 -1 -1 -1 -1 label : spot-1 0.29
253 9 5 357 432 76 -1 -1 -1 -1 label : spot-2 0.42
253 10 816 356 104 26 -1 -1 -1 -1 label : spot-1 0.28
254 9 2 357 443 77 -1 -1 -1 -1 label : spot-2 0.42
254 10 816 356 106 27 -1 -1 -1 -1 label : spot-1 0.28
255 9 4 356 447 81 -1 -1 -1 -1 label : spot-2 0.50
255 10 815 356 110 27 -1 -1 -1 -1 label : spot-1 0.27
255 11 1090 392 78 57 -1 -1 -1 -1 label : invalidSpot-entrance 0.16
256 9 1 356 456 82 -1 -1 -1 -1 label : spot-2 0.51
256 10 816 356 109 28 -1 -1 -1 -1 label : spot-1 0.29
256 11 1096 392 79 57 -1 -1 -1 -1 label : invalidSpot-entrance 0.16
257 9 0 357 456 77 -1 -1 -1 -1 label : spot-2 0.47
257 10 815 357 113 29 -1 -1 -1 -1 label : spot-1 0.29
257 11 1095 393 95 61 -1 -1 -1 -1 label : invalidSpot-entrance 0.16
258 9 0 357 448 75 -1 -1 -1 -1 label : spot-2 0.46
258 10 814 357 116 29 -1 -1 -1 -1 label : spot-1 0.29
258 11 1097 393 96 62 -1 -1 -1 -1 label : invalidSpot-entrance 0.16
259 9 0 358 438 72 -1 -1 -1 -1 label : spot-2 0.46
259 10 815 358 118 27 -1 -1 -1 -1 label : spot-1 0.25
260 9 0 358 433 72 -1 -1 -1 -1 label : spot-2 0.46
260 10 818 357 114 28 -1 -1 -1 -1 label : spot-1 0.25
261 9 5 358 420 75 -1 -1 -1 -1 label : spot-2 0.45
261 10 819 357 113 32 -1 -1 -1 -1 label : spot-1 0.31
261 11 1118 398 100 64 -1 -1 -1 -1 label : invalidSpot-entrance 0.14
262 9 1 359 427 75 -1 -1 -1 -1 label : spot-2 0.46
262 10 818 358 116 32 -1 -1 -1 -1 label : spot-1 0.31
262 11 1120 399 100 64 -1 -1 -1 -1 label : invalidSpot-entrance 0.14
263 9 1 359 427 75 -1 -1 -1 -1 label : spot-2 0.44
263 10 813 358 128 29 -1 -1 -1 -1 label : spot-1 0.28
263 11 1122 401 115 65 -1 -1 -1 -1 label : invalidSpot-entrance 0.14
264 9 0 359 429 74 -1 -1 -1 -1 label : spot-2 0.45
264 10 816 358 123 27 -1 -1 -1 -1 label : spot-1 0.28
264 11 1126 402 113 65 -1 -1 -1 -1 label : invalidSpot-entrance 0.15
265 9 3 360 417 75 -1 -1 -1 -1 label : spot-2 0.43
265 10 817 358 121 28 -1 -1 -1 -1 label : spot-1 0.40
265 11 1125 403 131 67 -1 -1 -1 -1 label : invalidSpot-entrance 0.22
266 9 0 360 420 76 -1 -1 -1 -1 label : spot-2 0.42
266 10 817 358 122 28 -1 -1 -1 -1 label : spot-1 0.38
266 11 1127 402 133 68 -1 -1 -1 -1 label : invalidSpot-entrance 0.21
267 9 2 360 417 78 -1 -1 -1 -1 label : spot-2 0.41
267 10 818 360 123 29 -1 -1 -1 -1 label : spot-1 0.28
267 11 1055 404 224 65 -1 -1 -1 -1 label : spot-1 0.17
268 9 0 360 421 78 -1 -1 -1 -1 label : spot-2 0.42
268 10 819 360 122 31 -1 -1 -1 -1 label : spot-1 0.30
268 11 1045 405 230 64 -1 -1 -1 -1 label : spot-1 0.18
269 9 0 360 421 79 -1 -1 -1 -1 label : spot-2 0.34
269 10 818 360 128 32 -1 -1 -1 -1 label : spot-1 0.23
269 11 1044 409 235 59 -1 -1 -1 -1 label : spot-1 0.19
270 9 0 360 422 79 -1 -1 -1 -1 label : spot-2 0.33
270 10 819 360 129 32 -1 -1 -1 -1 label : spot-1 0.22
270 11 1048 411 231 57 -1 -1 -1 -1 label : spot-1 0.20
271 9 4 360 412 82 -1 -1 -1 -1 label : spot-2 0.34
271 10 822 360 129 35 -1 -1 -1 -1 label : spot-1 0.28
271 11 1047 413 232 56 -1 -1 -1 -1 label : spot-1 0.19
272 9 1 360 420 83 -1 -1 -1 -1 label : spot-2 0.34
272 10 821 361 133 35 -1 -1 -1 -1 label : spot-1 0.28
272 11 1055 414 222 63 -1 -1 -1 -1 label : spot-1 0.18
272 23 1138 409 141 72 -1 -1 -1 -1 label : invalidSpot-entrance 0.12
273 9 0 360 428 82 -1 -1 -1 -1 label : spot-2 0.29
273 10 820 361 139 36 -1 -1 -1 -1 label : spot-1 0.26
273 11 1059 414 218 64 -1 -1 -1 -1 label : spot-1 0.20
274 9 0 360 425 82 -1 -1 -1 -1 label : spot-2 0.28
274 10 820 361 140 37 -1 -1 -1 -1 label : spot-1 0.26
274 11 1059 413 220 65 -1 -1 -1 -1 label : spot-1 0.19
275 9 4 360 411 85 -1 -1 -1 -1 label : spot-2 0.30
275 10 823 360 140 39 -1 -1 -1 -1 label : spot-1 0.26
275 11 1059 414 219 68 -1 -1 -1 -1 label : spot-1 0.25
276 9 7 362 385 88 -1 -1 -1 -1 label : spot-2 0.30
276 10 823 360 142 39 -1 -1 -1 -1 label : spot-1 0.26
276 11 1058 414 221 69 -1 -1 -1 -1 label : spot-1 0.26
277 9 0 361 424 84 -1 -1 -1 -1 label : spot-2 0.38
277 10 821 361 149 39 -1 -1 -1 -1 label : spot-1 0.33
277 11 1060 415 217 72 -1 -1 -1 -1 label : spot-1 0.29
278 9 0 361 424 82 -1 -1 -1 -1 label : spot-2 0.39
278 10 822 361 147 39 -1 -1 -1 -1 label : spot-1 0.33
278 11 1059 415 220 74 -1 -1 -1 -1 label : spot-1 0.27
279 9 0 359 427 82 -1 -1 -1 -1 label : spot-2 0.40
279 10 824 362 148 38 -1 -1 -1 -1 label : spot-1 0.26
279 11 1075 416 201 75 -1 -1 -1 -1 label : spot-1 0.21
280 9 0 359 428 83 -1 -1 -1 -1 label : spot-2 0.40
280 10 826 362 147 39 -1 -1 -1 -1 label : spot-1 0.26
280 11 1078 417 201 75 -1 -1 -1 -1 label : spot-1 0.22
281 9 5 359 407 85 -1 -1 -1 -1 label : spot-2 0.39
281 10 825 362 156 37 -1 -1 -1 -1 label : spot-1 0.26
281 11 1083 417 195 79 -1 -1 -1 -1 label : spot-1 0.22
281 26 131 356 302 58 -1 -1 -1 -1 label : spot-2 0.10
282 9 0 358 424 84 -1 -1 -1 -1 label : spot-2 0.40
282 10 827 362 154 37 -1 -1 -1 -1 label : spot-1 0.25
282 11 1082 417 197 81 -1 -1 -1 -1 label : spot-1 0.21
283 9 0 358 417 84 -1 -1 -1 -1 label : spot-2 0.45
283 10 828 361 155 38 -1 -1 -1 -1 label : spot-1 0.24
283 11 1087 417 192 81 -1 -1 -1 -1 label : spot-1 0.19
284 9 0 358 415 84 -1 -1 -1 -1 label : spot-2 0.45
284 10 828 361 156 39 -1 -1 -1 -1 label : spot-1 0.24
284 11 1087 417 192 81 -1 -1 -1 -1 label : spot-1 0.20
285 9 0 361 411 80 -1 -1 -1 -1 label : spot-2 0.41
285 10 829 361 157 40 -1 -1 -1 -1 label : spot-1 0.14
285 11 1104 419 170 90 -1 -1 -1 -1 label : spot-1 0.11
285 26 203 359 213 50 -1 -1 -1 -1 label : spot-2 0.10
286 9 0 362 405 79 -1 -1 -1 -1 label : spot-2 0.39
286 10 829 361 158 40 -1 -1 -1 -1 label : spot-1 0.14
286 11 1103 420 176 93 -1 -1 -1 -1 label : spot-1 0.12
286 26 208 359 206 49 -1 -1 -1 -1 label : spot-2 0.10
287 9 1 359 410 80 -1 -1 -1 -1 label : spot-2 0.40
287 10 831 362 159 40 -1 -1 -1 -1 label : spot-1 0.18
287 11 1107 420 172 95 -1 -1 -1 -1 label : spot-1 0.15
287 26 211 358 202 50 -1 -1 -1 -1 label : spot-2 0.11
287 27 2 372 228 73 -1 -1 -1 -1 label : spot-2 0.11
288 9 3 359 404 81 -1 -1 -1 -1 label : spot-2 0.38
288 10 832 362 160 41 -1 -1 -1 -1 label : spot-1 0.18
288 26 210 357 203 52 -1 -1 -1 -1 label : spot-2 0.14
288 27 0 371 230 76 -1 -1 -1 -1 label : spot-2 0.11
289 9 0 361 406 78 -1 -1 -1 -1 label : spot-2 0.44
289 10 834 361 161 45 -1 -1 -1 -1 label : spot-1 0.25
289 26 211 357 203 52 -1 -1 -1 -1 label : spot-2 0.17
290 9 0 362 403 76 -1 -1 -1 -1 label : spot-2 0.44
290 10 832 361 166 46 -1 -1 -1 -1 label : spot-1 0.26
291 9 0 361 400 77 -1 -1 -1 -1 label : spot-2 0.46
291 10 829 362 177 45 -1 -1 -1 -1 label : spot-1 0.13
292 9 0 361 403 76 -1 -1 -1 -1 label : spot-2 0.46
292 10 832 362 174 45 -1 -1 -1 -1 label : spot-1 0.13
293 9 3 361 401 80 -1 -1 -1 -1 label : spot-2 0.44
293 10 836 361 171 50 -1 -1 -1 -1 label : spot-2 0.42
294 9 1 361 404 82 -1 -1 -1 -1 label : spot-2 0.43
294 10 834 361 178 52 -1 -1 -1 -1 label : spot-2 0.43
294 27 0 371 289 103 -1 -1 -1 -1 label : spot-2 0.10
295 9 0 363 395 78 -1 -1 -1 -1 label : spot-2 0.46
295 10 828 361 191 51 -1 -1 -1 -1 label : spot-2 0.37
296 9 0 364 387 76 -1 -1 -1 -1 label : spot-2 0.45
296 10 828 361 192 51 -1 -1 -1 -1 label : spot-2 0.36
297 9 1 365 382 76 -1 -1 -1 -1 label : spot-2 0.50
297 10 829 362 197 47 -1 -1 -1 -1 label : spot-1 0.15
298 9 0 365 383 76 -1 -1 -1 -1 label : spot-2 0.50
298 10 833 362 191 46 -1 -1 -1 -1 label : spot-1 0.15
299 9 1 365 375 77 -1 -1 -1 -1 label : spot-2 0.42
299 10 839 363 194 48 -1 -1 -1 -1 label : spot-2 0.10
300 9 1 365 373 78 -1 -1 -1 -1 label : spot-2 0.43
300 10 840 363 197 49 -1 -1 -1 -1 label : spot-2 0.10
301 9 0 361 400 82 -1 -1 -1 -1 label : spot-2 0.49
301 10 842 363 197 52 -1 -1 -1 -1 label : spot-2 0.21
302 9 0 359 408 85 -1 -1 -1 -1 label : spot-2 0.49
302 10 841 362 200 54 -1 -1 -1 -1 label : spot-2 0.22
303 9 1 361 391 83 -1 -1 -1 -1 label : spot-2 0.42
303 10 842 365 205 53 -1 -1 -1 -1 label : spot-2 0.10
304 9 1 362 385 83 -1 -1 -1 -1 label : spot-2 0.41
304 10 842 365 206 53 -1 -1 -1 -1 label : spot-2 0.10
305 9 0 362 391 80 -1 -1 -1 -1 label : spot-2 0.53
305 10 842 366 213 53 -1 -1 -1 -1 label : spot-2 0.14
306 9 0 362 389 79 -1 -1 -1 -1 label : spot-2 0.53
306 10 843 366 213 53 -1 -1 -1 -1 label : spot-2 0.14
307 9 5 361 368 82 -1 -1 -1 -1 label : spot-2 0.41
307 10 844 364 219 54 -1 -1 -1 -1 label : spot-2 0.17
308 9 0 361 375 82 -1 -1 -1 -1 label : spot-2 0.41
308 10 845 363 220 54 -1 -1 -1 -1 label : spot-2 0.16
309 9 0 360 375 84 -1 -1 -1 -1 label : spot-2 0.46
309 10 847 362 223 58 -1 -1 -1 -1 label : spot-2 0.26
310 9 0 360 378 84 -1 -1 -1 -1 label : spot-2 0.47
310 10 846 362 228 59 -1 -1 -1 -1 label : spot-2 0.22
311 9 11 358 345 95 -1 -1 -1 -1 label : spot-2 0.48
311 10 847 360 234 62 -1 -1 -1 -1 label : spot-2 0.16
312 9 3 358 356 98 -1 -1 -1 -1 label : spot-2 0.47
312 10 847 360 237 63 -1 -1 -1 -1 label : spot-2 0.15
313 9 0 357 364 93 -1 -1 -1 -1 label : spot-2 0.42
313 10 848 358 242 65 -1 -1 -1 -1 label : spot-2 0.22
314 9 0 356 359 92 -1 -1 -1 -1 label : spot-2 0.42
314 10 849 358 244 65 -1 -1 -1 -1 label : spot-2 0.21
315 9 7 356 338 102 -1 -1 -1 -1 label : spot-2 0.46
315 10 849 357 249 67 -1 -1 -1 -1 label : spot-2 0.41
316 9 1 355 349 106 -1 -1 -1 -1 label : spot-2 0.46
316 10 849 357 251 68 -1 -1 -1 -1 label : spot-2 0.41
317 9 1 356 346 109 -1 -1 -1 -1 label : spot-2 0.39
317 10 849 357 256 68 -1 -1 -1 -1 label : spot-2 0.34
318 9 0 356 349 111 -1 -1 -1 -1 label : spot-2 0.39
318 10 849 356 258 70 -1 -1 -1 -1 label : spot-2 0.34
319 9 0 357 354 103 -1 -1 -1 -1 label : spot-2 0.33
319 10 846 358 272 67 -1 -1 -1 -1 label : spot-2 0.31
320 9 0 357 351 100 -1 -1 -1 -1 label : spot-2 0.34
320 10 848 358 270 67 -1 -1 -1 -1 label : spot-2 0.33
321 9 4 359 332 104 -1 -1 -1 -1 label : spot-2 0.41
321 10 852 358 275 70 -1 -1 -1 -1 label : spot-2 0.34
322 9 0 360 337 106 -1 -1 -1 -1 label : spot-2 0.41
322 10 852 357 280 72 -1 -1 -1 -1 label : spot-2 0.34
323 9 0 359 344 109 -1 -1 -1 -1 label : spot-2 0.39
323 10 854 357 287 73 -1 -1 -1 -1 label : spot-2 0.35
324 9 0 359 347 110 -1 -1 -1 -1 label : spot-2 0.38
324 10 855 357 289 73 -1 -1 -1 -1 label : spot-2 0.35
325 9 0 362 328 107 -1 -1 -1 -1 label : spot-2 0.43
325 10 856 358 297 75 -1 -1 -1 -1 label : spot-2 0.24
325 32 851 356 124 31 -1 -1 -1 -1 label : spot-1 0.12
326 9 0 364 323 106 -1 -1 -1 -1 label : spot-2 0.44
326 10 857 358 298 76 -1 -1 -1 -1 label : spot-2 0.24
326 32 850 357 126 31 -1 -1 -1 -1 label : spot-1 0.11
327 9 0 365 325 101 -1 -1 -1 -1 label : spot-2 0.58
327 10 857 359 306 78 -1 -1 -1 -1 label : spot-2 0.28
328 9 0 366 325 98 -1 -1 -1 -1 label : spot-2 0.57
328 10 856 359 310 80 -1 -1 -1 -1 label : spot-2 0.29
329 9 0 364 343 94 -1 -1 -1 -1 label : spot-2 0.42
329 10 860 361 316 81 -1 -1 -1 -1 label : spot-2 0.37
329 32 854 358 131 33 -1 -1 -1 -1 label : spot-1 0.11
330 9 0 363 343 94 -1 -1 -1 -1 label : spot-2 0.41
330 10 861 362 318 82 -1 -1 -1 -1 label : spot-2 0.37
330 32 855 359 130 33 -1 -1 -1 -1 label : spot-1 0.11
331 9 1 362 346 97 -1 -1 -1 -1 label : spot-2 0.31
331 10 865 363 329 81 -1 -1 -1 -1 label : spot-2 0.30
332 9 0 361 352 98 -1 -1 -1 -1 label : spot-2 0.33
332 10 868 364 329 80 -1 -1 -1 -1 label : spot-2 0.32
333 9 0 359 352 96 -1 -1 -1 -1 label : spot-2 0.37
333 10 869 364 341 83 -1 -1 -1 -1 label : spot-2 0.28
334 9 0 359 350 95 -1 -1 -1 -1 label : spot-2 0.35
334 10 869 365 343 83 -1 -1 -1 -1 label : spot-2 0.28
335 9 0 360 346 92 -1 -1 -1 -1 label : spot-2 0.53
335 10 866 365 353 87 -1 -1 -1 -1 label : spot-2 0.23
336 9 0 360 343 91 -1 -1 -1 -1 label : spot-2 0.53
336 10 866 366 355 87 -1 -1 -1 -1 label : spot-2 0.23
337 9 3 360 326 91 -1 -1 -1 -1 label : spot-2 0.45
337 10 868 366 362 87 -1 -1 -1 -1 label : spot-2 0.21
337 32 860 362 131 34 -1 -1 -1 -1 label : spot-1 0.14
338 9 1 360 326 91 -1 -1 -1 -1 label : spot-2 0.46
338 10 869 366 363 87 -1 -1 -1 -1 label : spot-2 0.20
338 32 861 363 130 33 -1 -1 -1 -1 label : spot-1 0.14
339 9 0 361 327 90 -1 -1 -1 -1 label : spot-2 0.41
339 10 867 366 388 86 -1 -1 -1 -1 label : spot-2 0.19
339 32 864 363 125 33 -1 -1 -1 -1 label : spot-1 0.11
340 9 0 362 326 90 -1 -1 -1 -1 label : spot-2 0.42
340 10 873 367 384 84 -1 -1 -1 -1 label : spot-2 0.19
340 32 865 363 124 33 -1 -1 -1 -1 label : spot-1 0.11
341 9 0 360 329 90 -1 -1 -1 -1 label : spot-2 0.57
341 10 875 365 393 89 -1 -1 -1 -1 label : spot-2 0.29
342 9 0 360 328 89 -1 -1 -1 -1 label : spot-2 0.56
342 10 873 365 401 90 -1 -1 -1 -1 label : spot-2 0.29
343 9 0 359 328 86 -1 -1 -1 -1 label : spot-2 0.57
343 10 877 364 397 96 -1 -1 -1 -1 label : spot-2 0.29
344 9 0 359 326 85 -1 -1 -1 -1 label : spot-2 0.57
344 10 873 364 406 98 -1 -1 -1 -1 label : spot-2 0.29
345 9 0 358 326 82 -1 -1 -1 -1 label : spot-2 0.56
345 10 876 364 403 102 -1 -1 -1 -1 label : spot-2 0.31
346 9 0 358 323 81 -1 -1 -1 -1 label : spot-2 0.56
346 10 874 364 405 103 -1 -1 -1 -1 label : spot-2 0.31
347 9 0 359 320 78 -1 -1 -1 -1 label : spot-2 0.53
347 10 876 363 403 105 -1 -1 -1 -1 label : spot-2 0.17
348 9 0 359 317 78 -1 -1 -1 -1 label : spot-2 0.53
348 10 875 363 404 105 -1 -1 -1 -1 label : spot-2 0.17
349 9 0 359 317 73 -1 -1 -1 -1 label : spot-2 0.53
349 10 878 362 401 106 -1 -1 -1 -1 label : spot-2 0.18
350 9 1 359 309 71 -1 -1 -1 -1 label : spot-2 0.53
350 10 878 362 401 106 -1 -1 -1 -1 label : spot-2 0.18
351 9 2 360 309 66 -1 -1 -1 -1 label : spot-2 0.42
351 10 879 363 400 105 -1 -1 -1 -1 label : spot-2 0.25
352 9 6 360 302 64 -1 -1 -1 -1 label : spot-2 0.44
352 10 880 363 399 106 -1 -1 -1 -1 label : spot-2 0.25
353 9 3 362 301 62 -1 -1 -1 -1 label : spot-2 0.30
353 10 890 363 385 111 -1 -1 -1 -1 label : spot-2 0.15
353 32 879 361 124 35 -1 -1 -1 -1 label : spot-1 0.13
354 9 2 362 300 63 -1 -1 -1 -1 label : spot-2 0.29
354 10 886 363 393 113 -1 -1 -1 -1 label : spot-2 0.15
354 32 880 361 124 35 -1 -1 -1 -1 label : spot-1 0.13
355 9 3 362 298 65 -1 -1 -1 -1 label : spot-2 0.30
355 10 873 364 406 105 -1 -1 -1 -1 label : spot-2 0.28
355 32 881 360 124 36 -1 -1 -1 -1 label : spot-1 0.12
356 9 1 363 303 65 -1 -1 -1 -1 label : spot-2 0.32
356 10 881 365 398 102 -1 -1 -1 -1 label : spot-2 0.26
356 39 397 345 58 16 -1 -1 -1 -1 label : invalidSpot-entrance 0.12
357 9 7 365 287 71 -1 -1 -1 -1 label : spot-2 0.38
357 10 883 365 396 98 -1 -1 -1 -1 label : spot-2 0.22
357 39 394 347 58 16 -1 -1 -1 -1 label : invalidSpot-entrance 0.16
358 9 3 365 294 75 -1 -1 -1 -1 label : spot-2 0.39
358 10 886 366 393 96 -1 -1 -1 -1 label : spot-2 0.22
358 39 393 347 58 16 -1 -1 -1 -1 label : invalidSpot-entrance 0.17
359 9 0 366 295 73 -1 -1 -1 -1 label : spot-2 0.42
359 10 888 366 391 97 -1 -1 -1 -1 label : spot-2 0.30
359 39 394 347 43 17 -1 -1 -1 -1 label : invalidSpot-entrance 0.16
360 9 0 366 293 73 -1 -1 -1 -1 label : spot-2 0.41
360 10 888 366 391 98 -1 -1 -1 -1 label : spot-2 0.30
360 39 392 347 42 17 -1 -1 -1 -1 label : invalidSpot-entrance 0.17
361 9 0 366 298 69 -1 -1 -1 -1 label : spot-2 0.36
361 10 890 367 389 97 -1 -1 -1 -1 label : spot-2 0.34
361 32 888 366 165 40 -1 -1 -1 -1 label : spot-1 0.16
361 39 387 347 49 17 -1 -1 -1 -1 label : invalidSpot-entrance 0.12
362 9 0 367 293 67 -1 -1 -1 -1 label : spot-2 0.37
362 10 890 367 389 97 -1 -1 -1 -1 label : spot-2 0.34
362 32 889 367 166 40 -1 -1 -1 -1 label : spot-1 0.16
362 39 387 348 49 17 -1 -1 -1 -1 label : invalidSpot-entrance 0.11
363 9 0 368 287 66 -1 -1 -1 -1 label : spot-2 0.43
363 10 900 368 371 108 -1 -1 -1 -1 label : spot-2 0.30
363 32 890 367 169 40 -1 -1 -1 -1 label : spot-1 0.11
364 9 0 368 284 66 -1 -1 -1 -1 label : spot-2 0.43
364 10 884 368 395 103 -1 -1 -1 -1 label : spot-2 0.29
364 39 388 349 48 17 -1 -1 -1 -1 label : invalidSpot-entrance 0.12
365 9 1 369 269 65 -1 -1 -1 -1 label : spot-2 0.46
365 10 901 370 371 112 -1 -1 -1 -1 label : spot-2 0.26
365 39 384 350 51 16 -1 -1 -1 -1 label : invalidSpot-entrance 0.15
366 9 0 370 268 63 -1 -1 -1 -1 label : spot-2 0.46
366 10 897 370 380 117 -1 -1 -1 -1 label : spot-2 0.26
366 39 383 350 51 17 -1 -1 -1 -1 label : invalidSpot-entrance 0.17
367 9 0 370 273 65 -1 -1 -1 -1 label : spot-2 0.50
367 10 906 372 372 117 -1 -1 -1 -1 label : spot-2 0.28
367 39 382 350 44 17 -1 -1 -1 -1 label : invalidSpot-entrance 0.17
368 9 0 370 276 66 -1 -1 -1 -1 label : spot-2 0.50
368 10 908 372 371 117 -1 -1 -1 -1 label : spot-2 0.28
368 39 380 350 45 16 -1 -1 -1 -1 label : invalidSpot-entrance 0.17
369 9 7 369 218 61 -1 -1 -1 -1 label : spot-2 0.40
369 10 909 375 370 113 -1 -1 -1 -1 label : spot-2 0.19
369 39 378 350 45 16 -1 -1 -1 -1 label : invalidSpot-entrance 0.17
370 9 1 368 213 60 -1 -1 -1 -1 label : spot-2 0.40
370 10 912 375 367 113 -1 -1 -1 -1 label : spot-2 0.19
370 39 378 351 44 16 -1 -1 -1 -1 label : invalidSpot-entrance 0.17
371 9 0 368 207 60 -1 -1 -1 -1 label : spot-2 0.40
371 10 913 374 366 116 -1 -1 -1 -1 label : spot-2 0.22
371 39 377 350 38 17 -1 -1 -1 -1 label : invalidSpot-entrance 0.12
372 9 0 368 207 60 -1 -1 -1 -1 label : spot-2 0.39
372 10 911 374 368 117 -1 -1 -1 -1 label : spot-2 0.22
372 39 375 350 39 18 -1 -1 -1 -1 label : invalidSpot-entrance 0.12
373 9 2 368 193 64 -1 -1 -1 -1 label : spot-2 0.42
373 10 911 373 368 116 -1 -1 -1 -1 label : spot-2 0.21
373 32 205 365 85 33 -1 -1 -1 -1 label : invalidSpot-entrance 0.14
373 39 374 350 40 17 -1 -1 -1 -1 label : invalidSpot-entrance 0.11
374 9 0 368 197 64 -1 -1 -1 -1 label : spot-2 0.43
374 10 912 373 367 115 -1 -1 -1 -1 label : spot-2 0.21
374 32 179 364 85 33 -1 -1 -1 -1 label : invalidSpot-entrance 0.14
374 39 374 350 40 17 -1 -1 -1 -1 label : invalidSpot-entrance 0.11
375 9 0 370 186 61 -1 -1 -1 -1 label : spot-2 0.43
375 10 915 373 364 116 -1 -1 -1 -1 label : spot-2 0.19
375 32 166 364 91 30 -1 -1 -1 -1 label : invalidSpot-entrance 0.18
375 39 373 350 40 17 -1 -1 -1 -1 label : invalidSpot-entrance 0.13
376 9 0 371 183 60 -1 -1 -1 -1 label : spot-2 0.42
376 10 916 373 363 117 -1 -1 -1 -1 label : spot-2 0.19
376 32 167 364 89 30 -1 -1 -1 -1 label : invalidSpot-entrance 0.17
376 39 372 350 41 18 -1 -1 -1 -1 label : invalidSpot-entrance 0.14
377 9 0 372 176 61 -1 -1 -1 -1 label : spot-2 0.35
377 10 912 374 367 109 -1 -1 -1 -1 label : spot-2 0.22
377 32 167 363 66 33 -1 -1 -1 -1 label : invalidSpot-entrance 0.14
377 39 368 349 44 19 -1 -1 -1 -1 label : invalidSpot-entrance 0.11
378 9 0 372 183 61 -1 -1 -1 -1 label : spot-2 0.35
378 10 918 374 361 105 -1 -1 -1 -1 label : spot-2 0.19
378 32 163 364 67 33 -1 -1 -1 -1 label : invalidSpot-entrance 0.14
378 39 366 349 45 19 -1 -1 -1 -1 label : invalidSpot-entrance 0.10
379 9 0 372 184 63 -1 -1 -1 -1 label : spot-2 0.37
379 10 924 374 354 105 -1 -1 -1 -1 label : spot-2 0.19
379 32 156 363 94 32 -1 -1 -1 -1 label : invalidSpot-entrance 0.14
379 39 364 349 49 18 -1 -1 -1 -1 label : invalidSpot-entrance 0.13
380 9 0 372 185 64 -1 -1 -1 -1 label : spot-2 0.37
380 10 925 374 354 104 -1 -1 -1 -1 label : spot-2 0.19
380 32 158 363 94 31 -1 -1 -1 -1 label : invalidSpot-entrance 0.14
380 39 364 348 48 19 -1 -1 -1 -1 label : invalidSpot-entrance 0.13
381 9 0 370 193 63 -1 -1 -1 -1 label : spot-2 0.44
381 10 923 374 356 103 -1 -1 -1 -1 label : spot-2 0.21
381 32 157 363 93 32 -1 -1 -1 -1 label : invalidSpot-entrance 0.15
381 39 363 348 48 19 -1 -1 -1 -1 label : invalidSpot-entrance 0.15
382 9 0 370 195 62 -1 -1 -1 -1 label : spot-2 0.44
382 10 924 374 355 103 -1 -1 -1 -1 label : spot-2 0.21
382 32 156 363 94 32 -1 -1 -1 -1 label : invalidSpot-entrance 0.14
382 39 363 348 48 19 -1 -1 -1 -1 label : invalidSpot-entrance 0.14
383 9 0 370 188 58 -1 -1 -1 -1 label : spot-2 0.52
383 10 932 374 340 113 -1 -1 -1 -1 label : spot-2 0.20
383 32 151 362 94 33 -1 -1 -1 -1 label : invalidSpot-entrance 0.17
383 39 362 348 48 19 -1 -1 -1 -1 label : invalidSpot-entrance 0.14
384 9 0 370 183 56 -1 -1 -1 -1 label : spot-2 0.50
384 10 926 374 351 117 -1 -1 -1 -1 label : spot-2 0.20
384 32 149 362 95 32 -1 -1 -1 -1 label : invalidSpot-entrance 0.18
384 44 398 312 12 33 -1 -1 -1 -1 label : fireHydrant 0.16
385 9 0 369 212 56 -1 -1 -1 -1 label : spot-2 0.53
385 10 923 375 356 115 -1 -1 -1 -1 label : spot-2 0.28
385 32 144 361 100 32 -1 -1 -1 -1 label : invalidSpot-entrance 0.22
385 44 397 312 11 33 -1 -1 -1 -1 label : fireHydrant 0.17
386 9 0 369 217 56 -1 -1 -1 -1 label : spot-2 0.53
386 10 923 375 356 114 -1 -1 -1 -1 label : spot-2 0.27
386 32 143 360 99 33 -1 -1 -1 -1 label : invalidSpot-entrance 0.22
386 44 396 312 11 33 -1 -1 -1 -1 label : fireHydrant 0.16
387 9 11 371 151 56 -1 -1 -1 -1 label : spot-2 0.42
387 10 929 376 349 115 -1 -1 -1 -1 label : spot-2 0.23
387 32 136 361 105 31 -1 -1 -1 -1 label : invalidSpot-entrance 0.16
387 39 355 351 40 18 -1 -1 -1 -1 label : invalidSpot-entrance 0.13
388 9 3 372 146 55 -1 -1 -1 -1 label : spot-2 0.42
388 10 929 376 350 116 -1 -1 -1 -1 label : spot-2 0.24
388 32 135 361 104 30 -1 -1 -1 -1 label : invalidSpot-entrance 0.16
388 39 354 351 40 19 -1 -1 -1 -1 label : invalidSpot-entrance 0.13
389 9 1 372 142 55 -1 -1 -1 -1 label : spot-2 0.49
389 10 924 376 355 111 -1 -1 -1 -1 label : spot-2 0.22
389 32 133 361 105 30 -1 -1 -1 -1 label : invalidSpot-entrance 0.22
390 9 0 372 142 55 -1 -1 -1 -1 label : spot-2 0.49
390 10 927 377 352 107 -1 -1 -1 -1 label : spot-2 0.22
390 32 133 360 104 31 -1 -1 -1 -1 label : invalidSpot-entrance 0.22
390 39 351 352 44 18 -1 -1 -1 -1 label : invalidSpot-entrance 0.11
391 9 0 370 145 56 -1 -1 -1 -1 label : spot-2 0.45
391 10 932 378 347 104 -1 -1 -1 -1 label : spot-2 0.19
391 32 134 363 61 33 -1 -1 -1 -1 label : invalidSpot-entrance 0.14
391 39 347 353 51 17 -1 -1 -1 -1 label : invalidSpot-entrance 0.14
392 9 0 370 144 56 -1 -1 -1 -1 label : spot-2 0.45
392 10 934 378 345 104 -1 -1 -1 -1 label : spot-2 0.19
392 32 123 364 86 32 -1 -1 -1 -1 label : invalidSpot-entrance 0.14
392 39 347 353 49 18 -1 -1 -1 -1 label : invalidSpot-entrance 0.13
393 9 0 370 142 55 -1 -1 -1 -1 label : spot-2 0.45
393 10 936 379 342 104 -1 -1 -1 -1 label : spot-2 0.27
393 32 120 364 80 34 -1 -1 -1 -1 label : invalidSpot-entrance 0.21
394 10 936 380 342 103 -1 -1 -1 -1 label : spot-2 0.45
394 32 117 364 82 34 -1 -1 -1 -1 label : invalidSpot-entrance 0.27
394 39 345 353 51 18 -1 -1 -1 -1 label : invalidSpot-entrance 0.20
395 10 942 381 335 106 -1 -1 -1 -1 label : spot-2 0.36
395 32 112 365 93 34 -1 -1 -1 -1 label : invalidSpot-entrance 0.18
395 39 344 353 54 18 -1 -1 -1 -1 label : invalidSpot-entrance 0.18
396 10 941 381 338 107 -1 -1 -1 -1 label : spot-2 0.36
396 32 112 365 96 35 -1 -1 -1 -1 label : invalidSpot-entrance 0.19
396 39 344 353 55 18 -1 -1 -1 -1 label : invalidSpot-entrance 0.17
397 10 942 382 337 104 -1 -1 -1 -1 label : spot-2 0.37
397 32 112 366 74 37 -1 -1 -1 -1 label : invalidSpot-entrance 0.30
397 39 340 353 67 18 -1 -1 -1 -1 label : invalidSpot-entrance 0.18
398 10 943 383 336 101 -1 -1 -1 -1 label : spot-2 0.37
398 32 107 367 75 37 -1 -1 -1 -1 label : invalidSpot-entrance 0.29
398 39 341 353 66 18 -1 -1 -1 -1 label : invalidSpot-entrance 0.18
399 10 947 384 332 100 -1 -1 -1 -1 label : spot-2 0.29
399 32 99 367 85 36 -1 -1 -1 -1 label : invalidSpot-entrance 0.27
399 39 340 354 67 17 -1 -1 -1 -1 label : invalidSpot-entrance 0.17
399 44 386 314 11 34 -1 -1 -1 -1 label : fireHydrant 0.17
400 10 947 385 332 99 -1 -1 -1 -1 label : spot-2 0.30
400 32 99 367 84 35 -1 -1 -1 -1 label : invalidSpot-entrance 0.26
400 39 339 354 69 17 -1 -1 -1 -1 label : invalidSpot-entrance 0.18
400 44 386 315 11 34 -1 -1 -1 -1 label : fireHydrant 0.17
401 10 950 385 329 99 -1 -1 -1 -1 label : spot-2 0.28
401 32 90 367 98 34 -1 -1 -1 -1 label : invalidSpot-entrance 0.25
401 39 340 354 50 17 -1 -1 -1 -1 label : invalidSpot-entrance 0.23
401 44 385 315 12 34 -1 -1 -1 -1 label : fireHydrant 0.14
401 46 950 386 329 88 -1 -1 -1 -1 label : spot-1 0.10
402 10 950 385 329 98 -1 -1 -1 -1 label : spot-2 0.28
402 32 90 367 97 33 -1 -1 -1 -1 label : invalidSpot-entrance 0.24
402 39 337 354 49 17 -1 -1 -1 -1 label : invalidSpot-entrance 0.23
402 44 384 315 12 34 -1 -1 -1 -1 label : fireHydrant 0.15
402 46 953 385 326 87 -1 -1 -1 -1 label : spot-1 0.11
403 10 952 385 327 98 -1 -1 -1 -1 label : spot-2 0.36
403 32 85 366 102 36 -1 -1 -1 -1 label : invalidSpot-entrance 0.22
403 39 332 354 52 19 -1 -1 -1 -1 label : invalidSpot-entrance 0.20
403 44 384 315 12 34 -1 -1 -1 -1 label : fireHydrant 0.10
404 32 82 366 107 37 -1 -1 -1 -1 label : invalidSpot-entrance 0.36
404 39 330 354 54 19 -1 -1 -1 -1 label : invalidSpot-entrance 0.23
404 46 954 387 325 83 -1 -1 -1 -1 label : spot-1 0.20
405 32 65 368 128 34 -1 -1 -1 -1 label : invalidSpot-entrance 0.27
405 39 328 354 55 20 -1 -1 -1 -1 label : invalidSpot-entrance 0.21
405 46 958 388 316 88 -1 -1 -1 -1 label : spot-1 0.19
405 47 155 362 42 34 -1 -1 -1 -1 label : invalidSpot-entrance 0.10
406 32 65 368 122 34 -1 -1 -1 -1 label : invalidSpot-entrance 0.28
406 39 328 354 55 21 -1 -1 -1 -1 label : invalidSpot-entrance 0.21
406 46 955 388 323 91 -1 -1 -1 -1 label : spot-1 0.19
406 47 156 362 44 33 -1 -1 -1 -1 label : invalidSpot-entrance 0.11
407 32 67 369 95 33 -1 -1 -1 -1 label : invalidSpot-entrance 0.24
407 39 324 355 61 19 -1 -1 -1 -1 label : invalidSpot-entrance 0.23
407 46 950 390 329 87 -1 -1 -1 -1 label : spot-1 0.22
407 47 153 362 43 34 -1 -1 -1 -1 label : invalidSpot-entrance 0.14
408 32 63 370 94 32 -1 -1 -1 -1 label : invalidSpot-entrance 0.24
408 39 324 355 60 19 -1 -1 -1 -1 label : invalidSpot-entrance 0.24
408 46 953 390 326 86 -1 -1 -1 -1 label : spot-1 0.22
408 47 151 362 43 34 -1 -1 -1 -1 label : invalidSpot-entrance 0.14
409 32 57 370 90 34 -1 -1 -1 -1 label : invalidSpot-entrance 0.27
409 39 319 357 75 19 -1 -1 -1 -1 label : invalidSpot-entrance 0.23
409 46 959 391 320 83 -1 -1 -1 -1 label : spot-1 0.13
409 47 144 366 47 33 -1 -1 -1 -1 label : invalidSpot-entrance 0.12
410 32 53 370 91 35 -1 -1 -1 -1 label : invalidSpot-entrance 0.27
410 39 319 357 76 19 -1 -1 -1 -1 label : invalidSpot-entrance 0.23
410 46 963 392 316 81 -1 -1 -1 -1 label : spot-1 0.14
410 47 142 367 46 32 -1 -1 -1 -1 label : invalidSpot-entrance 0.13
411 32 48 370 93 36 -1 -1 -1 -1 label : invalidSpot-entrance 0.23
411 39 322 357 54 20 -1 -1 -1 -1 label : invalidSpot-entrance 0.22
411 46 977 394 298 83 -1 -1 -1 -1 label : spot-1 0.21
411 47 139 368 43 33 -1 -1 -1 -1 label : invalidSpot-entrance 0.13
412 39 318 357 56 21 -1 -1 -1 -1 label : invalidSpot-entrance 0.24
412 46 978 394 300 84 -1 -1 -1 -1 label : spot-1 0.22
412 47 137 369 43 33 -1 -1 -1 -1 label : invalidSpot-entrance 0.22
413 32 35 371 136 36 -1 -1 -1 -1 label : invalidSpot-entrance 0.25
413 39 317 357 53 21 -1 -1 -1 -1 label : invalidSpot-entrance 0.22
413 46 971 393 308 85 -1 -1 -1 -1 label : spot-1 0.22
413 47 135 369 44 31 -1 -1 -1 -1 label : invalidSpot-entrance 0.15
413 48 317 358 105 17 -1 -1 -1 -1 label : invalidSpot-entrance 0.12
414 32 36 370 136 38 -1 -1 -1 -1 label : invalidSpot-entrance 0.26
414 39 316 357 53 22 -1 -1 -1 -1 label : invalidSpot-entrance 0.23
414 46 970 392 309 86 -1 -1 -1 -1 label : spot-1 0.22
414 47 135 369 43 31 -1 -1 -1 -1 label : invalidSpot-entrance 0.14
414 48 316 358 107 17 -1 -1 -1 -1 label : invalidSpot-entrance 0.12
415 32 34 370 136 37 -1 -1 -1 -1 label : invalidSpot-entrance 0.37
415 39 313 358 57 21 -1 -1 -1 -1 label : invalidSpot-entrance 0.25
415 46 985 393 286 94 -1 -1 -1 -1 label : spot-1 0.24
416 32 34 369 135 38 -1 -1 -1 -1 label : invalidSpot-entrance 0.43
416 39 313 358 58 22 -1 -1 -1 -1 label : invalidSpot-entrance 0.26
416 46 982 394 295 96 -1 -1 -1 -1 label : spot-1 0.24
417 32 26 369 142 37 -1 -1 -1 -1 label : invalidSpot-entrance 0.37
417 39 309 358 64 22 -1 -1 -1 -1 label : invalidSpot-entrance 0.33
417 44 371 313 13 38 -1 -1 -1 -1 label : fireHydrant 0.21
417 46 975 394 304 89 -1 -1 -1 -1 label : spot-1 0.21
418 32 24 369 143 37 -1 -1 -1 -1 label : invalidSpot-entrance 0.38
418 39 310 359 63 22 -1 -1 -1 -1 label : invalidSpot-entrance 0.34
418 44 370 312 13 40 -1 -1 -1 -1 label : fireHydrant 0.21
418 46 982 394 297 86 -1 -1 -1 -1 label : spot-1 0.20
419 32 18 368 140 40 -1 -1 -1 -1 label : invalidSpot-entrance 0.51
419 39 302 357 89 22 -1 -1 -1 -1 label : invalidSpot-entrance 0.24
419 44 369 312 13 40 -1 -1 -1 -1 label : fireHydrant 0.18
420 32 14 368 143 41 -1 -1 -1 -1 label : invalidSpot-entrance 0.51
420 39 304 357 89 22 -1 -1 -1 -1 label : invalidSpot-entrance 0.24
420 46 990 395 289 83 -1 -1 -1 -1 label : spot-1 0.18
421 32 6 369 151 39 -1 -1 -1 -1 label : invalidSpot-entrance 0.39
421 39 301 357 91 21 -1 -1 -1 -1 label : invalidSpot-entrance 0.26
421 46 983 396 296 78 -1 -1 -1 -1 label : spot-1 0.15
