117 1 751 441 480 129 -1 -1 -1 -1 label : spot-2 0.58
118 1 749 442 481 128 -1 -1 -1 -1 label : spot-2 0.58
119 1 748 442 494 126 -1 -1 -1 -1 label : spot-2 0.54
120 1 752 443 490 124 -1 -1 -1 -1 label : spot-2 0.54
121 1 753 445 500 128 -1 -1 -1 -1 label : spot-2 0.56
122 1 753 446 507 130 -1 -1 -1 -1 label : spot-2 0.57
123 1 757 447 486 130 -1 -1 -1 -1 label : spot-2 0.60
124 1 756 448 484 129 -1 -1 -1 -1 label : spot-2 0.60
125 1 756 448 488 132 -1 -1 -1 -1 label : spot-2 0.62
126 1 755 448 489 133 -1 -1 -1 -1 label : spot-2 0.63
127 1 756 450 483 129 -1 -1 -1 -1 label : spot-2 0.49
128 1 758 451 472 127 -1 -1 -1 -1 label : spot-2 0.49
131 1 758 454 462 123 -1 -1 -1 -1 label : spot-2 0.51
132 1 760 455 457 122 -1 -1 -1 -1 label : spot-2 0.49
133 1 760 457 474 124 -1 -1 -1 -1 label : spot-2 0.52
134 1 761 458 482 125 -1 -1 -1 -1 label : spot-2 0.53
143 1 766 461 478 123 -1 -1 -1 -1 label : spot-0.45
144 1 768 462 475 123 -1 -1 -1 -1 label : spot-0.45
145 1 773 462 454 120 -1 -1 -1 -1 label : spot-0.50
146 1 773 461 441 119 -1 -1 -1 -1 label : spot-0.53
149 1 770 462 481 122 -1 -1 -1 -1 label : spot-2 0.47
150 1 774 462 486 124 -1 -1 -1 -1 label : spot-2 0.48
153 1 772 462 475 113 -1 -1 -1 -1 label : spot-0.56
154 1 778 462 456 109 -1 -1 -1 -1 label : spot-0.56
155 1 784 462 432 104 -1 -1 -1 -1 label : spot-0.55
156 1 785 462 424 102 -1 -1 -1 -1 label : spot-0.56
157 1 785 464 439 105 -1 -1 -1 -1 label : spot-0.56
158 1 784 464 446 107 -1 -1 -1 -1 label : spot-0.56
159 1 784 465 462 111 -1 -1 -1 -1 label : spot-0.54
160 1 783 466 470 111 -1 -1 -1 -1 label : spot-0.55
161 1 793 466 461 121 -1 -1 -1 -1 label : spot-0.56
162 1 788 467 473 123 -1 -1 -1 -1 label : spot-0.56
163 1 783 467 475 114 -1 -1 -1 -1 label : spot-0.53
164 1 788 467 458 110 -1 -1 -1 -1 label : spot-0.54
165 1 793 469 449 108 -1 -1 -1 -1 label : spot-0.51
166 1 795 469 445 108 -1 -1 -1 -1 label : spot-0.50
167 1 803 470 424 109 -1 -1 -1 -1 label : spot-0.44
168 1 801 471 428 109 -1 -1 -1 -1 label : spot-0.42
173 1 812 474 381 101 -1 -1 -1 -1 label : spot-0.45
174 1 814 475 368 98 -1 -1 -1 -1 label : spot-0.44
175 1 807 478 429 108 -1 -1 -1 -1 label : spot-0.47
176 1 809 478 445 113 -1 -1 -1 -1 label : spot-0.50
179 1 818 479 435 112 -1 -1 -1 -1 label : spot-0.46
180 1 821 479 432 113 -1 -1 -1 -1 label : spot-0.44
181 1 824 482 441 119 -1 -1 -1 -1 label : spot-0.47
182 1 822 483 449 122 -1 -1 -1 -1 label : spot-0.47
183 1 823 484 452 123 -1 -1 -1 -1 label : spot-0.49
184 1 822 484 454 123 -1 -1 -1 -1 label : spot-0.49
