24 1 860 280 418 131 -1 -1 -1 -1 label : spot-2 0.51
29 1 860 291 419 127 -1 -1 -1 -1 label : spot-2 0.55
38 1 862 318 417 99 -1 -1 -1 -1 label : spot-2 0.53
39 1 873 327 404 98 -1 -1 -1 -1 label : spot-2 0.68
41 1 882 340 393 98 -1 -1 -1 -1 label : spot-2 0.62
42 1 883 346 392 99 -1 -1 -1 -1 label : spot-2 0.68
43 1 877 350 402 97 -1 -1 -1 -1 label : spot-2 0.63
44 1 891 354 381 101 -1 -1 -1 -1 label : spot-2 0.60
46 1 897 360 375 101 -1 -1 -1 -1 label : spot-2 0.51
47 1 891 363 385 95 -1 -1 -1 -1 label : spot-2 0.53
48 1 900 366 373 96 -1 -1 -1 -1 label : spot-2 0.57
49 1 894 368 385 92 -1 -1 -1 -1 label : spot-2 0.58
50 1 900 370 377 91 -1 -1 -1 -1 label : spot-2 0.60
51 1 913 371 356 102 -1 -1 -1 -1 label : spot-2 0.65
52 1 888 373 391 88 -1 -1 -1 -1 label : spot-2 0.65
53 1 914 376 355 96 -1 -1 -1 -1 label : spot-2 0.56
54 1 917 377 356 102 -1 -1 -1 -1 label : spot-2 0.66
55 1 918 378 357 107 -1 -1 -1 -1 label : spot-2 0.71
56 1 906 377 373 100 -1 -1 -1 -1 label : spot-2 0.63
57 1 921 377 353 101 -1 -1 -1 -1 label : spot-2 0.72
58 1 925 378 352 102 -1 -1 -1 -1 label : spot-2 0.76
59 1 925 379 354 98 -1 -1 -1 -1 label : spot-2 0.67
59 5 103 367 20 64 -1 -1 -1 -1 label : fireHydrant 0.63
60 1 931 380 348 98 -1 -1 -1 -1 label : spot-2 0.68
61 1 941 382 334 100 -1 -1 -1 -1 label : spot-2 0.70
61 5 85 370 18 64 -1 -1 -1 -1 label : fireHydrant 0.54
62 1 945 384 333 102 -1 -1 -1 -1 label : spot-2 0.72
63 1 947 385 331 103 -1 -1 -1 -1 label : spot-2 0.71
64 1 949 389 330 97 -1 -1 -1 -1 label : spot-2 0.68
65 1 964 391 310 103 -1 -1 -1 -1 label : spot-2 0.72
66 1 965 392 311 109 -1 -1 -1 -1 label : spot-2 0.74
67 1 961 393 318 105 -1 -1 -1 -1 label : spot-2 0.70
68 1 967 393 312 101 -1 -1 -1 -1 label : spot-2 0.71
69 1 963 392 316 89 -1 -1 -1 -1 label : spot-2 0.64
70 1 983 393 296 86 -1 -1 -1 -1 label : spot-2 0.61
71 1 997 391 276 94 -1 -1 -1 -1 label : spot-2 0.62
72 1 995 391 284 94 -1 -1 -1 -1 label : spot-2 0.51
73 1 1001 391 276 97 -1 -1 -1 -1 label : spot-2 0.53
74 1 1003 392 276 96 -1 -1 -1 -1 label : spot-2 0.65
75 1 1010 395 269 96 -1 -1 -1 -1 label : spot-2 0.59
76 1 1020 396 257 99 -1 -1 -1 -1 label : spot-2 0.54
107 9 1 400 390 76 -1 -1 -1 -1 label : spot-2 0.52
112 9 4 403 340 76 -1 -1 -1 -1 label : spot-2 0.53
163 13 44 408 235 54 -1 -1 -1 -1 label : invalidSpot-entrance 0.50
