31 6 714 455 565 142 -1 -1 -1 -1 label : spot-2 0.43
32 6 720 456 557 147 -1 -1 -1 -1 label : spot-2 0.43
33 6 716 456 563 144 -1 -1 -1 -1 label : spot-2 0.32
34 6 717 455 561 141 -1 -1 -1 -1 label : spot-2 0.34
35 6 720 452 559 141 -1 -1 -1 -1 label : spot-2 0.40
36 6 715 450 564 135 -1 -1 -1 -1 label : spot-2 0.45
37 6 720 449 557 130 -1 -1 -1 -1 label : spot-2 0.50
38 6 725 446 551 131 -1 -1 -1 -1 label : spot-2 0.51
39 6 726 444 551 129 -1 -1 -1 -1 label : spot-2 0.57
40 6 734 443 540 132 -1 -1 -1 -1 label : spot-2 0.58
41 6 741 441 532 139 -1 -1 -1 -1 label : spot-2 0.54
42 6 735 441 544 138 -1 -1 -1 -1 label : spot-2 0.52
43 6 741 442 538 136 -1 -1 -1 -1 label : spot-2 0.56
44 6 747 442 531 137 -1 -1 -1 -1 label : spot-2 0.52
45 6 751 442 524 142 -1 -1 -1 -1 label : spot-2 0.50
46 6 753 443 526 143 -1 -1 -1 -1 label : spot-2 0.47
47 6 757 444 521 144 -1 -1 -1 -1 label : spot-2 0.47
48 6 747 446 532 142 -1 -1 -1 -1 label : spot-2 0.53
49 6 752 447 527 140 -1 -1 -1 -1 label : spot-2 0.48
50 6 748 448 531 137 -1 -1 -1 -1 label : spot-2 0.44
51 6 773 451 503 136 -1 -1 -1 -1 label : spot-2 0.34
52 6 758 452 521 137 -1 -1 -1 -1 label : spot-2 0.37
53 6 763 455 516 136 -1 -1 -1 -1 label : spot-2 0.37
54 6 763 457 516 133 -1 -1 -1 -1 label : spot-2 0.39
55 6 757 457 522 133 -1 -1 -1 -1 label : spot-2 0.36
56 6 769 458 507 134 -1 -1 -1 -1 label : spot-2 0.40
57 6 755 458 524 130 -1 -1 -1 -1 label : spot-2 0.42
58 6 755 458 524 125 -1 -1 -1 -1 label : spot-2 0.52
59 6 754 458 525 118 -1 -1 -1 -1 label : spot-2 0.43
60 6 759 458 520 112 -1 -1 -1 -1 label : spot-2 0.53
61 6 764 458 511 111 -1 -1 -1 -1 label : spot-2 0.42
62 6 765 456 508 111 -1 -1 -1 -1 label : spot-2 0.48
63 6 770 456 498 114 -1 -1 -1 -1 label : spot-2 0.53
64 6 760 457 514 111 -1 -1 -1 -1 label : spot-2 0.59
65 6 760 459 510 111 -1 -1 -1 -1 label : spot-2 0.57
66 6 765 459 499 122 -1 -1 -1 -1 label : spot-2 0.58
67 6 766 462 499 132 -1 -1 -1 -1 label : spot-2 0.34
69 6 752 464 524 135 -1 -1 -1 -1 label : spot-2 0.52
70 6 740 465 539 131 -1 -1 -1 -1 label : spot-2 0.52
71 6 740 466 539 130 -1 -1 -1 -1 label : spot-2 0.55
72 6 739 469 538 133 -1 -1 -1 -1 label : spot-2 0.54
73 6 740 470 532 142 -1 -1 -1 -1 label : spot-2 0.56
74 6 733 472 543 147 -1 -1 -1 -1 label : spot-2 0.59
75 6 727 471 552 150 -1 -1 -1 -1 label : spot-2 0.53
76 6 724 472 555 150 -1 -1 -1 -1 label : spot-2 0.55
77 6 720 471 559 150 -1 -1 -1 -1 label : spot-2 0.53
78 6 721 470 557 151 -1 -1 -1 -1 label : spot-2 0.46
79 6 716 472 563 149 -1 -1 -1 -1 label : spot-2 0.48
80 6 721 471 557 150 -1 -1 -1 -1 label : spot-2 0.46
81 6 717 473 562 148 -1 -1 -1 -1 label : spot-2 0.50
82 6 720 475 559 147 -1 -1 -1 -1 label : spot-2 0.48
83 6 727 476 550 149 -1 -1 -1 -1 label : spot-2 0.50
84 6 722 478 557 149 -1 -1 -1 -1 label : spot-2 0.51
85 6 721 480 558 147 -1 -1 -1 -1 label : spot-2 0.52
86 6 724 483 555 146 -1 -1 -1 -1 label : spot-2 0.44
87 6 727 487 552 145 -1 -1 -1 -1 label : spot-2 0.49
88 6 740 488 534 150 -1 -1 -1 -1 label : spot-2 0.47
89 6 744 489 531 153 -1 -1 -1 -1 label : spot-2 0.51
90 6 738 490 541 149 -1 -1 -1 -1 label : spot-2 0.49
91 6 741 491 538 147 -1 -1 -1 -1 label : spot-2 0.44
92 6 744 491 535 144 -1 -1 -1 -1 label : spot-2 0.43
93 6 752 492 527 141 -1 -1 -1 -1 label : spot-2 0.42
94 6 757 493 522 138 -1 -1 -1 -1 label : spot-2 0.43
95 6 767 494 511 137 -1 -1 -1 -1 label : spot-2 0.39
96 6 768 496 511 134 -1 -1 -1 -1 label : spot-2 0.34
98 6 769 501 510 129 -1 -1 -1 -1 label : spot-1 0.33
99 6 780 503 499 127 -1 -1 -1 -1 label : spot-1 0.43
100 6 789 506 490 122 -1 -1 -1 -1 label : spot-1 0.60
101 6 800 507 478 121 -1 -1 -1 -1 label : spot-1 0.67
102 6 802 509 477 121 -1 -1 -1 -1 label : spot-1 0.72
103 6 813 511 464 121 -1 -1 -1 -1 label : spot-1 0.70
104 6 831 515 443 123 -1 -1 -1 -1 label : spot-1 0.66
105 6 841 517 432 128 -1 -1 -1 -1 label : spot-1 0.65
106 6 845 521 434 126 -1 -1 -1 -1 label : spot-1 0.59
107 6 863 524 412 128 -1 -1 -1 -1 label : spot-1 0.51
108 6 865 527 413 129 -1 -1 -1 -1 label : spot-1 0.49
109 6 905 531 368 129 -1 -1 -1 -1 label : spot-1 0.43
110 6 938 533 337 125 -1 -1 -1 -1 label : spot-1 0.42
112 6 1082 539 170 122 -1 -1 -1 -1 label : spot-1 0.31
164 8 675 448 139 88 -1 -1 -1 -1 label : spot-1 0.52
165 8 679 448 147 90 -1 -1 -1 -1 label : spot-1 0.41
166 8 685 449 156 97 -1 -1 -1 -1 label : spot-1 0.49
167 8 688 451 166 105 -1 -1 -1 -1 label : spot-1 0.52
168 8 690 453 180 113 -1 -1 -1 -1 label : spot-1 0.46
169 8 690 454 195 119 -1 -1 -1 -1 label : spot-1 0.58
170 8 696 455 206 134 -1 -1 -1 -1 label : spot-1 0.46
177 8 665 465 442 125 -1 -1 -1 -1 label : spot-2 0.36
189 8 753 495 471 140 -1 -1 -1 -1 label : spot-1 0.34
255 9 919 489 348 100 -1 -1 -1 -1 label : spot-1 0.32
272 10 147 489 153 52 -1 -1 -1 -1 label : spot-1 0.35
273 10 140 490 179 51 -1 -1 -1 -1 label : spot-1 0.32
275 10 142 491 162 55 -1 -1 -1 -1 label : spot-1 0.36
276 10 138 492 158 55 -1 -1 -1 -1 label : spot-1 0.34
277 10 122 494 215 54 -1 -1 -1 -1 label : spot-1 0.35
278 10 123 495 213 56 -1 -1 -1 -1 label : spot-1 0.39
279 10 122 495 201 58 -1 -1 -1 -1 label : spot-1 0.45
280 10 110 496 229 59 -1 -1 -1 -1 label : spot-1 0.57
281 10 105 498 240 59 -1 -1 -1 -1 label : spot-1 0.57
282 10 100 499 250 61 -1 -1 -1 -1 label : spot-1 0.55
283 10 101 500 239 67 -1 -1 -1 -1 label : spot-1 0.52
284 10 90 501 257 70 -1 -1 -1 -1 label : spot-1 0.57
285 10 78 502 278 70 -1 -1 -1 -1 label : spot-1 0.60
286 10 68 504 290 67 -1 -1 -1 -1 label : spot-1 0.61
287 10 64 505 286 68 -1 -1 -1 -1 label : spot-1 0.55
288 10 53 506 302 69 -1 -1 -1 -1 label : spot-1 0.49
289 10 42 508 309 71 -1 -1 -1 -1 label : spot-1 0.53
290 10 27 509 330 72 -1 -1 -1 -1 label : spot-1 0.35
294 10 11 518 323 75 -1 -1 -1 -1 label : invalidSpot-entrance 0.42
299 10 6 531 312 101 -1 -1 -1 -1 label : spot-1 0.37
300 10 0 532 322 106 -1 -1 -1 -1 label : spot-1 0.46
301 10 0 535 324 108 -1 -1 -1 -1 label : spot-1 0.58
302 10 0 537 326 108 -1 -1 -1 -1 label : spot-1 0.48
303 10 0 539 324 110 -1 -1 -1 -1 label : spot-1 0.60
304 10 0 542 319 111 -1 -1 -1 -1 label : spot-1 0.50
305 10 0 544 313 110 -1 -1 -1 -1 label : spot-1 0.42
306 10 1 544 301 114 -1 -1 -1 -1 label : spot-1 0.38
307 10 8 545 242 114 -1 -1 -1 -1 label : spot-1 0.34
308 10 11 547 219 135 -1 -1 -1 -1 label : spot-1 0.33
309 10 0 552 297 131 -1 -1 -1 -1 label : spot-1 0.40
310 10 0 556 304 123 -1 -1 -1 -1 label : spot-1 0.36
311 10 17 553 203 137 -1 -1 -1 -1 label : spot-1 0.38
312 10 2 552 206 139 -1 -1 -1 -1 label : spot-1 0.42
313 10 0 561 274 144 -1 -1 -1 -1 label : spot-1 0.45
314 10 0 566 287 147 -1 -1 -1 -1 label : spot-1 0.43
315 10 0 569 274 143 -1 -1 -1 -1 label : spot-1 0.36
316 10 0 576 281 141 -1 -1 -1 -1 label : spot-1 0.39
509 15 916 371 13 32 -1 -1 -1 -1 label : fireHydrant 0.30
510 15 916 370 12 32 -1 -1 -1 -1 label : fireHydrant 0.36
511 15 915 370 12 32 -1 -1 -1 -1 label : fireHydrant 0.34
525 15 910 373 13 32 -1 -1 -1 -1 label : fireHydrant 0.47
526 15 909 373 13 32 -1 -1 -1 -1 label : fireHydrant 0.56
527 15 909 374 13 32 -1 -1 -1 -1 label : fireHydrant 0.57
528 15 909 374 13 32 -1 -1 -1 -1 label : fireHydrant 0.62
529 15 909 374 13 32 -1 -1 -1 -1 label : fireHydrant 0.64
530 15 909 374 13 33 -1 -1 -1 -1 label : fireHydrant 0.64
531 15 909 374 13 33 -1 -1 -1 -1 label : fireHydrant 0.62
532 15 909 374 13 33 -1 -1 -1 -1 label : fireHydrant 0.67
533 15 908 374 14 33 -1 -1 -1 -1 label : fireHydrant 0.65
534 15 909 374 13 34 -1 -1 -1 -1 label : fireHydrant 0.62
535 15 909 375 14 34 -1 -1 -1 -1 label : fireHydrant 0.63
536 15 909 375 14 34 -1 -1 -1 -1 label : fireHydrant 0.59
537 15 910 376 13 33 -1 -1 -1 -1 label : fireHydrant 0.56
538 15 910 377 13 33 -1 -1 -1 -1 label : fireHydrant 0.53
539 15 910 378 13 32 -1 -1 -1 -1 label : fireHydrant 0.52
540 15 910 378 13 32 -1 -1 -1 -1 label : fireHydrant 0.57
541 15 911 378 12 32 -1 -1 -1 -1 label : fireHydrant 0.43
542 15 911 378 12 32 -1 -1 -1 -1 label : fireHydrant 0.42
543 15 910 378 13 32 -1 -1 -1 -1 label : fireHydrant 0.39
544 15 910 377 13 33 -1 -1 -1 -1 label : fireHydrant 0.42
545 15 910 377 13 33 -1 -1 -1 -1 label : fireHydrant 0.44
546 15 910 377 14 33 -1 -1 -1 -1 label : fireHydrant 0.35
551 15 910 377 14 34 -1 -1 -1 -1 label : fireHydrant 0.32
552 15 910 378 14 33 -1 -1 -1 -1 label : fireHydrant 0.43
553 15 910 378 14 34 -1 -1 -1 -1 label : fireHydrant 0.35
557 15 910 378 15 34 -1 -1 -1 -1 label : fireHydrant 0.44
558 15 911 378 13 34 -1 -1 -1 -1 label : fireHydrant 0.37
560 15 911 378 13 34 -1 -1 -1 -1 label : fireHydrant 0.38
561 15 910 378 14 34 -1 -1 -1 -1 label : fireHydrant 0.43
562 15 910 378 15 35 -1 -1 -1 -1 label : fireHydrant 0.51
562 20 241 327 16 38 -1 -1 -1 -1 label : fireHydrant 0.47
563 15 911 378 12 33 -1 -1 -1 -1 label : fireHydrant 0.43
583 15 798 371 11 30 -1 -1 -1 -1 label : fireHydrant 0.33
584 15 754 368 10 27 -1 -1 -1 -1 label : fireHydrant 0.50
597 15 885 375 12 33 -1 -1 -1 -1 label : fireHydrant 0.31
598 15 903 377 14 34 -1 -1 -1 -1 label : fireHydrant 0.38
599 15 910 377 13 34 -1 -1 -1 -1 label : fireHydrant 0.42
600 15 913 378 13 34 -1 -1 -1 -1 label : fireHydrant 0.41
601 15 914 378 13 34 -1 -1 -1 -1 label : fireHydrant 0.38
602 15 913 378 14 34 -1 -1 -1 -1 label : fireHydrant 0.42
603 15 913 378 14 34 -1 -1 -1 -1 label : fireHydrant 0.36
627 15 913 378 14 35 -1 -1 -1 -1 label : fireHydrant 0.41
696 25 912 378 12 35 -1 -1 -1 -1 label : fireHydrant 0.47
697 25 912 378 12 35 -1 -1 -1 -1 label : fireHydrant 0.44
698 25 912 378 12 35 -1 -1 -1 -1 label : fireHydrant 0.42
699 25 911 378 14 35 -1 -1 -1 -1 label : fireHydrant 0.38
700 25 910 378 15 35 -1 -1 -1 -1 label : fireHydrant 0.32
701 25 910 378 15 35 -1 -1 -1 -1 label : fireHydrant 0.51
703 26 241 329 16 37 -1 -1 -1 -1 label : fireHydrant 0.47
704 26 241 328 15 39 -1 -1 -1 -1 label : fireHydrant 0.54
705 25 751 366 12 37 -1 -1 -1 -1 label : fireHydrant 0.47
705 26 240 328 17 39 -1 -1 -1 -1 label : fireHydrant 0.40
706 25 738 365 12 36 -1 -1 -1 -1 label : fireHydrant 0.35
706 26 240 329 17 38 -1 -1 -1 -1 label : fireHydrant 0.35
707 25 721 364 12 36 -1 -1 -1 -1 label : fireHydrant 0.43
709 26 241 329 16 37 -1 -1 -1 -1 label : fireHydrant 0.34
710 26 241 329 16 37 -1 -1 -1 -1 label : fireHydrant 0.37
711 26 241 329 15 38 -1 -1 -1 -1 label : fireHydrant 0.32
712 26 242 329 14 38 -1 -1 -1 -1 label : fireHydrant 0.35
713 26 241 329 15 38 -1 -1 -1 -1 label : fireHydrant 0.31
714 26 241 330 15 37 -1 -1 -1 -1 label : fireHydrant 0.46
715 26 242 330 15 36 -1 -1 -1 -1 label : fireHydrant 0.32
716 26 242 330 14 36 -1 -1 -1 -1 label : fireHydrant 0.32
717 25 905 378 13 35 -1 -1 -1 -1 label : fireHydrant 0.30
719 26 241 328 15 39 -1 -1 -1 -1 label : fireHydrant 0.31
733 25 913 379 14 34 -1 -1 -1 -1 label : fireHydrant 0.45
734 25 915 379 13 34 -1 -1 -1 -1 label : fireHydrant 0.41
735 25 915 379 13 34 -1 -1 -1 -1 label : fireHydrant 0.42
736 25 915 379 13 34 -1 -1 -1 -1 label : fireHydrant 0.47
737 25 914 379 13 34 -1 -1 -1 -1 label : fireHydrant 0.49
738 25 913 379 14 34 -1 -1 -1 -1 label : fireHydrant 0.59
738 26 240 329 17 39 -1 -1 -1 -1 label : fireHydrant 0.32
739 25 913 379 14 34 -1 -1 -1 -1 label : fireHydrant 0.57
739 26 240 330 16 39 -1 -1 -1 -1 label : fireHydrant 0.34
740 25 913 379 13 33 -1 -1 -1 -1 label : fireHydrant 0.58
741 25 912 379 14 33 -1 -1 -1 -1 label : fireHydrant 0.57
742 25 913 379 13 33 -1 -1 -1 -1 label : fireHydrant 0.52
743 25 912 379 14 33 -1 -1 -1 -1 label : fireHydrant 0.49
744 25 911 379 14 33 -1 -1 -1 -1 label : fireHydrant 0.50
745 25 911 379 14 34 -1 -1 -1 -1 label : fireHydrant 0.49
746 25 911 379 13 33 -1 -1 -1 -1 label : fireHydrant 0.47
770 25 911 379 13 33 -1 -1 -1 -1 label : fireHydrant 0.47
771 25 912 378 12 34 -1 -1 -1 -1 label : fireHydrant 0.44
775 25 911 378 14 34 -1 -1 -1 -1 label : fireHydrant 0.39
776 25 911 378 14 35 -1 -1 -1 -1 label : fireHydrant 0.38
777 25 911 378 14 35 -1 -1 -1 -1 label : fireHydrant 0.32
780 25 911 378 14 35 -1 -1 -1 -1 label : fireHydrant 0.35
781 25 911 378 13 35 -1 -1 -1 -1 label : fireHydrant 0.34
782 25 911 378 13 35 -1 -1 -1 -1 label : fireHydrant 0.35
783 25 911 378 13 35 -1 -1 -1 -1 label : fireHydrant 0.44
784 25 911 379 13 34 -1 -1 -1 -1 label : fireHydrant 0.41
785 25 911 379 13 34 -1 -1 -1 -1 label : fireHydrant 0.40
786 25 911 379 13 34 -1 -1 -1 -1 label : fireHydrant 0.38
787 25 911 379 13 34 -1 -1 -1 -1 label : fireHydrant 0.40
788 25 911 378 13 34 -1 -1 -1 -1 label : fireHydrant 0.35
789 25 912 378 11 34 -1 -1 -1 -1 label : fireHydrant 0.35
804 25 911 378 13 34 -1 -1 -1 -1 label : fireHydrant 0.42
942 32 910 379 12 34 -1 -1 -1 -1 label : fireHydrant 0.33
943 32 910 379 13 34 -1 -1 -1 -1 label : fireHydrant 0.35
944 32 910 379 13 34 -1 -1 -1 -1 label : fireHydrant 0.33
945 32 910 379 13 34 -1 -1 -1 -1 label : fireHydrant 0.34
946 32 911 379 13 34 -1 -1 -1 -1 label : fireHydrant 0.31
947 32 911 379 13 34 -1 -1 -1 -1 label : fireHydrant 0.31
948 32 911 379 13 34 -1 -1 -1 -1 label : fireHydrant 0.31
953 32 911 379 12 33 -1 -1 -1 -1 label : fireHydrant 0.31
972 32 911 378 13 34 -1 -1 -1 -1 label : fireHydrant 0.31
986 32 911 378 12 34 -1 -1 -1 -1 label : fireHydrant 0.39
987 32 912 378 11 35 -1 -1 -1 -1 label : fireHydrant 0.37
988 32 912 379 11 34 -1 -1 -1 -1 label : fireHydrant 0.32
989 32 911 378 12 34 -1 -1 -1 -1 label : fireHydrant 0.32
1012 32 910 378 13 34 -1 -1 -1 -1 label : fireHydrant 0.37
1013 32 910 378 13 34 -1 -1 -1 -1 label : fireHydrant 0.33
1024 32 910 378 13 34 -1 -1 -1 -1 label : fireHydrant 0.33
1025 32 911 378 12 34 -1 -1 -1 -1 label : fireHydrant 0.39
1026 32 911 378 12 34 -1 -1 -1 -1 label : fireHydrant 0.30
