142 2 199 425 132 57 -1 -1 -1 -1 label : spot-1 0.56
143 2 198 426 131 55 -1 -1 -1 -1 label : spot-1 0.55
144 2 187 429 150 56 -1 -1 -1 -1 label : spot-1 0.53
145 2 187 430 147 56 -1 -1 -1 -1 label : spot-1 0.54
146 2 171 432 182 58 -1 -1 -1 -1 label : spot-1 0.57
147 2 170 433 185 59 -1 -1 -1 -1 label : spot-1 0.57
148 2 159 434 200 61 -1 -1 -1 -1 label : spot-1 0.55
149 2 157 435 201 61 -1 -1 -1 -1 label : spot-1 0.55
150 2 147 436 190 63 -1 -1 -1 -1 label : spot-1 0.55
151 2 141 437 187 63 -1 -1 -1 -1 label : spot-1 0.54
152 2 130 439 185 64 -1 -1 -1 -1 label : spot-1 0.59
153 2 125 440 186 63 -1 -1 -1 -1 label : spot-1 0.59
154 2 106 443 223 62 -1 -1 -1 -1 label : spot-1 0.57
155 2 106 444 222 62 -1 -1 -1 -1 label : spot-1 0.57
256 3 2 401 29 81 -1 -1 -1 -1 label : fireHydrant 0.67
257 3 0 402 28 81 -1 -1 -1 -1 label : fireHydrant 0.67
258 3 0 403 17 81 -1 -1 -1 -1 label : fireHydrant 0.54
259 3 0 405 16 80 -1 -1 -1 -1 label : fireHydrant 0.54
