9 3 795 423 81 30 -1 -1 -1 -1 label : spot-1 0.13
13 3 798 424 87 30 -1 -1 -1 -1 label : spot-1 0.10
15 3 800 422 93 29 -1 -1 -1 -1 label : spot-1 0.18
24 3 817 419 97 32 -1 -1 -1 -1 label : spot-1 0.11
25 3 820 420 105 34 -1 -1 -1 -1 label : spot-1 0.20
26 3 822 420 109 34 -1 -1 -1 -1 label : spot-1 0.22
27 3 822 421 113 34 -1 -1 -1 -1 label : spot-1 0.20
28 3 824 421 116 34 -1 -1 -1 -1 label : spot-1 0.18
29 3 826 421 117 34 -1 -1 -1 -1 label : spot-1 0.14
30 3 834 421 111 36 -1 -1 -1 -1 label : spot-1 0.20
31 3 834 421 116 37 -1 -1 -1 -1 label : spot-1 0.21
32 3 828 421 131 36 -1 -1 -1 -1 label : spot-1 0.23
33 3 838 422 124 34 -1 -1 -1 -1 label : spot-1 0.12
34 3 852 420 110 36 -1 -1 -1 -1 label : spot-1 0.21
35 3 861 418 107 38 -1 -1 -1 -1 label : spot-1 0.30
36 3 859 419 118 37 -1 -1 -1 -1 label : spot-1 0.17
37 3 852 420 131 38 -1 -1 -1 -1 label : spot-1 0.28
38 3 851 420 137 40 -1 -1 -1 -1 label : spot-1 0.30
39 3 855 422 137 40 -1 -1 -1 -1 label : spot-1 0.27
40 3 857 422 140 43 -1 -1 -1 -1 label : spot-1 0.30
41 3 868 422 133 44 -1 -1 -1 -1 label : spot-1 0.26
42 3 868 424 143 45 -1 -1 -1 -1 label : spot-1 0.22
43 3 873 425 142 48 -1 -1 -1 -1 label : spot-1 0.40
43 4 310 447 120 37 -1 -1 -1 -1 label : spot-1 0.21
44 3 890 425 130 48 -1 -1 -1 -1 label : spot-1 0.16
44 4 307 448 125 37 -1 -1 -1 -1 label : spot-1 0.13
45 3 869 427 166 50 -1 -1 -1 -1 label : spot-1 0.28
45 4 306 448 115 37 -1 -1 -1 -1 label : spot-1 0.23
46 3 873 429 166 51 -1 -1 -1 -1 label : spot-1 0.28
46 4 300 449 129 39 -1 -1 -1 -1 label : spot-1 0.27
47 3 873 431 175 52 -1 -1 -1 -1 label : spot-1 0.30
47 4 298 450 131 40 -1 -1 -1 -1 label : spot-1 0.27
48 3 883 433 171 52 -1 -1 -1 -1 label : spot-1 0.26
48 4 295 451 136 41 -1 -1 -1 -1 label : spot-1 0.21
49 3 894 434 168 55 -1 -1 -1 -1 label : spot-1 0.37
49 4 291 452 130 41 -1 -1 -1 -1 label : spot-1 0.21
50 3 896 434 176 56 -1 -1 -1 -1 label : spot-1 0.23
50 4 286 454 127 39 -1 -1 -1 -1 label : spot-1 0.15
51 3 913 433 163 60 -1 -1 -1 -1 label : spot-1 0.23
51 4 281 455 129 39 -1 -1 -1 -1 label : spot-1 0.23
52 3 910 435 181 59 -1 -1 -1 -1 label : spot-1 0.18
52 4 277 457 139 41 -1 -1 -1 -1 label : spot-1 0.16
53 3 924 437 172 60 -1 -1 -1 -1 label : spot-1 0.29
53 4 270 460 145 40 -1 -1 -1 -1 label : spot-1 0.28
54 3 928 438 178 63 -1 -1 -1 -1 label : spot-1 0.34
54 4 265 461 153 41 -1 -1 -1 -1 label : spot-1 0.29
55 3 929 439 190 64 -1 -1 -1 -1 label : spot-2 0.28
55 4 264 462 152 42 -1 -1 -1 -1 label : spot-1 0.17
56 3 948 438 178 68 -1 -1 -1 -1 label : spot-1 0.31
56 4 258 462 163 44 -1 -1 -1 -1 label : spot-1 0.22
57 3 941 440 202 67 -1 -1 -1 -1 label : spot-1 0.28
57 4 255 462 166 47 -1 -1 -1 -1 label : spot-1 0.18
58 3 945 440 207 68 -1 -1 -1 -1 label : spot-2 0.26
58 4 247 461 176 46 -1 -1 -1 -1 label : spot-1 0.21
59 3 918 441 251 71 -1 -1 -1 -1 label : spot-2 0.31
59 4 241 462 180 44 -1 -1 -1 -1 label : spot-1 0.19
60 3 925 441 248 76 -1 -1 -1 -1 label : spot-2 0.31
60 4 236 462 185 44 -1 -1 -1 -1 label : spot-1 0.28
61 3 919 440 272 78 -1 -1 -1 -1 label : spot-2 0.32
61 4 232 461 179 46 -1 -1 -1 -1 label : spot-1 0.21
61 7 829 375 9 26 -1 -1 -1 -1 label : fireHydrant 0.14
62 3 926 440 279 76 -1 -1 -1 -1 label : spot-2 0.21
62 4 227 460 176 47 -1 -1 -1 -1 label : spot-1 0.18
62 7 830 375 9 25 -1 -1 -1 -1 label : fireHydrant 0.14
63 3 927 440 289 78 -1 -1 -1 -1 label : spot-2 0.22
63 4 219 459 181 47 -1 -1 -1 -1 label : spot-1 0.19
64 3 923 439 316 75 -1 -1 -1 -1 label : spot-2 0.25
64 4 210 457 189 46 -1 -1 -1 -1 label : spot-1 0.21
64 7 831 372 10 25 -1 -1 -1 -1 label : fireHydrant 0.19
65 3 931 437 322 80 -1 -1 -1 -1 label : spot-2 0.28
65 4 206 457 193 45 -1 -1 -1 -1 label : spot-1 0.16
65 7 832 369 11 26 -1 -1 -1 -1 label : fireHydrant 0.14
66 3 934 436 338 83 -1 -1 -1 -1 label : spot-2 0.31
66 4 205 455 190 45 -1 -1 -1 -1 label : spot-1 0.29
66 7 835 366 10 28 -1 -1 -1 -1 label : fireHydrant 0.14
67 3 953 436 318 91 -1 -1 -1 -1 label : spot-2 0.47
67 4 200 454 193 46 -1 -1 -1 -1 label : spot-1 0.14
68 3 949 436 326 103 -1 -1 -1 -1 label : spot-2 0.41
68 7 834 367 10 26 -1 -1 -1 -1 label : fireHydrant 0.24
69 3 946 436 333 109 -1 -1 -1 -1 label : spot-2 0.44
69 7 834 367 10 27 -1 -1 -1 -1 label : fireHydrant 0.11
70 3 946 437 333 111 -1 -1 -1 -1 label : spot-2 0.37
71 3 952 438 327 111 -1 -1 -1 -1 label : spot-2 0.30
72 3 981 441 298 108 -1 -1 -1 -1 label : spot-2 0.23
73 3 981 443 298 103 -1 -1 -1 -1 label : spot-2 0.22
74 3 982 445 297 98 -1 -1 -1 -1 label : spot-2 0.16
75 3 968 443 311 93 -1 -1 -1 -1 label : spot-2 0.19
75 7 839 371 9 21 -1 -1 -1 -1 label : fireHydrant 0.10
76 3 957 443 322 92 -1 -1 -1 -1 label : spot-1 0.28
76 7 840 371 9 23 -1 -1 -1 -1 label : fireHydrant 0.16
77 3 981 446 293 93 -1 -1 -1 -1 label : spot-1 0.18
77 7 840 371 10 23 -1 -1 -1 -1 label : fireHydrant 0.11
78 3 985 448 291 95 -1 -1 -1 -1 label : spot-1 0.14
78 7 842 371 10 25 -1 -1 -1 -1 label : fireHydrant 0.13
79 3 984 448 294 96 -1 -1 -1 -1 label : spot-1 0.15
80 3 984 450 295 91 -1 -1 -1 -1 label : spot-1 0.21
81 3 991 450 286 92 -1 -1 -1 -1 label : spot-1 0.18
82 3 990 451 288 91 -1 -1 -1 -1 label : spot-1 0.24
83 3 991 450 286 94 -1 -1 -1 -1 label : spot-1 0.13
84 3 993 451 284 94 -1 -1 -1 -1 label : spot-1 0.11
85 3 996 451 283 92 -1 -1 -1 -1 label : spot-1 0.11
86 3 1001 453 278 91 -1 -1 -1 -1 label : spot-1 0.12
87 3 1004 454 275 89 -1 -1 -1 -1 label : spot-1 0.13
88 3 1006 454 273 89 -1 -1 -1 -1 label : spot-1 0.16
89 7 859 375 10 23 -1 -1 -1 -1 label : fireHydrant 0.14
91 7 861 376 10 22 -1 -1 -1 -1 label : fireHydrant 0.21
92 7 863 377 9 21 -1 -1 -1 -1 label : fireHydrant 0.23
92 17 344 408 10 24 -1 -1 -1 -1 label : fireHydrant 0.14
93 7 865 376 9 21 -1 -1 -1 -1 label : fireHydrant 0.20
93 17 344 408 9 23 -1 -1 -1 -1 label : fireHydrant 0.17
94 4 96 475 189 55 -1 -1 -1 -1 label : spot-2 0.30
94 7 866 375 9 21 -1 -1 -1 -1 label : fireHydrant 0.15
94 17 342 408 9 23 -1 -1 -1 -1 label : fireHydrant 0.11
95 4 93 476 168 58 -1 -1 -1 -1 label : spot-2 0.40
95 7 867 375 9 21 -1 -1 -1 -1 label : fireHydrant 0.11
96 4 91 477 162 58 -1 -1 -1 -1 label : spot-2 0.29
97 4 74 478 172 58 -1 -1 -1 -1 label : spot-2 0.14
97 7 869 373 10 23 -1 -1 -1 -1 label : fireHydrant 0.14
97 17 336 408 10 23 -1 -1 -1 -1 label : fireHydrant 0.10
98 4 69 479 170 58 -1 -1 -1 -1 label : spot-2 0.28
98 7 870 371 11 22 -1 -1 -1 -1 label : fireHydrant 0.15
99 7 871 371 11 22 -1 -1 -1 -1 label : fireHydrant 0.18
99 17 332 411 11 21 -1 -1 -1 -1 label : fireHydrant 0.16
100 7 873 370 11 22 -1 -1 -1 -1 label : fireHydrant 0.20
106 19 947 352 12 35 -1 -1 -1 -1 label : fireHydrant 0.13
110 17 316 412 10 23 -1 -1 -1 -1 label : fireHydrant 0.17
110 21 0 486 300 109 -1 -1 -1 -1 label : spot-2 0.16
111 17 314 412 10 24 -1 -1 -1 -1 label : fireHydrant 0.10
112 21 5 491 306 114 -1 -1 -1 -1 label : spot-2 0.12
127 7 226 399 13 38 -1 -1 -1 -1 label : fireHydrant 0.11
128 7 210 400 13 39 -1 -1 -1 -1 label : fireHydrant 0.11
129 7 173 402 13 40 -1 -1 -1 -1 label : fireHydrant 0.44
130 17 241 406 17 36 -1 -1 -1 -1 label : fireHydrant 0.16
131 17 239 404 14 38 -1 -1 -1 -1 label : fireHydrant 0.31
132 17 232 402 17 38 -1 -1 -1 -1 label : fireHydrant 0.30
133 17 228 403 16 36 -1 -1 -1 -1 label : fireHydrant 0.22
134 17 224 404 16 33 -1 -1 -1 -1 label : fireHydrant 0.23
135 17 219 402 16 34 -1 -1 -1 -1 label : fireHydrant 0.26
136 7 53 385 16 50 -1 -1 -1 -1 label : fireHydrant 0.39
136 17 214 398 17 36 -1 -1 -1 -1 label : fireHydrant 0.10
137 7 33 385 17 51 -1 -1 -1 -1 label : fireHydrant 0.24
139 17 203 400 16 35 -1 -1 -1 -1 label : fireHydrant 0.19
