83 2 942 399 332 116 -1 -1 -1 -1 label : spot-1 0.59
83 3 637 309 80 27 -1 -1 -1 -1 label : spot-1 0.47
84 2 989 400 284 109 -1 -1 -1 -1 label : spot-1 0.61
84 3 640 307 80 26 -1 -1 -1 -1 label : spot-1 0.57
85 2 993 404 286 109 -1 -1 -1 -1 label : spot-1 0.58
85 3 641 307 81 27 -1 -1 -1 -1 label : spot-1 0.57
86 2 1015 409 264 102 -1 -1 -1 -1 label : spot-1 0.57
86 3 643 307 83 28 -1 -1 -1 -1 label : spot-1 0.53
87 2 1008 414 271 94 -1 -1 -1 -1 label : spot-1 0.60
87 3 644 307 87 29 -1 -1 -1 -1 label : spot-1 0.55
88 2 1057 420 217 94 -1 -1 -1 -1 label : spot-1 0.53
88 3 644 309 91 28 -1 -1 -1 -1 label : spot-1 0.51
89 2 1060 427 219 95 -1 -1 -1 -1 label : spot-1 0.53
89 3 648 313 90 27 -1 -1 -1 -1 label : spot-1 0.43
90 2 1073 431 206 92 -1 -1 -1 -1 label : spot-1 0.52
91 3 649 321 98 31 -1 -1 -1 -1 label : spot-1 0.53
92 3 651 328 99 33 -1 -1 -1 -1 label : spot-1 0.57
93 3 652 335 102 32 -1 -1 -1 -1 label : spot-1 0.57
94 3 653 341 107 32 -1 -1 -1 -1 label : spot-1 0.47
95 3 655 346 110 32 -1 -1 -1 -1 label : spot-1 0.54
96 3 657 349 114 33 -1 -1 -1 -1 label : spot-1 0.57
97 3 659 351 118 33 -1 -1 -1 -1 label : spot-1 0.48
98 3 662 350 118 36 -1 -1 -1 -1 label : spot-1 0.56
99 3 665 349 119 39 -1 -1 -1 -1 label : spot-2 0.49
100 3 669 348 126 40 -1 -1 -1 -1 label : spot-2 0.51
101 3 672 347 130 40 -1 -1 -1 -1 label : spot-2 0.59
102 3 673 346 133 40 -1 -1 -1 -1 label : spot-2 0.44
103 3 673 343 139 45 -1 -1 -1 -1 label : spot-2 0.51
104 3 676 340 142 49 -1 -1 -1 -1 label : spot-2 0.46
105 3 676 339 153 50 -1 -1 -1 -1 label : spot-2 0.51
106 3 678 338 159 52 -1 -1 -1 -1 label : spot-2 0.53
107 3 679 339 167 53 -1 -1 -1 -1 label : spot-2 0.60
109 3 685 338 175 56 -1 -1 -1 -1 label : spot-2 0.54
110 3 688 338 183 58 -1 -1 -1 -1 label : spot-1 0.45
111 3 693 337 189 61 -1 -1 -1 -1 label : spot-2 0.53
112 3 695 337 202 63 -1 -1 -1 -1 label : spot-2 0.68
113 3 698 337 209 65 -1 -1 -1 -1 label : spot-2 0.64
114 3 697 336 224 66 -1 -1 -1 -1 label : spot-2 0.68
115 3 703 337 228 69 -1 -1 -1 -1 label : spot-2 0.70
116 3 702 339 243 68 -1 -1 -1 -1 label : spot-2 0.69
117 3 708 341 251 70 -1 -1 -1 -1 label : spot-2 0.70
118 3 712 343 264 71 -1 -1 -1 -1 label : spot-2 0.68
119 3 718 344 271 78 -1 -1 -1 -1 label : spot-2 0.70
120 3 717 345 292 80 -1 -1 -1 -1 label : spot-2 0.67
121 3 722 345 306 86 -1 -1 -1 -1 label : spot-2 0.72
122 3 718 344 336 86 -1 -1 -1 -1 label : spot-2 0.71
123 3 725 344 345 86 -1 -1 -1 -1 label : spot-2 0.67
124 3 732 342 359 90 -1 -1 -1 -1 label : spot-2 0.69
125 3 737 341 381 94 -1 -1 -1 -1 label : spot-2 0.67
126 3 743 339 405 100 -1 -1 -1 -1 label : spot-2 0.68
127 3 744 339 435 105 -1 -1 -1 -1 label : spot-2 0.63
128 3 739 340 470 109 -1 -1 -1 -1 label : spot-2 0.55
129 3 748 341 482 111 -1 -1 -1 -1 label : spot-2 0.44
133 3 767 351 490 127 -1 -1 -1 -1 label : spot-2 0.48
134 3 768 358 506 130 -1 -1 -1 -1 label : spot-2 0.53
135 3 781 363 496 138 -1 -1 -1 -1 label : spot-2 0.48
136 3 774 367 505 134 -1 -1 -1 -1 label : spot-2 0.50
137 3 792 368 487 134 -1 -1 -1 -1 label : spot-2 0.52
138 3 795 368 484 132 -1 -1 -1 -1 label : spot-2 0.49
139 3 798 368 481 131 -1 -1 -1 -1 label : spot-2 0.51
140 3 799 368 480 128 -1 -1 -1 -1 label : spot-2 0.48
143 3 814 370 465 126 -1 -1 -1 -1 label : spot-2 0.43
160 4 1043 409 232 88 -1 -1 -1 -1 label : spot-1 0.44
161 4 1065 407 213 85 -1 -1 -1 -1 label : spot-1 0.53
333 8 1006 340 27 58 -1 -1 -1 -1 label : fireHydrant 0.61
334 8 1016 342 27 58 -1 -1 -1 -1 label : fireHydrant 0.58
335 8 1026 342 26 60 -1 -1 -1 -1 label : fireHydrant 0.66
336 8 1036 344 26 59 -1 -1 -1 -1 label : fireHydrant 0.58
337 8 1043 344 27 61 -1 -1 -1 -1 label : fireHydrant 0.44
341 8 1082 353 27 63 -1 -1 -1 -1 label : fireHydrant 0.59
343 8 1105 357 30 66 -1 -1 -1 -1 label : fireHydrant 0.49
350 8 1171 367 31 72 -1 -1 -1 -1 label : fireHydrant 0.61
351 8 1204 372 31 71 -1 -1 -1 -1 label : fireHydrant 0.75
352 8 1227 373 30 71 -1 -1 -1 -1 label : fireHydrant 0.63
353 8 1246 375 28 71 -1 -1 -1 -1 label : fireHydrant 0.59
