229 4 142 398 24 69 -1 -1 -1 -1 label : fireHydrant 0.37
230 4 139 399 24 69 -1 -1 -1 -1 label : fireHydrant 0.37
231 4 131 399 21 69 -1 -1 -1 -1 label : fireHydrant 0.59
232 4 129 399 21 70 -1 -1 -1 -1 label : fireHydrant 0.55
245 5 35 408 30 85 -1 -1 -1 -1 label : fireHydrant 0.49
246 5 31 409 31 85 -1 -1 -1 -1 label : fireHydrant 0.50
247 5 19 407 31 88 -1 -1 -1 -1 label : fireHydrant 0.40
248 5 16 407 32 89 -1 -1 -1 -1 label : fireHydrant 0.39
257 6 1010 476 168 90 -1 -1 -1 -1 label : spot-1 0.39
258 6 1020 476 159 86 -1 -1 -1 -1 label : spot-1 0.40
259 6 1006 482 197 77 -1 -1 -1 -1 label : spot-1 0.37
260 6 1010 484 192 74 -1 -1 -1 -1 label : spot-1 0.36
261 6 937 487 324 84 -1 -1 -1 -1 label : spot-1 0.42
262 6 928 489 337 86 -1 -1 -1 -1 label : spot-1 0.42
263 6 962 493 304 90 -1 -1 -1 -1 label : spot-1 0.42
264 6 966 495 309 91 -1 -1 -1 -1 label : spot-1 0.42
265 6 972 503 303 98 -1 -1 -1 -1 label : spot-1 0.33
266 6 969 506 310 101 -1 -1 -1 -1 label : spot-1 0.33
267 6 984 510 295 99 -1 -1 -1 -1 label : spot-1 0.32
268 6 986 511 293 98 -1 -1 -1 -1 label : spot-1 0.33
939 7 570 483 28 91 -1 -1 -1 -1 label : fireHydrant 0.34
940 7 570 484 29 89 -1 -1 -1 -1 label : fireHydrant 0.32
