35 3 576 341 44 13 -1 -1 -1 -1 label : spot-1 0.13
36 3 575 336 40 13 -1 -1 -1 -1 label : spot-1 0.18
38 3 570 326 42 14 -1 -1 -1 -1 label : spot-1 0.17
39 3 567 319 44 13 -1 -1 -1 -1 label : spot-1 0.16
40 3 566 315 46 15 -1 -1 -1 -1 label : spot-1 0.16
41 3 564 315 48 15 -1 -1 -1 -1 label : spot-1 0.17
42 3 562 317 48 15 -1 -1 -1 -1 label : spot-1 0.14
43 3 562 326 46 16 -1 -1 -1 -1 label : spot-1 0.17
44 3 558 336 54 15 -1 -1 -1 -1 label : spot-1 0.14
47 3 552 366 56 16 -1 -1 -1 -1 label : spot-1 0.25
48 3 550 370 57 16 -1 -1 -1 -1 label : spot-1 0.22
48 9 283 391 142 37 -1 -1 -1 -1 label : invalidSpot-entrance 0.15
58 11 526 395 67 25 -1 -1 -1 -1 label : spot-1 0.11
59 11 526 391 62 26 -1 -1 -1 -1 label : spot-1 0.11
61 11 514 380 70 28 -1 -1 -1 -1 label : spot-1 0.18
62 11 509 374 73 29 -1 -1 -1 -1 label : spot-1 0.22
63 11 508 369 72 29 -1 -1 -1 -1 label : spot-1 0.17
64 11 517 368 65 27 -1 -1 -1 -1 label : spot-1 0.15
67 11 511 363 69 28 -1 -1 -1 -1 label : spot-1 0.10
68 11 498 365 80 30 -1 -1 -1 -1 label : spot-1 0.11
69 11 500 367 72 30 -1 -1 -1 -1 label : spot-1 0.16
70 11 480 371 91 31 -1 -1 -1 -1 label : spot-1 0.14
71 11 467 373 101 36 -1 -1 -1 -1 label : spot-1 0.10
72 11 457 378 103 37 -1 -1 -1 -1 label : spot-1 0.20
73 11 453 377 102 39 -1 -1 -1 -1 label : spot-1 0.21
74 11 446 376 106 41 -1 -1 -1 -1 label : spot-1 0.21
76 11 436 375 121 43 -1 -1 -1 -1 label : spot-1 0.18
77 11 430 376 123 43 -1 -1 -1 -1 label : spot-1 0.16
78 9 476 370 81 30 -1 -1 -1 -1 label : spot-1 0.13
78 11 436 373 116 41 -1 -1 -1 -1 label : spot-1 0.10
79 9 486 369 79 30 -1 -1 -1 -1 label : spot-1 0.15
80 11 454 370 94 39 -1 -1 -1 -1 label : spot-1 0.20
81 11 464 366 75 34 -1 -1 -1 -1 label : spot-1 0.28
82 11 461 366 83 31 -1 -1 -1 -1 label : spot-1 0.36
83 11 462 364 77 34 -1 -1 -1 -1 label : spot-1 0.37
84 11 454 367 89 35 -1 -1 -1 -1 label : spot-1 0.30
85 11 451 366 91 35 -1 -1 -1 -1 label : spot-1 0.29
86 11 445 370 94 38 -1 -1 -1 -1 label : spot-1 0.12
87 11 442 369 96 38 -1 -1 -1 -1 label : spot-1 0.35
88 11 439 372 101 38 -1 -1 -1 -1 label : spot-1 0.18
89 11 436 374 103 38 -1 -1 -1 -1 label : spot-1 0.32
90 11 429 373 106 35 -1 -1 -1 -1 label : spot-1 0.28
91 9 367 383 170 52 -1 -1 -1 -1 label : spot-1 0.27
91 11 426 377 104 41 -1 -1 -1 -1 label : spot-1 0.12
92 9 362 384 176 53 -1 -1 -1 -1 label : spot-1 0.43
93 11 417 377 105 42 -1 -1 -1 -1 label : spot-1 0.37
94 11 408 379 113 41 -1 -1 -1 -1 label : spot-1 0.44
95 11 403 378 111 39 -1 -1 -1 -1 label : spot-1 0.29
96 11 394 378 128 36 -1 -1 -1 -1 label : spot-1 0.16
97 11 394 377 107 35 -1 -1 -1 -1 label : invalidSpot-entrance 0.34
98 11 386 377 115 35 -1 -1 -1 -1 label : invalidSpot-entrance 0.45
99 11 382 376 121 37 -1 -1 -1 -1 label : invalidSpot-entrance 0.36
100 11 378 376 125 39 -1 -1 -1 -1 label : invalidSpot-entrance 0.43
101 11 372 376 133 40 -1 -1 -1 -1 label : invalidSpot-entrance 0.31
102 11 359 376 151 39 -1 -1 -1 -1 label : spot-2 0.19
103 11 319 376 188 45 -1 -1 -1 -1 label : spot-2 0.12
104 9 336 377 157 45 -1 -1 -1 -1 label : invalidSpot-entrance 0.19
104 11 334 376 160 46 -1 -1 -1 -1 label : spot-2 0.19
106 9 401 363 16 35 -1 -1 -1 -1 label : fireHydrant 0.11
107 9 403 362 7 34 -1 -1 -1 -1 label : fireHydrant 0.18
107 11 312 377 174 41 -1 -1 -1 -1 label : spot-2 0.12
108 11 307 377 168 49 -1 -1 -1 -1 label : spot-2 0.14
110 11 284 383 178 49 -1 -1 -1 -1 label : invalidSpot-entrance 0.13
111 11 275 386 178 48 -1 -1 -1 -1 label : invalidSpot-entrance 0.22
112 9 374 355 16 33 -1 -1 -1 -1 label : fireHydrant 0.12
113 9 369 356 15 32 -1 -1 -1 -1 label : fireHydrant 0.28
113 11 255 383 202 45 -1 -1 -1 -1 label : invalidSpot-fireHydrant 0.18
114 9 365 354 14 32 -1 -1 -1 -1 label : fireHydrant 0.19
116 11 216 385 230 46 -1 -1 -1 -1 label : invalidSpot-entrance 0.15
118 11 193 389 237 50 -1 -1 -1 -1 label : spot-1 0.19
119 11 171 390 254 49 -1 -1 -1 -1 label : spot-2 0.20
120 9 326 359 17 36 -1 -1 -1 -1 label : fireHydrant 0.45
120 11 168 394 172 49 -1 -1 -1 -1 label : invalidSpot-entrance 0.13
121 9 319 358 16 39 -1 -1 -1 -1 label : fireHydrant 0.74
122 9 309 358 18 39 -1 -1 -1 -1 label : fireHydrant 0.61
123 9 301 358 19 41 -1 -1 -1 -1 label : fireHydrant 0.66
124 9 295 359 20 40 -1 -1 -1 -1 label : fireHydrant 0.63
124 17 245 397 129 38 -1 -1 -1 -1 label : invalidSpot-fireHydrant 0.13
125 9 287 359 19 42 -1 -1 -1 -1 label : fireHydrant 0.45
125 11 53 400 254 58 -1 -1 -1 -1 label : invalidSpot-entrance 0.30
125 17 235 398 134 40 -1 -1 -1 -1 label : invalidSpot-fireHydrant 0.11
126 9 278 358 20 44 -1 -1 -1 -1 label : fireHydrant 0.65
126 11 16 403 259 55 -1 -1 -1 -1 label : invalidSpot-entrance 0.18
126 17 228 397 161 38 -1 -1 -1 -1 label : invalidSpot-fireHydrant 0.14
126 19 969 364 72 20 -1 -1 -1 -1 label : spot-1 0.11
127 9 270 358 20 45 -1 -1 -1 -1 label : fireHydrant 0.71
127 11 2 404 270 60 -1 -1 -1 -1 label : invalidSpot-entrance 0.31
127 17 236 396 138 31 -1 -1 -1 -1 label : invalidSpot-fireHydrant 0.13
127 19 973 366 72 22 -1 -1 -1 -1 label : spot-1 0.11
128 9 260 358 21 46 -1 -1 -1 -1 label : fireHydrant 0.67
128 11 0 403 267 64 -1 -1 -1 -1 label : invalidSpot-entrance 0.30
128 17 234 396 135 30 -1 -1 -1 -1 label : invalidSpot-fireHydrant 0.18
129 9 252 358 21 47 -1 -1 -1 -1 label : fireHydrant 0.74
129 11 0 405 269 65 -1 -1 -1 -1 label : invalidSpot-entrance 0.30
129 19 977 366 79 26 -1 -1 -1 -1 label : spot-1 0.16
130 9 242 358 21 48 -1 -1 -1 -1 label : fireHydrant 0.73
130 11 0 406 263 66 -1 -1 -1 -1 label : invalidSpot-entrance 0.26
131 9 231 357 22 51 -1 -1 -1 -1 label : fireHydrant 0.66
131 19 980 366 87 27 -1 -1 -1 -1 label : spot-1 0.33
132 9 222 358 24 51 -1 -1 -1 -1 label : fireHydrant 0.76
132 19 982 368 89 26 -1 -1 -1 -1 label : spot-1 0.35
133 9 213 359 22 51 -1 -1 -1 -1 label : fireHydrant 0.72
133 19 985 368 91 28 -1 -1 -1 -1 label : spot-1 0.43
134 9 199 359 24 52 -1 -1 -1 -1 label : fireHydrant 0.67
134 19 987 369 97 27 -1 -1 -1 -1 label : spot-1 0.39
135 9 187 360 24 52 -1 -1 -1 -1 label : fireHydrant 0.77
135 19 991 368 96 28 -1 -1 -1 -1 label : spot-1 0.34
136 9 178 360 24 53 -1 -1 -1 -1 label : fireHydrant 0.71
136 19 996 367 96 30 -1 -1 -1 -1 label : spot-1 0.35
137 9 167 360 24 54 -1 -1 -1 -1 label : fireHydrant 0.74
137 19 998 367 105 29 -1 -1 -1 -1 label : spot-1 0.31
138 9 150 359 26 57 -1 -1 -1 -1 label : fireHydrant 0.70
138 19 1001 367 108 28 -1 -1 -1 -1 label : spot-1 0.25
139 9 136 359 29 56 -1 -1 -1 -1 label : fireHydrant 0.76
139 19 1006 365 109 31 -1 -1 -1 -1 label : spot-1 0.26
139 20 419 372 79 24 -1 -1 -1 -1 label : spot-1 0.24
140 9 122 360 27 56 -1 -1 -1 -1 label : fireHydrant 0.80
140 19 1009 366 115 32 -1 -1 -1 -1 label : spot-1 0.39
140 20 414 372 80 24 -1 -1 -1 -1 label : spot-1 0.14
141 9 107 360 28 56 -1 -1 -1 -1 label : fireHydrant 0.79
141 19 1009 368 124 30 -1 -1 -1 -1 label : spot-1 0.38
141 20 407 371 83 25 -1 -1 -1 -1 label : spot-1 0.19
142 9 91 361 28 59 -1 -1 -1 -1 label : fireHydrant 0.80
142 19 1010 369 131 32 -1 -1 -1 -1 label : spot-1 0.48
142 20 403 371 67 27 -1 -1 -1 -1 label : spot-1 0.18
143 9 71 363 29 61 -1 -1 -1 -1 label : fireHydrant 0.74
143 19 1010 370 139 34 -1 -1 -1 -1 label : spot-1 0.43
143 20 393 373 70 28 -1 -1 -1 -1 label : spot-1 0.16
144 9 57 366 30 61 -1 -1 -1 -1 label : fireHydrant 0.72
144 19 1019 372 136 36 -1 -1 -1 -1 label : spot-1 0.36
144 20 386 375 79 29 -1 -1 -1 -1 label : spot-1 0.25
145 9 37 367 31 62 -1 -1 -1 -1 label : fireHydrant 0.71
145 19 1024 372 138 39 -1 -1 -1 -1 label : spot-1 0.46
145 20 380 375 66 28 -1 -1 -1 -1 label : spot-1 0.19
146 9 15 368 31 65 -1 -1 -1 -1 label : fireHydrant 0.70
146 19 1022 372 156 41 -1 -1 -1 -1 label : spot-1 0.49
146 20 371 374 60 30 -1 -1 -1 -1 label : spot-1 0.23
147 9 2 367 30 68 -1 -1 -1 -1 label : fireHydrant 0.56
147 19 1020 372 167 40 -1 -1 -1 -1 label : spot-1 0.36
147 20 362 374 68 31 -1 -1 -1 -1 label : spot-1 0.30
148 9 0 368 17 69 -1 -1 -1 -1 label : fireHydrant 0.28
148 19 1032 373 164 43 -1 -1 -1 -1 label : spot-1 0.28
148 20 353 374 64 31 -1 -1 -1 -1 label : spot-1 0.25
149 19 1035 373 171 45 -1 -1 -1 -1 label : spot-1 0.34
149 20 340 374 88 32 -1 -1 -1 -1 label : spot-1 0.32
150 19 1030 373 191 43 -1 -1 -1 -1 label : spot-1 0.35
150 20 337 373 69 33 -1 -1 -1 -1 label : spot-1 0.32
150 28 597 322 10 32 -1 -1 -1 -1 label : fireHydrant 0.28
151 19 1036 373 192 46 -1 -1 -1 -1 label : spot-1 0.46
151 20 328 373 70 34 -1 -1 -1 -1 label : spot-1 0.34
151 28 596 322 11 32 -1 -1 -1 -1 label : fireHydrant 0.32
152 19 1037 373 207 46 -1 -1 -1 -1 label : spot-1 0.35
152 20 315 374 79 34 -1 -1 -1 -1 label : spot-1 0.32
152 28 594 322 11 32 -1 -1 -1 -1 label : fireHydrant 0.27
153 19 1038 374 221 47 -1 -1 -1 -1 label : spot-1 0.40
153 20 306 376 93 36 -1 -1 -1 -1 label : spot-1 0.26
153 28 592 325 11 30 -1 -1 -1 -1 label : fireHydrant 0.16
154 19 1049 376 219 50 -1 -1 -1 -1 label : spot-1 0.45
154 20 289 379 133 36 -1 -1 -1 -1 label : spot-1 0.25
154 28 591 327 10 30 -1 -1 -1 -1 label : fireHydrant 0.22
155 19 1052 377 227 51 -1 -1 -1 -1 label : spot-1 0.50
155 20 290 380 106 39 -1 -1 -1 -1 label : spot-1 0.42
156 20 277 381 108 40 -1 -1 -1 -1 label : spot-1 0.51
156 28 588 325 9 31 -1 -1 -1 -1 label : fireHydrant 0.44
156 30 1064 377 215 85 -1 -1 -1 -1 label : spot-2 0.14
157 20 258 381 140 40 -1 -1 -1 -1 label : spot-1 0.47
157 28 585 324 10 32 -1 -1 -1 -1 label : fireHydrant 0.34
157 30 1065 376 214 90 -1 -1 -1 -1 label : spot-2 0.28
158 19 1073 378 206 62 -1 -1 -1 -1 label : spot-1 0.41
158 20 257 381 110 42 -1 -1 -1 -1 label : spot-1 0.33
158 28 583 325 11 31 -1 -1 -1 -1 label : fireHydrant 0.31
158 30 1069 376 210 83 -1 -1 -1 -1 label : spot-2 0.13
159 19 1073 378 206 64 -1 -1 -1 -1 label : spot-1 0.39
159 20 241 382 122 42 -1 -1 -1 -1 label : spot-1 0.34
159 28 583 326 10 30 -1 -1 -1 -1 label : fireHydrant 0.31
159 30 1073 377 206 78 -1 -1 -1 -1 label : spot-2 0.10
160 19 1095 379 181 65 -1 -1 -1 -1 label : spot-1 0.38
160 20 224 383 148 41 -1 -1 -1 -1 label : spot-1 0.32
160 28 582 325 9 30 -1 -1 -1 -1 label : fireHydrant 0.29
160 30 1083 378 196 82 -1 -1 -1 -1 label : spot-2 0.13
161 19 1094 380 185 66 -1 -1 -1 -1 label : spot-1 0.40
161 20 209 385 173 41 -1 -1 -1 -1 label : spot-1 0.30
161 28 580 324 10 31 -1 -1 -1 -1 label : fireHydrant 0.21
161 30 1081 379 198 84 -1 -1 -1 -1 label : spot-2 0.15
162 19 1089 381 190 65 -1 -1 -1 -1 label : spot-1 0.27
162 20 204 386 161 42 -1 -1 -1 -1 label : spot-1 0.26
162 28 579 324 10 31 -1 -1 -1 -1 label : fireHydrant 0.25
162 30 1080 380 199 79 -1 -1 -1 -1 label : spot-2 0.24
163 19 1090 382 189 65 -1 -1 -1 -1 label : spot-1 0.27
163 20 196 386 144 43 -1 -1 -1 -1 label : spot-1 0.19
163 28 578 326 10 31 -1 -1 -1 -1 label : fireHydrant 0.17
163 30 1087 381 192 82 -1 -1 -1 -1 label : spot-2 0.14
164 19 1091 383 188 64 -1 -1 -1 -1 label : spot-1 0.21
164 20 177 387 162 43 -1 -1 -1 -1 label : spot-1 0.20
164 28 577 328 9 29 -1 -1 -1 -1 label : fireHydrant 0.18
164 30 1088 381 191 83 -1 -1 -1 -1 label : spot-2 0.15
165 19 1097 383 182 62 -1 -1 -1 -1 label : spot-1 0.19
165 20 164 388 173 44 -1 -1 -1 -1 label : spot-1 0.16
165 28 575 328 9 29 -1 -1 -1 -1 label : fireHydrant 0.15
166 19 1108 384 170 63 -1 -1 -1 -1 label : spot-1 0.23
166 20 133 390 241 41 -1 -1 -1 -1 label : spot-1 0.20
166 28 574 328 9 29 -1 -1 -1 -1 label : fireHydrant 0.12
166 30 1102 383 177 83 -1 -1 -1 -1 label : spot-2 0.10
167 19 1113 385 166 65 -1 -1 -1 -1 label : spot-1 0.21
167 20 127 393 242 40 -1 -1 -1 -1 label : spot-1 0.17
167 28 572 326 10 31 -1 -1 -1 -1 label : fireHydrant 0.16
167 30 1108 384 171 82 -1 -1 -1 -1 label : spot-2 0.11
168 19 1117 386 162 65 -1 -1 -1 -1 label : spot-1 0.19
168 20 121 393 232 42 -1 -1 -1 -1 label : spot-1 0.18
168 28 570 326 10 32 -1 -1 -1 -1 label : fireHydrant 0.17
168 30 1114 386 165 81 -1 -1 -1 -1 label : spot-2 0.11
169 20 96 394 255 43 -1 -1 -1 -1 label : spot-1 0.18
169 28 569 327 9 31 -1 -1 -1 -1 label : fireHydrant 0.12
169 30 1117 386 162 83 -1 -1 -1 -1 label : spot-2 0.11
170 19 1129 390 150 74 -1 -1 -1 -1 label : spot-2 0.15
170 20 83 395 266 44 -1 -1 -1 -1 label : spot-1 0.13
170 28 567 328 10 31 -1 -1 -1 -1 label : fireHydrant 0.12
170 30 1122 390 157 66 -1 -1 -1 -1 label : spot-1 0.12
171 19 1135 391 144 75 -1 -1 -1 -1 label : spot-2 0.14
171 20 68 396 279 44 -1 -1 -1 -1 label : spot-1 0.13
171 28 566 328 9 30 -1 -1 -1 -1 label : fireHydrant 0.11
172 19 1140 393 139 76 -1 -1 -1 -1 label : spot-1 0.13
172 28 564 329 9 29 -1 -1 -1 -1 label : fireHydrant 0.12
172 30 1147 394 127 73 -1 -1 -1 -1 label : spot-2 0.11
173 19 1142 394 137 78 -1 -1 -1 -1 label : spot-1 0.12
173 30 1146 395 132 79 -1 -1 -1 -1 label : spot-2 0.12
173 34 7 398 304 58 -1 -1 -1 -1 label : invalidspot-coloredCurb 0.11
174 19 1147 395 132 79 -1 -1 -1 -1 label : spot-1 0.12
176 28 556 328 10 29 -1 -1 -1 -1 label : fireHydrant 0.16
178 28 551 328 9 28 -1 -1 -1 -1 label : fireHydrant 0.14
178 34 0 401 283 68 -1 -1 -1 -1 label : spot-1 0.12
179 28 598 325 9 25 -1 -1 -1 -1 label : fireHydrant 0.15
179 34 14 399 194 82 -1 -1 -1 -1 label : spot-1 0.15
180 28 601 324 10 25 -1 -1 -1 -1 label : fireHydrant 0.12
181 28 614 326 10 24 -1 -1 -1 -1 label : fireHydrant 0.23
181 34 0 396 155 83 -1 -1 -1 -1 label : spot-1 0.22
182 28 617 324 9 24 -1 -1 -1 -1 label : fireHydrant 0.23
182 34 0 396 146 79 -1 -1 -1 -1 label : spot-1 0.16
183 28 617 322 10 25 -1 -1 -1 -1 label : fireHydrant 0.27
183 34 0 400 140 72 -1 -1 -1 -1 label : spot-1 0.14
184 28 616 322 10 26 -1 -1 -1 -1 label : fireHydrant 0.19
184 34 0 402 122 72 -1 -1 -1 -1 label : spot-1 0.13
185 28 614 323 9 25 -1 -1 -1 -1 label : fireHydrant 0.18
185 34 0 400 105 73 -1 -1 -1 -1 label : spot-1 0.10
186 28 617 323 9 25 -1 -1 -1 -1 label : fireHydrant 0.11
187 28 612 322 9 25 -1 -1 -1 -1 label : fireHydrant 0.15
187 34 0 400 80 71 -1 -1 -1 -1 label : spot-1 0.10
197 39 470 356 63 22 -1 -1 -1 -1 label : spot-1 0.15
198 39 467 356 67 24 -1 -1 -1 -1 label : spot-1 0.13
199 39 463 356 75 24 -1 -1 -1 -1 label : spot-1 0.14
200 39 462 356 77 23 -1 -1 -1 -1 label : spot-1 0.17
201 39 462 356 78 23 -1 -1 -1 -1 label : spot-1 0.17
202 39 459 356 83 25 -1 -1 -1 -1 label : spot-1 0.13
203 39 457 357 82 25 -1 -1 -1 -1 label : spot-1 0.13
204 39 455 358 87 25 -1 -1 -1 -1 label : spot-1 0.12
205 39 454 358 86 24 -1 -1 -1 -1 label : spot-1 0.13
206 39 454 359 82 23 -1 -1 -1 -1 label : spot-1 0.11
209 39 450 359 88 23 -1 -1 -1 -1 label : spot-1 0.12
210 39 448 358 90 25 -1 -1 -1 -1 label : spot-1 0.18
211 39 446 358 93 26 -1 -1 -1 -1 label : spot-1 0.14
212 39 443 358 97 27 -1 -1 -1 -1 label : spot-1 0.15
213 39 445 358 80 27 -1 -1 -1 -1 label : spot-1 0.12
214 39 439 357 100 28 -1 -1 -1 -1 label : spot-1 0.13
215 39 439 357 103 28 -1 -1 -1 -1 label : spot-2 0.13
216 39 438 357 104 28 -1 -1 -1 -1 label : spot-2 0.14
217 39 437 357 103 28 -1 -1 -1 -1 label : spot-2 0.10
218 39 435 357 108 29 -1 -1 -1 -1 label : spot-2 0.16
219 39 433 358 109 28 -1 -1 -1 -1 label : spot-2 0.13
220 39 433 358 105 27 -1 -1 -1 -1 label : spot-2 0.12
221 39 433 358 100 27 -1 -1 -1 -1 label : spot-2 0.11
223 39 429 359 107 29 -1 -1 -1 -1 label : spot-2 0.26
224 39 426 358 112 30 -1 -1 -1 -1 label : spot-2 0.19
225 39 425 357 117 30 -1 -1 -1 -1 label : spot-2 0.23
225 40 1 407 98 52 -1 -1 -1 -1 label : invalidSpot-entrance 0.10
226 39 424 357 118 31 -1 -1 -1 -1 label : spot-2 0.28
226 40 0 409 90 52 -1 -1 -1 -1 label : invalidSpot-entrance 0.23
227 39 424 356 115 32 -1 -1 -1 -1 label : spot-2 0.22
227 40 0 408 85 52 -1 -1 -1 -1 label : invalidSpot-entrance 0.21
228 39 422 356 119 32 -1 -1 -1 -1 label : spot-2 0.27
228 40 0 408 80 54 -1 -1 -1 -1 label : invalidSpot-entrance 0.20
229 39 420 356 122 32 -1 -1 -1 -1 label : spot-2 0.30
229 40 0 409 73 56 -1 -1 -1 -1 label : invalidSpot-entrance 0.30
230 39 419 356 124 32 -1 -1 -1 -1 label : spot-2 0.32
230 40 0 410 68 55 -1 -1 -1 -1 label : invalidSpot-entrance 0.31
231 39 418 355 123 33 -1 -1 -1 -1 label : spot-2 0.31
231 40 0 409 63 55 -1 -1 -1 -1 label : invalidSpot-entrance 0.14
232 39 417 355 114 32 -1 -1 -1 -1 label : spot-1 0.27
232 40 0 409 60 56 -1 -1 -1 -1 label : invalidSpot-entrance 0.12
233 39 414 355 114 32 -1 -1 -1 -1 label : spot-1 0.22
233 43 611 325 7 23 -1 -1 -1 -1 label : fireHydrant 0.14
234 39 412 355 114 33 -1 -1 -1 -1 label : spot-1 0.20
234 43 610 325 8 24 -1 -1 -1 -1 label : fireHydrant 0.14
234 44 411 355 125 34 -1 -1 -1 -1 label : spot-2 0.13
235 39 410 355 115 33 -1 -1 -1 -1 label : spot-1 0.17
235 43 609 325 9 25 -1 -1 -1 -1 label : fireHydrant 0.10
236 43 609 326 9 24 -1 -1 -1 -1 label : fireHydrant 0.15
236 44 408 357 128 33 -1 -1 -1 -1 label : spot-2 0.11
237 43 609 327 8 23 -1 -1 -1 -1 label : fireHydrant 0.14
237 44 406 359 122 32 -1 -1 -1 -1 label : spot-2 0.12
238 43 609 328 8 22 -1 -1 -1 -1 label : fireHydrant 0.15
238 44 404 360 120 32 -1 -1 -1 -1 label : spot-2 0.10
239 43 609 328 8 23 -1 -1 -1 -1 label : fireHydrant 0.16
240 44 399 362 123 32 -1 -1 -1 -1 label : spot-2 0.17
241 44 399 362 122 32 -1 -1 -1 -1 label : spot-2 0.16
242 44 395 362 127 32 -1 -1 -1 -1 label : spot-2 0.27
243 44 393 362 129 32 -1 -1 -1 -1 label : spot-2 0.28
244 43 607 332 8 21 -1 -1 -1 -1 label : fireHydrant 0.27
244 44 391 362 130 32 -1 -1 -1 -1 label : spot-2 0.13
245 43 606 333 9 21 -1 -1 -1 -1 label : fireHydrant 0.33
245 44 390 363 134 32 -1 -1 -1 -1 label : spot-2 0.15
246 43 606 335 8 19 -1 -1 -1 -1 label : fireHydrant 0.36
246 44 390 364 136 32 -1 -1 -1 -1 label : spot-2 0.24
247 43 605 336 8 20 -1 -1 -1 -1 label : fireHydrant 0.41
247 44 390 364 138 33 -1 -1 -1 -1 label : spot-2 0.27
248 43 605 337 8 20 -1 -1 -1 -1 label : fireHydrant 0.42
248 44 389 364 138 34 -1 -1 -1 -1 label : spot-2 0.28
249 43 605 338 7 19 -1 -1 -1 -1 label : fireHydrant 0.38
249 44 387 364 142 35 -1 -1 -1 -1 label : spot-2 0.26
250 43 605 338 7 20 -1 -1 -1 -1 label : fireHydrant 0.29
250 44 384 364 149 36 -1 -1 -1 -1 label : spot-2 0.19
251 43 605 338 7 20 -1 -1 -1 -1 label : fireHydrant 0.32
251 44 383 364 147 36 -1 -1 -1 -1 label : spot-2 0.21
252 43 605 338 7 20 -1 -1 -1 -1 label : fireHydrant 0.31
252 44 381 365 148 36 -1 -1 -1 -1 label : spot-2 0.21
253 43 605 338 7 20 -1 -1 -1 -1 label : fireHydrant 0.32
253 44 379 364 151 37 -1 -1 -1 -1 label : spot-2 0.22
254 43 605 338 7 20 -1 -1 -1 -1 label : fireHydrant 0.34
254 44 377 364 153 36 -1 -1 -1 -1 label : spot-2 0.17
255 43 604 338 7 20 -1 -1 -1 -1 label : fireHydrant 0.32
255 44 376 364 153 36 -1 -1 -1 -1 label : spot-2 0.20
256 43 605 338 6 20 -1 -1 -1 -1 label : fireHydrant 0.26
256 44 374 364 152 36 -1 -1 -1 -1 label : spot-2 0.19
257 43 605 338 6 19 -1 -1 -1 -1 label : fireHydrant 0.26
257 44 373 364 151 37 -1 -1 -1 -1 label : spot-2 0.23
258 43 605 338 6 19 -1 -1 -1 -1 label : fireHydrant 0.35
258 44 373 364 150 37 -1 -1 -1 -1 label : spot-2 0.26
259 43 605 338 6 19 -1 -1 -1 -1 label : fireHydrant 0.33
259 44 371 364 153 38 -1 -1 -1 -1 label : spot-2 0.22
260 43 605 338 6 19 -1 -1 -1 -1 label : fireHydrant 0.34
260 44 369 364 153 37 -1 -1 -1 -1 label : spot-2 0.20
261 43 605 338 6 19 -1 -1 -1 -1 label : fireHydrant 0.29
261 44 367 364 154 37 -1 -1 -1 -1 label : spot-2 0.15
262 43 605 339 7 18 -1 -1 -1 -1 label : fireHydrant 0.29
262 44 364 365 164 37 -1 -1 -1 -1 label : spot-2 0.16
263 43 605 339 7 18 -1 -1 -1 -1 label : fireHydrant 0.32
263 44 364 366 156 37 -1 -1 -1 -1 label : spot-2 0.20
264 43 605 339 8 19 -1 -1 -1 -1 label : fireHydrant 0.35
264 44 363 366 156 38 -1 -1 -1 -1 label : spot-2 0.20
265 43 606 339 6 19 -1 -1 -1 -1 label : fireHydrant 0.38
265 44 361 366 156 39 -1 -1 -1 -1 label : spot-2 0.26
266 43 605 339 8 18 -1 -1 -1 -1 label : fireHydrant 0.40
266 44 359 366 157 38 -1 -1 -1 -1 label : spot-2 0.27
267 43 605 339 7 18 -1 -1 -1 -1 label : fireHydrant 0.36
267 44 358 366 156 38 -1 -1 -1 -1 label : spot-2 0.23
268 43 605 338 7 19 -1 -1 -1 -1 label : fireHydrant 0.40
268 44 356 366 160 39 -1 -1 -1 -1 label : spot-2 0.18
269 43 605 338 7 20 -1 -1 -1 -1 label : fireHydrant 0.41
269 44 355 366 161 40 -1 -1 -1 -1 label : spot-2 0.12
270 43 605 338 7 20 -1 -1 -1 -1 label : fireHydrant 0.44
271 44 351 365 161 41 -1 -1 -1 -1 label : spot-2 0.42
272 44 348 365 161 41 -1 -1 -1 -1 label : spot-2 0.41
273 44 346 365 159 40 -1 -1 -1 -1 label : spot-2 0.45
274 44 342 366 164 37 -1 -1 -1 -1 label : spot-2 0.42
275 44 344 366 162 38 -1 -1 -1 -1 label : spot-2 0.41
276 44 343 366 166 40 -1 -1 -1 -1 label : spot-2 0.39
277 44 340 366 171 40 -1 -1 -1 -1 label : spot-2 0.40
278 44 340 366 172 41 -1 -1 -1 -1 label : spot-2 0.42
279 44 338 366 176 41 -1 -1 -1 -1 label : spot-2 0.41
280 44 336 366 174 41 -1 -1 -1 -1 label : spot-2 0.36
281 44 336 366 175 40 -1 -1 -1 -1 label : spot-2 0.37
282 44 335 366 174 40 -1 -1 -1 -1 label : spot-2 0.35
283 44 332 366 179 41 -1 -1 -1 -1 label : spot-2 0.34
284 44 331 366 183 42 -1 -1 -1 -1 label : spot-2 0.38
285 44 331 366 181 42 -1 -1 -1 -1 label : spot-2 0.33
286 44 328 366 184 42 -1 -1 -1 -1 label : spot-2 0.32
287 44 329 367 169 41 -1 -1 -1 -1 label : spot-2 0.26
288 44 328 368 163 41 -1 -1 -1 -1 label : spot-2 0.31
289 44 326 368 164 41 -1 -1 -1 -1 label : spot-2 0.32
290 44 322 369 177 44 -1 -1 -1 -1 label : spot-2 0.26
291 44 321 370 175 44 -1 -1 -1 -1 label : spot-2 0.26
292 44 318 369 178 44 -1 -1 -1 -1 label : spot-2 0.24
293 44 318 369 174 43 -1 -1 -1 -1 label : spot-2 0.28
294 44 318 369 173 43 -1 -1 -1 -1 label : spot-2 0.31
295 44 315 369 175 42 -1 -1 -1 -1 label : spot-2 0.27
296 44 315 369 174 43 -1 -1 -1 -1 label : spot-2 0.21
297 44 314 370 176 44 -1 -1 -1 -1 label : spot-2 0.22
298 44 312 370 179 44 -1 -1 -1 -1 label : spot-2 0.18
299 44 310 370 178 45 -1 -1 -1 -1 label : spot-2 0.20
300 44 309 370 174 47 -1 -1 -1 -1 label : spot-2 0.22
301 44 304 370 180 46 -1 -1 -1 -1 label : spot-2 0.27
302 44 303 371 179 45 -1 -1 -1 -1 label : spot-2 0.30
303 44 305 371 168 47 -1 -1 -1 -1 label : spot-2 0.29
304 44 301 371 178 47 -1 -1 -1 -1 label : spot-2 0.27
305 44 302 371 171 47 -1 -1 -1 -1 label : spot-2 0.26
306 44 298 371 184 47 -1 -1 -1 -1 label : spot-2 0.22
307 44 299 371 185 47 -1 -1 -1 -1 label : spot-2 0.21
308 44 296 371 194 47 -1 -1 -1 -1 label : spot-2 0.25
309 44 300 372 184 47 -1 -1 -1 -1 label : spot-2 0.27
310 44 297 372 187 48 -1 -1 -1 -1 label : spot-2 0.29
311 44 296 372 185 48 -1 -1 -1 -1 label : spot-2 0.29
312 44 296 372 186 48 -1 -1 -1 -1 label : spot-2 0.28
313 44 292 373 196 48 -1 -1 -1 -1 label : spot-2 0.28
314 44 295 373 188 48 -1 -1 -1 -1 label : spot-2 0.31
315 44 293 373 193 49 -1 -1 -1 -1 label : spot-2 0.30
315 45 454 351 10 25 -1 -1 -1 -1 label : fireHydrant 0.10
316 44 290 373 198 49 -1 -1 -1 -1 label : spot-2 0.26
317 44 290 373 199 50 -1 -1 -1 -1 label : spot-2 0.30
318 44 288 373 201 50 -1 -1 -1 -1 label : spot-2 0.28
318 45 584 341 8 22 -1 -1 -1 -1 label : fireHydrant 0.12
319 44 286 373 204 49 -1 -1 -1 -1 label : spot-2 0.29
320 44 288 373 201 49 -1 -1 -1 -1 label : spot-2 0.25
321 44 285 373 204 49 -1 -1 -1 -1 label : spot-2 0.30
322 44 285 373 202 49 -1 -1 -1 -1 label : spot-2 0.22
323 44 283 373 205 48 -1 -1 -1 -1 label : spot-2 0.17
324 44 283 374 202 47 -1 -1 -1 -1 label : spot-2 0.20
325 44 283 373 204 48 -1 -1 -1 -1 label : spot-2 0.22
326 44 282 373 204 49 -1 -1 -1 -1 label : spot-2 0.21
326 45 606 339 7 22 -1 -1 -1 -1 label : fireHydrant 0.11
327 44 279 373 209 49 -1 -1 -1 -1 label : spot-2 0.21
327 45 598 340 8 21 -1 -1 -1 -1 label : fireHydrant 0.12
328 44 278 374 209 48 -1 -1 -1 -1 label : spot-2 0.18
328 45 597 340 8 21 -1 -1 -1 -1 label : fireHydrant 0.14
329 44 277 374 209 48 -1 -1 -1 -1 label : spot-2 0.24
329 45 596 340 8 21 -1 -1 -1 -1 label : fireHydrant 0.18
330 44 275 374 211 48 -1 -1 -1 -1 label : spot-2 0.24
330 45 596 340 8 22 -1 -1 -1 -1 label : fireHydrant 0.16
331 44 275 375 214 48 -1 -1 -1 -1 label : spot-2 0.21
331 45 595 341 7 21 -1 -1 -1 -1 label : fireHydrant 0.18
332 44 274 375 211 48 -1 -1 -1 -1 label : spot-2 0.24
332 45 595 341 7 21 -1 -1 -1 -1 label : fireHydrant 0.17
333 44 273 375 211 48 -1 -1 -1 -1 label : spot-2 0.26
333 45 594 341 7 21 -1 -1 -1 -1 label : fireHydrant 0.15
334 44 272 375 213 49 -1 -1 -1 -1 label : spot-2 0.25
334 45 594 340 7 21 -1 -1 -1 -1 label : fireHydrant 0.19
335 44 270 375 215 49 -1 -1 -1 -1 label : spot-2 0.24
335 45 594 340 6 22 -1 -1 -1 -1 label : fireHydrant 0.16
336 44 269 376 219 48 -1 -1 -1 -1 label : spot-2 0.26
336 45 593 340 7 22 -1 -1 -1 -1 label : fireHydrant 0.14
337 44 270 376 218 48 -1 -1 -1 -1 label : spot-2 0.23
337 45 593 340 7 22 -1 -1 -1 -1 label : fireHydrant 0.16
338 44 269 375 222 49 -1 -1 -1 -1 label : spot-2 0.22
338 45 592 340 7 21 -1 -1 -1 -1 label : fireHydrant 0.20
339 44 269 375 220 49 -1 -1 -1 -1 label : spot-2 0.19
339 45 592 340 7 21 -1 -1 -1 -1 label : fireHydrant 0.19
340 44 269 375 218 49 -1 -1 -1 -1 label : spot-2 0.23
340 45 592 340 7 21 -1 -1 -1 -1 label : fireHydrant 0.18
341 44 268 376 223 49 -1 -1 -1 -1 label : spot-2 0.21
341 45 591 340 7 21 -1 -1 -1 -1 label : fireHydrant 0.20
342 44 267 376 225 49 -1 -1 -1 -1 label : spot-2 0.21
342 45 591 340 7 21 -1 -1 -1 -1 label : fireHydrant 0.19
343 44 266 376 220 49 -1 -1 -1 -1 label : spot-2 0.23
343 45 591 341 7 20 -1 -1 -1 -1 label : fireHydrant 0.18
344 44 266 377 214 48 -1 -1 -1 -1 label : spot-2 0.20
344 45 591 341 7 20 -1 -1 -1 -1 label : fireHydrant 0.17
345 44 264 377 216 48 -1 -1 -1 -1 label : spot-2 0.18
345 45 591 341 7 21 -1 -1 -1 -1 label : fireHydrant 0.16
346 44 263 377 220 48 -1 -1 -1 -1 label : spot-2 0.17
346 45 591 341 7 21 -1 -1 -1 -1 label : fireHydrant 0.14
347 44 262 377 227 48 -1 -1 -1 -1 label : spot-2 0.20
347 45 591 341 7 21 -1 -1 -1 -1 label : fireHydrant 0.11
348 44 265 377 218 48 -1 -1 -1 -1 label : spot-2 0.27
348 45 591 341 7 21 -1 -1 -1 -1 label : fireHydrant 0.11
349 44 264 377 218 48 -1 -1 -1 -1 label : spot-2 0.29
349 45 591 341 7 22 -1 -1 -1 -1 label : fireHydrant 0.11
350 44 262 377 225 49 -1 -1 -1 -1 label : spot-2 0.29
350 45 591 340 7 23 -1 -1 -1 -1 label : fireHydrant 0.11
351 44 262 377 229 49 -1 -1 -1 -1 label : spot-2 0.27
352 44 262 376 232 50 -1 -1 -1 -1 label : spot-2 0.30
352 45 591 340 7 23 -1 -1 -1 -1 label : fireHydrant 0.13
353 44 262 376 232 50 -1 -1 -1 -1 label : spot-2 0.27
353 45 591 340 7 24 -1 -1 -1 -1 label : fireHydrant 0.14
354 44 263 376 227 50 -1 -1 -1 -1 label : spot-2 0.37
354 45 590 341 7 22 -1 -1 -1 -1 label : fireHydrant 0.16
355 44 260 376 229 50 -1 -1 -1 -1 label : spot-2 0.31
355 45 590 341 7 22 -1 -1 -1 -1 label : fireHydrant 0.14
356 44 260 376 229 50 -1 -1 -1 -1 label : spot-2 0.34
356 45 590 341 7 22 -1 -1 -1 -1 label : fireHydrant 0.19
357 44 259 376 232 50 -1 -1 -1 -1 label : spot-2 0.34
357 45 590 342 7 21 -1 -1 -1 -1 label : fireHydrant 0.19
358 44 260 376 229 50 -1 -1 -1 -1 label : spot-2 0.37
358 45 590 342 7 21 -1 -1 -1 -1 label : fireHydrant 0.15
359 44 258 375 231 50 -1 -1 -1 -1 label : spot-2 0.26
359 45 589 342 8 21 -1 -1 -1 -1 label : fireHydrant 0.20
360 44 258 375 229 50 -1 -1 -1 -1 label : spot-2 0.28
360 45 590 342 7 21 -1 -1 -1 -1 label : fireHydrant 0.23
361 44 256 375 237 50 -1 -1 -1 -1 label : spot-2 0.23
361 45 590 342 7 21 -1 -1 -1 -1 label : fireHydrant 0.21
362 44 258 375 230 49 -1 -1 -1 -1 label : spot-2 0.29
362 45 590 342 7 21 -1 -1 -1 -1 label : fireHydrant 0.18
363 44 259 375 230 50 -1 -1 -1 -1 label : spot-2 0.26
363 45 590 342 7 21 -1 -1 -1 -1 label : fireHydrant 0.24
364 44 257 375 230 50 -1 -1 -1 -1 label : spot-2 0.32
364 45 590 342 7 21 -1 -1 -1 -1 label : fireHydrant 0.23
365 44 256 375 226 49 -1 -1 -1 -1 label : spot-2 0.32
365 45 589 342 8 20 -1 -1 -1 -1 label : fireHydrant 0.24
366 44 256 375 225 49 -1 -1 -1 -1 label : spot-2 0.35
366 45 590 342 7 20 -1 -1 -1 -1 label : fireHydrant 0.23
367 44 255 375 227 49 -1 -1 -1 -1 label : spot-2 0.32
367 45 590 341 6 21 -1 -1 -1 -1 label : fireHydrant 0.24
368 44 256 376 224 48 -1 -1 -1 -1 label : spot-2 0.36
368 45 589 341 8 21 -1 -1 -1 -1 label : fireHydrant 0.21
369 44 255 376 225 48 -1 -1 -1 -1 label : spot-2 0.34
369 45 590 340 7 22 -1 -1 -1 -1 label : fireHydrant 0.23
370 44 256 376 221 48 -1 -1 -1 -1 label : spot-2 0.32
370 45 589 340 8 20 -1 -1 -1 -1 label : fireHydrant 0.21
371 44 254 376 229 48 -1 -1 -1 -1 label : spot-2 0.35
371 45 590 341 7 18 -1 -1 -1 -1 label : fireHydrant 0.18
372 44 254 375 241 51 -1 -1 -1 -1 label : spot-2 0.34
373 44 256 375 230 51 -1 -1 -1 -1 label : spot-2 0.33
374 44 251 375 241 51 -1 -1 -1 -1 label : spot-2 0.36
375 44 253 375 237 51 -1 -1 -1 -1 label : spot-2 0.33
376 44 253 375 235 51 -1 -1 -1 -1 label : spot-2 0.33
377 44 250 375 244 51 -1 -1 -1 -1 label : spot-2 0.30
378 44 252 376 234 50 -1 -1 -1 -1 label : spot-2 0.29
379 44 250 376 247 50 -1 -1 -1 -1 label : spot-2 0.33
380 44 251 376 242 51 -1 -1 -1 -1 label : spot-2 0.34
381 44 251 376 237 51 -1 -1 -1 -1 label : spot-2 0.27
381 45 486 350 9 22 -1 -1 -1 -1 label : fireHydrant 0.18
382 44 249 376 240 51 -1 -1 -1 -1 label : spot-2 0.30
382 45 483 350 8 21 -1 -1 -1 -1 label : fireHydrant 0.17
383 44 250 375 239 52 -1 -1 -1 -1 label : spot-2 0.34
384 44 250 375 239 52 -1 -1 -1 -1 label : spot-2 0.37
385 44 248 374 238 52 -1 -1 -1 -1 label : spot-2 0.40
386 44 250 374 228 52 -1 -1 -1 -1 label : spot-2 0.34
387 44 248 375 229 51 -1 -1 -1 -1 label : spot-2 0.35
388 44 248 375 228 50 -1 -1 -1 -1 label : spot-2 0.35
389 44 247 375 232 50 -1 -1 -1 -1 label : spot-2 0.34
390 44 247 374 232 51 -1 -1 -1 -1 label : spot-2 0.31
391 44 247 374 232 51 -1 -1 -1 -1 label : spot-2 0.29
392 44 245 374 234 51 -1 -1 -1 -1 label : spot-2 0.25
393 44 245 374 233 51 -1 -1 -1 -1 label : spot-2 0.28
394 44 245 375 235 50 -1 -1 -1 -1 label : spot-2 0.26
395 44 248 375 224 51 -1 -1 -1 -1 label : spot-2 0.27
396 44 244 375 235 51 -1 -1 -1 -1 label : spot-2 0.27
397 44 244 376 235 50 -1 -1 -1 -1 label : spot-2 0.27
398 44 244 376 236 50 -1 -1 -1 -1 label : spot-2 0.28
399 44 244 376 238 50 -1 -1 -1 -1 label : spot-2 0.29
400 44 244 376 239 49 -1 -1 -1 -1 label : spot-2 0.28
401 44 245 376 237 49 -1 -1 -1 -1 label : spot-2 0.30
402 44 245 375 234 51 -1 -1 -1 -1 label : spot-2 0.34
403 44 245 374 235 52 -1 -1 -1 -1 label : spot-2 0.37
404 44 244 374 237 52 -1 -1 -1 -1 label : spot-2 0.35
405 44 244 373 236 53 -1 -1 -1 -1 label : spot-2 0.36
406 44 245 374 231 53 -1 -1 -1 -1 label : spot-2 0.35
407 44 243 374 233 53 -1 -1 -1 -1 label : spot-2 0.30
408 44 240 374 242 52 -1 -1 -1 -1 label : spot-2 0.29
409 44 243 375 233 51 -1 -1 -1 -1 label : spot-2 0.29
410 44 241 375 240 51 -1 -1 -1 -1 label : spot-2 0.31
411 44 242 375 242 51 -1 -1 -1 -1 label : spot-2 0.30
412 44 242 375 241 51 -1 -1 -1 -1 label : spot-2 0.28
413 44 243 375 240 50 -1 -1 -1 -1 label : spot-2 0.27
414 44 242 374 245 52 -1 -1 -1 -1 label : spot-2 0.28
415 44 242 374 244 52 -1 -1 -1 -1 label : spot-2 0.25
416 44 243 374 245 52 -1 -1 -1 -1 label : spot-2 0.28
417 44 242 374 250 52 -1 -1 -1 -1 label : spot-2 0.27
418 44 243 374 245 52 -1 -1 -1 -1 label : spot-2 0.27
419 44 242 374 247 53 -1 -1 -1 -1 label : spot-2 0.25
420 44 242 375 246 52 -1 -1 -1 -1 label : spot-2 0.23
421 44 241 375 248 52 -1 -1 -1 -1 label : spot-2 0.22
422 44 243 375 245 52 -1 -1 -1 -1 label : spot-2 0.23
423 44 241 376 251 51 -1 -1 -1 -1 label : spot-2 0.23
424 44 242 376 247 51 -1 -1 -1 -1 label : spot-2 0.25
425 44 243 376 239 51 -1 -1 -1 -1 label : spot-2 0.19
426 44 243 376 242 51 -1 -1 -1 -1 label : spot-2 0.23
427 44 243 376 241 51 -1 -1 -1 -1 label : spot-2 0.24
428 44 242 376 242 51 -1 -1 -1 -1 label : spot-2 0.21
429 44 241 376 244 51 -1 -1 -1 -1 label : spot-2 0.19
430 44 242 377 241 51 -1 -1 -1 -1 label : spot-2 0.20
431 44 242 377 241 51 -1 -1 -1 -1 label : spot-2 0.21
432 44 243 377 239 51 -1 -1 -1 -1 label : spot-2 0.24
433 44 243 377 239 51 -1 -1 -1 -1 label : spot-2 0.25
434 44 241 376 240 50 -1 -1 -1 -1 label : spot-2 0.21
435 44 244 375 236 51 -1 -1 -1 -1 label : spot-2 0.24
436 44 245 375 226 51 -1 -1 -1 -1 label : spot-2 0.20
437 44 244 375 223 51 -1 -1 -1 -1 label : spot-2 0.24
438 44 243 375 223 51 -1 -1 -1 -1 label : spot-2 0.24
439 44 244 375 218 51 -1 -1 -1 -1 label : spot-2 0.25
440 44 243 375 222 51 -1 -1 -1 -1 label : spot-2 0.27
441 44 240 375 232 51 -1 -1 -1 -1 label : spot-2 0.29
442 44 241 375 232 50 -1 -1 -1 -1 label : spot-2 0.28
443 44 242 375 232 50 -1 -1 -1 -1 label : spot-2 0.26
444 44 243 376 225 50 -1 -1 -1 -1 label : spot-2 0.25
445 44 242 376 223 50 -1 -1 -1 -1 label : spot-2 0.22
446 44 242 374 235 52 -1 -1 -1 -1 label : spot-2 0.27
447 44 239 376 243 50 -1 -1 -1 -1 label : spot-2 0.22
448 44 242 376 239 50 -1 -1 -1 -1 label : spot-2 0.25
449 44 242 376 242 50 -1 -1 -1 -1 label : spot-2 0.24
450 44 243 377 238 50 -1 -1 -1 -1 label : spot-2 0.15
451 44 244 376 229 51 -1 -1 -1 -1 label : spot-2 0.16
452 44 240 376 241 50 -1 -1 -1 -1 label : spot-2 0.17
453 44 241 376 243 50 -1 -1 -1 -1 label : spot-2 0.23
454 44 243 376 243 50 -1 -1 -1 -1 label : spot-2 0.26
455 44 243 376 241 50 -1 -1 -1 -1 label : spot-2 0.22
456 44 242 376 243 51 -1 -1 -1 -1 label : spot-2 0.19
457 44 241 376 250 51 -1 -1 -1 -1 label : spot-2 0.20
458 44 243 376 245 51 -1 -1 -1 -1 label : spot-2 0.30
459 44 243 376 245 51 -1 -1 -1 -1 label : spot-2 0.26
460 44 243 375 241 52 -1 -1 -1 -1 label : spot-2 0.26
461 44 243 375 239 52 -1 -1 -1 -1 label : spot-2 0.21
462 44 241 375 243 52 -1 -1 -1 -1 label : spot-2 0.19
463 44 241 375 246 52 -1 -1 -1 -1 label : spot-2 0.19
464 44 241 376 246 51 -1 -1 -1 -1 label : spot-2 0.23
465 44 242 376 244 51 -1 -1 -1 -1 label : spot-2 0.23
466 44 241 376 251 51 -1 -1 -1 -1 label : spot-2 0.25
467 44 241 376 251 51 -1 -1 -1 -1 label : spot-2 0.24
468 44 241 376 257 52 -1 -1 -1 -1 label : spot-2 0.27
469 44 242 376 253 52 -1 -1 -1 -1 label : spot-2 0.28
470 44 243 376 250 51 -1 -1 -1 -1 label : spot-2 0.32
471 44 243 376 252 51 -1 -1 -1 -1 label : spot-2 0.31
472 44 241 376 262 52 -1 -1 -1 -1 label : spot-2 0.32
473 44 240 376 263 52 -1 -1 -1 -1 label : spot-2 0.28
474 44 242 376 259 52 -1 -1 -1 -1 label : spot-2 0.30
475 44 243 376 255 52 -1 -1 -1 -1 label : spot-2 0.28
476 44 244 376 248 52 -1 -1 -1 -1 label : spot-2 0.26
477 44 243 376 247 51 -1 -1 -1 -1 label : spot-2 0.29
478 44 241 376 252 51 -1 -1 -1 -1 label : spot-2 0.26
479 44 240 376 256 51 -1 -1 -1 -1 label : spot-2 0.26
480 44 243 376 244 51 -1 -1 -1 -1 label : spot-2 0.27
481 44 243 376 240 51 -1 -1 -1 -1 label : spot-2 0.30
482 44 243 376 236 51 -1 -1 -1 -1 label : spot-2 0.28
483 44 241 376 242 51 -1 -1 -1 -1 label : spot-2 0.28
484 44 242 377 254 52 -1 -1 -1 -1 label : spot-2 0.23
485 44 242 377 250 51 -1 -1 -1 -1 label : spot-2 0.25
486 44 244 377 244 50 -1 -1 -1 -1 label : spot-2 0.30
487 44 243 377 243 50 -1 -1 -1 -1 label : spot-2 0.28
488 44 243 377 242 50 -1 -1 -1 -1 label : spot-2 0.26
489 44 243 378 237 49 -1 -1 -1 -1 label : spot-2 0.24
490 44 241 378 243 48 -1 -1 -1 -1 label : spot-2 0.23
491 44 244 378 232 48 -1 -1 -1 -1 label : spot-2 0.26
492 44 242 378 236 47 -1 -1 -1 -1 label : spot-2 0.27
493 44 244 378 227 48 -1 -1 -1 -1 label : spot-2 0.25
494 44 243 378 222 48 -1 -1 -1 -1 label : spot-2 0.18
495 44 242 379 224 47 -1 -1 -1 -1 label : spot-2 0.19
496 44 244 379 217 47 -1 -1 -1 -1 label : spot-2 0.21
497 44 241 379 223 47 -1 -1 -1 -1 label : spot-2 0.25
498 44 243 380 217 48 -1 -1 -1 -1 label : spot-2 0.22
499 44 239 381 225 47 -1 -1 -1 -1 label : spot-2 0.21
500 44 242 381 215 47 -1 -1 -1 -1 label : spot-2 0.24
501 44 242 381 211 48 -1 -1 -1 -1 label : spot-2 0.28
502 44 242 381 206 47 -1 -1 -1 -1 label : spot-2 0.31
503 44 241 381 205 47 -1 -1 -1 -1 label : spot-2 0.28
504 44 240 382 203 46 -1 -1 -1 -1 label : spot-2 0.22
505 44 243 380 189 48 -1 -1 -1 -1 label : spot-2 0.26
506 44 242 380 186 47 -1 -1 -1 -1 label : spot-2 0.25
507 44 244 381 179 47 -1 -1 -1 -1 label : spot-2 0.30
508 44 242 381 180 47 -1 -1 -1 -1 label : spot-2 0.33
509 44 241 381 174 47 -1 -1 -1 -1 label : spot-2 0.23
510 44 241 381 170 47 -1 -1 -1 -1 label : spot-2 0.23
511 44 240 381 167 47 -1 -1 -1 -1 label : spot-2 0.24
512 44 240 383 161 45 -1 -1 -1 -1 label : spot-2 0.20
513 44 241 383 154 44 -1 -1 -1 -1 label : spot-2 0.13
514 44 242 384 147 42 -1 -1 -1 -1 label : spot-2 0.16
515 44 242 385 139 41 -1 -1 -1 -1 label : spot-2 0.18
516 44 242 385 134 40 -1 -1 -1 -1 label : spot-1 0.21
517 44 242 385 125 38 -1 -1 -1 -1 label : spot-1 0.23
518 44 243 385 117 38 -1 -1 -1 -1 label : spot-1 0.24
519 44 242 385 110 38 -1 -1 -1 -1 label : spot-1 0.28
520 44 241 386 104 37 -1 -1 -1 -1 label : spot-1 0.34
521 44 241 386 95 36 -1 -1 -1 -1 label : spot-1 0.31
522 44 242 386 86 36 -1 -1 -1 -1 label : spot-1 0.30
523 44 244 387 73 34 -1 -1 -1 -1 label : spot-1 0.22
544 50 318 376 190 48 -1 -1 -1 -1 label : spot-2 0.17
545 50 307 376 193 49 -1 -1 -1 -1 label : spot-2 0.17
546 50 294 376 194 54 -1 -1 -1 -1 label : spot-2 0.20
547 50 277 377 212 55 -1 -1 -1 -1 label : spot-2 0.27
548 50 261 378 215 55 -1 -1 -1 -1 label : spot-2 0.24
549 50 247 378 228 60 -1 -1 -1 -1 label : spot-2 0.23
550 50 235 378 247 59 -1 -1 -1 -1 label : spot-2 0.22
551 50 234 378 240 54 -1 -1 -1 -1 label : spot-2 0.25
552 50 237 378 232 51 -1 -1 -1 -1 label : spot-2 0.31
553 50 241 378 227 51 -1 -1 -1 -1 label : spot-2 0.32
554 50 239 377 235 51 -1 -1 -1 -1 label : spot-2 0.35
555 50 240 376 238 51 -1 -1 -1 -1 label : spot-2 0.31
556 50 242 376 236 51 -1 -1 -1 -1 label : spot-2 0.38
557 50 243 376 235 51 -1 -1 -1 -1 label : spot-2 0.37
558 50 243 376 237 51 -1 -1 -1 -1 label : spot-2 0.41
559 50 243 376 239 51 -1 -1 -1 -1 label : spot-2 0.34
560 50 243 376 244 51 -1 -1 -1 -1 label : spot-2 0.37
561 50 243 376 248 51 -1 -1 -1 -1 label : spot-2 0.36
562 50 243 377 249 50 -1 -1 -1 -1 label : spot-2 0.39
563 50 244 377 246 50 -1 -1 -1 -1 label : spot-2 0.45
564 50 244 377 246 50 -1 -1 -1 -1 label : spot-2 0.47
565 50 244 376 244 51 -1 -1 -1 -1 label : spot-2 0.44
566 50 243 376 246 52 -1 -1 -1 -1 label : spot-2 0.47
567 50 244 376 244 52 -1 -1 -1 -1 label : spot-2 0.50
568 50 244 375 242 53 -1 -1 -1 -1 label : spot-2 0.48
569 50 243 375 243 52 -1 -1 -1 -1 label : spot-2 0.47
570 50 244 374 238 53 -1 -1 -1 -1 label : spot-2 0.45
571 50 242 375 244 52 -1 -1 -1 -1 label : spot-2 0.47
572 50 244 375 243 52 -1 -1 -1 -1 label : spot-2 0.49
573 50 245 375 237 52 -1 -1 -1 -1 label : spot-2 0.44
574 50 244 375 240 52 -1 -1 -1 -1 label : spot-2 0.43
575 50 244 375 246 52 -1 -1 -1 -1 label : spot-2 0.47
576 50 241 376 259 52 -1 -1 -1 -1 label : spot-2 0.42
577 50 246 375 247 53 -1 -1 -1 -1 label : spot-2 0.46
578 50 242 375 258 53 -1 -1 -1 -1 label : spot-2 0.37
579 50 241 376 262 52 -1 -1 -1 -1 label : spot-2 0.35
580 50 243 376 258 52 -1 -1 -1 -1 label : spot-2 0.35
581 50 242 376 261 52 -1 -1 -1 -1 label : spot-2 0.38
582 50 242 376 261 52 -1 -1 -1 -1 label : spot-2 0.37
583 50 242 376 259 52 -1 -1 -1 -1 label : spot-2 0.35
584 50 242 376 258 52 -1 -1 -1 -1 label : spot-2 0.35
585 50 245 376 249 51 -1 -1 -1 -1 label : spot-2 0.35
586 50 245 377 242 50 -1 -1 -1 -1 label : spot-2 0.37
587 50 244 377 243 50 -1 -1 -1 -1 label : spot-2 0.34
588 50 243 377 245 49 -1 -1 -1 -1 label : spot-2 0.31
589 50 243 377 247 49 -1 -1 -1 -1 label : spot-2 0.29
590 50 243 377 247 49 -1 -1 -1 -1 label : spot-2 0.31
591 50 241 377 253 49 -1 -1 -1 -1 label : spot-2 0.29
592 50 242 378 248 49 -1 -1 -1 -1 label : spot-2 0.28
593 50 242 378 244 49 -1 -1 -1 -1 label : spot-2 0.28
594 50 243 378 240 49 -1 -1 -1 -1 label : spot-2 0.32
595 50 242 378 239 49 -1 -1 -1 -1 label : spot-2 0.31
596 50 241 377 241 50 -1 -1 -1 -1 label : spot-2 0.34
597 50 243 378 235 49 -1 -1 -1 -1 label : spot-2 0.34
598 50 240 378 235 49 -1 -1 -1 -1 label : spot-2 0.32
599 50 243 378 224 49 -1 -1 -1 -1 label : spot-2 0.30
600 50 241 379 224 48 -1 -1 -1 -1 label : spot-2 0.28
601 50 243 379 216 48 -1 -1 -1 -1 label : spot-2 0.29
602 50 241 380 215 47 -1 -1 -1 -1 label : spot-2 0.26
603 50 242 380 209 48 -1 -1 -1 -1 label : spot-2 0.23
604 50 241 381 208 47 -1 -1 -1 -1 label : spot-2 0.25
605 50 242 381 202 47 -1 -1 -1 -1 label : spot-2 0.29
606 50 240 381 202 47 -1 -1 -1 -1 label : spot-2 0.22
607 50 241 381 197 47 -1 -1 -1 -1 label : spot-2 0.24
608 50 241 381 192 46 -1 -1 -1 -1 label : spot-2 0.21
609 50 242 381 181 46 -1 -1 -1 -1 label : spot-2 0.25
610 50 242 381 177 46 -1 -1 -1 -1 label : spot-2 0.25
611 50 242 381 172 46 -1 -1 -1 -1 label : spot-2 0.25
612 50 241 382 169 45 -1 -1 -1 -1 label : spot-2 0.24
613 50 241 382 164 45 -1 -1 -1 -1 label : spot-2 0.25
614 50 241 383 158 44 -1 -1 -1 -1 label : spot-2 0.22
615 50 243 383 146 43 -1 -1 -1 -1 label : spot-1 0.22
616 50 242 383 142 43 -1 -1 -1 -1 label : spot-1 0.28
617 50 242 385 138 40 -1 -1 -1 -1 label : spot-1 0.38
618 50 242 385 130 40 -1 -1 -1 -1 label : spot-1 0.36
619 50 242 387 119 37 -1 -1 -1 -1 label : spot-1 0.41
620 50 243 387 110 37 -1 -1 -1 -1 label : spot-1 0.48
621 50 243 387 100 37 -1 -1 -1 -1 label : spot-1 0.38
622 50 243 388 93 36 -1 -1 -1 -1 label : spot-1 0.30
623 50 244 386 81 37 -1 -1 -1 -1 label : spot-1 0.23
624 50 244 387 71 35 -1 -1 -1 -1 label : spot-1 0.14
625 50 244 387 63 34 -1 -1 -1 -1 label : spot-1 0.15
651 57 251 377 222 62 -1 -1 -1 -1 label : spot-2 0.11
652 57 237 377 237 58 -1 -1 -1 -1 label : spot-2 0.12
653 57 235 377 234 53 -1 -1 -1 -1 label : spot-2 0.14
654 57 237 378 230 49 -1 -1 -1 -1 label : spot-2 0.15
655 57 241 378 224 48 -1 -1 -1 -1 label : spot-2 0.13
656 57 243 378 221 49 -1 -1 -1 -1 label : spot-2 0.11
657 57 242 379 221 47 -1 -1 -1 -1 label : spot-2 0.11
658 57 244 379 221 48 -1 -1 -1 -1 label : spot-2 0.18
659 57 243 378 223 49 -1 -1 -1 -1 label : spot-2 0.19
660 57 243 378 225 49 -1 -1 -1 -1 label : spot-2 0.20
661 57 243 377 227 50 -1 -1 -1 -1 label : spot-2 0.22
662 57 243 377 226 50 -1 -1 -1 -1 label : spot-2 0.19
663 57 242 377 227 50 -1 -1 -1 -1 label : spot-2 0.20
664 57 243 377 226 50 -1 -1 -1 -1 label : spot-2 0.18
665 57 243 377 225 49 -1 -1 -1 -1 label : spot-2 0.18
666 57 243 377 223 50 -1 -1 -1 -1 label : spot-2 0.17
667 57 242 377 227 50 -1 -1 -1 -1 label : spot-2 0.19
668 57 243 377 224 49 -1 -1 -1 -1 label : spot-2 0.17
669 57 243 377 224 49 -1 -1 -1 -1 label : spot-2 0.17
670 57 242 377 226 49 -1 -1 -1 -1 label : spot-2 0.16
671 57 242 377 226 49 -1 -1 -1 -1 label : spot-2 0.18
672 57 243 377 225 49 -1 -1 -1 -1 label : spot-2 0.16
673 57 243 377 224 49 -1 -1 -1 -1 label : spot-2 0.17
674 57 243 378 222 49 -1 -1 -1 -1 label : spot-2 0.16
675 57 242 378 222 49 -1 -1 -1 -1 label : spot-2 0.18
676 57 242 378 222 49 -1 -1 -1 -1 label : spot-2 0.19
677 57 242 379 220 48 -1 -1 -1 -1 label : spot-2 0.15
678 57 241 379 222 48 -1 -1 -1 -1 label : spot-2 0.15
679 57 241 379 222 48 -1 -1 -1 -1 label : spot-2 0.16
680 57 242 378 220 48 -1 -1 -1 -1 label : spot-2 0.14
681 57 241 378 223 48 -1 -1 -1 -1 label : spot-2 0.13
682 57 242 378 220 48 -1 -1 -1 -1 label : spot-2 0.16
683 57 242 378 220 48 -1 -1 -1 -1 label : spot-2 0.15
684 57 241 378 222 48 -1 -1 -1 -1 label : spot-2 0.14
685 57 241 377 225 49 -1 -1 -1 -1 label : spot-2 0.15
686 57 242 377 223 49 -1 -1 -1 -1 label : spot-2 0.15
687 57 242 377 223 49 -1 -1 -1 -1 label : spot-2 0.15
688 57 241 377 223 49 -1 -1 -1 -1 label : spot-2 0.15
689 57 242 377 221 49 -1 -1 -1 -1 label : spot-2 0.16
690 57 241 377 222 49 -1 -1 -1 -1 label : spot-2 0.17
691 57 241 377 226 49 -1 -1 -1 -1 label : spot-2 0.15
692 57 241 377 224 49 -1 -1 -1 -1 label : spot-2 0.17
693 57 242 377 222 49 -1 -1 -1 -1 label : spot-2 0.15
694 57 241 377 227 49 -1 -1 -1 -1 label : spot-2 0.19
695 57 243 377 221 49 -1 -1 -1 -1 label : spot-2 0.15
696 57 242 377 220 49 -1 -1 -1 -1 label : spot-2 0.15
697 57 240 378 225 48 -1 -1 -1 -1 label : spot-2 0.18
698 57 241 378 222 48 -1 -1 -1 -1 label : spot-2 0.17
699 57 241 378 224 48 -1 -1 -1 -1 label : spot-2 0.18
700 57 241 379 228 47 -1 -1 -1 -1 label : spot-2 0.17
701 57 241 379 230 47 -1 -1 -1 -1 label : spot-2 0.16
702 57 242 378 232 48 -1 -1 -1 -1 label : spot-2 0.17
703 57 242 378 234 48 -1 -1 -1 -1 label : spot-2 0.16
704 57 241 378 239 48 -1 -1 -1 -1 label : spot-2 0.19
705 57 242 377 238 49 -1 -1 -1 -1 label : spot-2 0.20
706 57 242 377 240 49 -1 -1 -1 -1 label : spot-2 0.20
707 57 243 377 235 50 -1 -1 -1 -1 label : spot-2 0.20
708 57 242 377 237 50 -1 -1 -1 -1 label : spot-2 0.23
709 57 242 377 234 50 -1 -1 -1 -1 label : spot-2 0.18
710 57 241 378 236 50 -1 -1 -1 -1 label : spot-2 0.21
711 57 241 378 237 50 -1 -1 -1 -1 label : spot-2 0.18
712 57 241 378 240 50 -1 -1 -1 -1 label : spot-2 0.18
713 57 242 378 238 50 -1 -1 -1 -1 label : spot-2 0.17
714 57 239 378 249 50 -1 -1 -1 -1 label : spot-2 0.19
715 57 241 378 250 50 -1 -1 -1 -1 label : spot-2 0.19
716 57 242 377 245 50 -1 -1 -1 -1 label : spot-2 0.18
717 57 241 377 247 50 -1 -1 -1 -1 label : spot-2 0.19
718 57 241 377 248 50 -1 -1 -1 -1 label : spot-2 0.18
719 57 242 378 238 48 -1 -1 -1 -1 label : spot-2 0.16
720 57 240 378 251 48 -1 -1 -1 -1 label : spot-2 0.19
721 57 243 378 242 48 -1 -1 -1 -1 label : spot-2 0.20
722 57 240 377 252 49 -1 -1 -1 -1 label : spot-2 0.24
723 57 240 377 252 49 -1 -1 -1 -1 label : spot-2 0.24
724 57 241 377 250 49 -1 -1 -1 -1 label : spot-2 0.26
725 57 240 377 253 49 -1 -1 -1 -1 label : spot-2 0.29
726 57 241 377 254 50 -1 -1 -1 -1 label : spot-2 0.26
727 57 241 377 256 50 -1 -1 -1 -1 label : spot-2 0.27
728 57 240 377 258 50 -1 -1 -1 -1 label : spot-2 0.27
729 57 242 377 253 50 -1 -1 -1 -1 label : spot-2 0.24
730 57 243 377 246 49 -1 -1 -1 -1 label : spot-2 0.28
731 57 241 377 246 49 -1 -1 -1 -1 label : spot-2 0.30
731 58 482 354 7 18 -1 -1 -1 -1 label : fireHydrant 0.24
732 57 242 377 244 49 -1 -1 -1 -1 label : spot-2 0.22
732 58 482 353 8 19 -1 -1 -1 -1 label : fireHydrant 0.17
733 57 241 377 247 49 -1 -1 -1 -1 label : spot-2 0.22
733 58 558 346 8 21 -1 -1 -1 -1 label : fireHydrant 0.10
734 57 242 377 246 50 -1 -1 -1 -1 label : spot-2 0.24
735 57 242 377 245 50 -1 -1 -1 -1 label : spot-2 0.25
735 58 589 343 8 20 -1 -1 -1 -1 label : fireHydrant 0.13
736 57 243 377 233 50 -1 -1 -1 -1 label : spot-2 0.28
736 58 593 343 7 20 -1 -1 -1 -1 label : fireHydrant 0.18
737 57 241 377 234 50 -1 -1 -1 -1 label : spot-2 0.28
737 58 594 343 8 21 -1 -1 -1 -1 label : fireHydrant 0.17
738 57 241 377 239 50 -1 -1 -1 -1 label : spot-2 0.30
738 58 593 342 8 22 -1 -1 -1 -1 label : fireHydrant 0.28
739 57 242 377 239 50 -1 -1 -1 -1 label : spot-2 0.29
739 58 593 341 8 22 -1 -1 -1 -1 label : fireHydrant 0.26
740 57 241 377 245 50 -1 -1 -1 -1 label : spot-2 0.29
740 58 592 341 9 22 -1 -1 -1 -1 label : fireHydrant 0.20
741 57 241 376 249 51 -1 -1 -1 -1 label : spot-2 0.25
741 58 592 340 8 22 -1 -1 -1 -1 label : fireHydrant 0.15
742 57 242 376 247 51 -1 -1 -1 -1 label : spot-2 0.28
742 58 519 346 9 24 -1 -1 -1 -1 label : fireHydrant 0.21
743 57 242 376 243 52 -1 -1 -1 -1 label : spot-2 0.27
743 58 489 349 10 25 -1 -1 -1 -1 label : fireHydrant 0.18
744 57 243 376 237 52 -1 -1 -1 -1 label : spot-2 0.29
744 58 485 349 10 25 -1 -1 -1 -1 label : fireHydrant 0.10
745 57 242 376 237 52 -1 -1 -1 -1 label : spot-2 0.29
746 57 243 376 231 52 -1 -1 -1 -1 label : spot-2 0.31
746 58 573 341 7 22 -1 -1 -1 -1 label : fireHydrant 0.14
747 57 241 376 239 52 -1 -1 -1 -1 label : spot-2 0.31
748 57 241 376 241 51 -1 -1 -1 -1 label : spot-2 0.32
749 57 242 375 241 52 -1 -1 -1 -1 label : spot-2 0.29
750 57 242 375 243 52 -1 -1 -1 -1 label : spot-2 0.32
751 57 241 375 246 52 -1 -1 -1 -1 label : spot-2 0.29
752 57 243 376 235 51 -1 -1 -1 -1 label : spot-2 0.25
753 57 241 376 240 52 -1 -1 -1 -1 label : spot-2 0.25
754 57 242 376 233 52 -1 -1 -1 -1 label : spot-2 0.30
755 57 241 376 238 52 -1 -1 -1 -1 label : spot-2 0.32
756 57 242 376 236 52 -1 -1 -1 -1 label : spot-2 0.29
757 57 241 376 237 52 -1 -1 -1 -1 label : spot-2 0.28
758 57 242 375 236 53 -1 -1 -1 -1 label : spot-2 0.29
759 57 240 375 241 52 -1 -1 -1 -1 label : spot-2 0.30
760 57 242 375 237 52 -1 -1 -1 -1 label : spot-2 0.31
761 57 242 376 232 51 -1 -1 -1 -1 label : spot-2 0.29
762 57 242 376 231 51 -1 -1 -1 -1 label : spot-2 0.30
763 57 240 376 239 51 -1 -1 -1 -1 label : spot-2 0.30
764 57 243 376 229 51 -1 -1 -1 -1 label : spot-2 0.31
765 57 242 376 230 51 -1 -1 -1 -1 label : spot-2 0.31
766 57 240 376 240 51 -1 -1 -1 -1 label : spot-2 0.32
767 57 241 376 237 51 -1 -1 -1 -1 label : spot-2 0.29
768 57 241 375 238 52 -1 -1 -1 -1 label : spot-2 0.30
769 57 241 375 238 52 -1 -1 -1 -1 label : spot-2 0.30
770 57 242 375 236 51 -1 -1 -1 -1 label : spot-2 0.30
771 57 243 375 235 51 -1 -1 -1 -1 label : spot-2 0.30
772 57 242 375 237 51 -1 -1 -1 -1 label : spot-2 0.32
773 57 242 377 231 50 -1 -1 -1 -1 label : spot-2 0.28
774 57 242 377 229 50 -1 -1 -1 -1 label : spot-2 0.27
775 57 242 377 229 50 -1 -1 -1 -1 label : spot-2 0.27
776 57 241 377 235 50 -1 -1 -1 -1 label : spot-2 0.29
777 57 242 377 229 50 -1 -1 -1 -1 label : spot-2 0.28
778 57 242 377 228 50 -1 -1 -1 -1 label : spot-2 0.30
779 57 241 377 229 50 -1 -1 -1 -1 label : spot-2 0.31
780 57 241 377 229 50 -1 -1 -1 -1 label : spot-2 0.28
781 57 241 378 228 49 -1 -1 -1 -1 label : spot-2 0.29
