129 3 700 395 202 55 -1 -1 -1 -1 label : spot-2 0.35
130 3 702 396 203 54 -1 -1 -1 -1 label : spot-2 0.34
131 3 709 398 205 55 -1 -1 -1 -1 label : spot-2 0.40
132 3 711 399 206 56 -1 -1 -1 -1 label : spot-2 0.41
133 3 712 398 214 59 -1 -1 -1 -1 label : spot-2 0.40
134 3 712 398 217 60 -1 -1 -1 -1 label : spot-2 0.40
135 3 702 397 238 60 -1 -1 -1 -1 label : spot-2 0.42
136 3 702 397 239 60 -1 -1 -1 -1 label : spot-2 0.42
137 3 724 397 225 62 -1 -1 -1 -1 label : spot-2 0.45
138 3 729 398 226 62 -1 -1 -1 -1 label : spot-2 0.44
139 3 733 394 231 63 -1 -1 -1 -1 label : spot-2 0.59
140 3 734 394 232 63 -1 -1 -1 -1 label : spot-2 0.59
141 3 729 393 248 64 -1 -1 -1 -1 label : spot-2 0.48
142 3 733 393 244 67 -1 -1 -1 -1 label : spot-2 0.48
143 3 731 395 260 67 -1 -1 -1 -1 label : spot-2 0.50
144 3 733 395 260 69 -1 -1 -1 -1 label : spot-2 0.50
145 3 730 396 272 71 -1 -1 -1 -1 label : spot-2 0.51
146 3 729 396 277 70 -1 -1 -1 -1 label : spot-2 0.50
147 3 721 396 306 68 -1 -1 -1 -1 label : spot-2 0.42
148 3 724 397 305 64 -1 -1 -1 -1 label : spot-2 0.40
149 3 740 397 297 70 -1 -1 -1 -1 label : spot-2 0.44
150 3 737 397 310 69 -1 -1 -1 -1 label : spot-2 0.44
152 3 727 398 335 69 -1 -1 -1 -1 label : spot-2 0.31
153 3 734 398 339 74 -1 -1 -1 -1 label : spot-2 0.32
154 3 734 399 346 74 -1 -1 -1 -1 label : spot-2 0.32
155 3 732 399 357 79 -1 -1 -1 -1 label : spot-2 0.38
156 3 730 400 362 79 -1 -1 -1 -1 label : spot-2 0.37
157 3 736 400 382 87 -1 -1 -1 -1 label : spot-2 0.48
158 3 736 401 394 90 -1 -1 -1 -1 label : spot-2 0.49
159 3 728 401 430 91 -1 -1 -1 -1 label : spot-2 0.40
160 3 731 402 431 90 -1 -1 -1 -1 label : spot-2 0.40
161 3 728 402 458 96 -1 -1 -1 -1 label : spot-2 0.30
163 3 729 403 487 100 -1 -1 -1 -1 label : spot-2 0.37
164 3 731 404 494 101 -1 -1 -1 -1 label : spot-2 0.38
165 3 731 404 515 109 -1 -1 -1 -1 label : spot-2 0.47
166 3 729 404 527 112 -1 -1 -1 -1 label : spot-2 0.47
167 3 738 404 531 119 -1 -1 -1 -1 label : spot-2 0.31
169 3 736 404 538 128 -1 -1 -1 -1 label : spot-2 0.49
170 3 729 403 550 133 -1 -1 -1 -1 label : spot-2 0.49
171 3 727 402 552 129 -1 -1 -1 -1 label : spot-2 0.46
172 3 734 402 545 127 -1 -1 -1 -1 label : spot-2 0.47
173 3 719 401 560 118 -1 -1 -1 -1 label : spot-2 0.35
174 3 728 401 551 113 -1 -1 -1 -1 label : spot-2 0.35
175 3 734 401 544 114 -1 -1 -1 -1 label : spot-2 0.42
176 3 731 401 548 115 -1 -1 -1 -1 label : spot-2 0.42
177 3 740 400 535 117 -1 -1 -1 -1 label : spot-2 0.38
178 3 741 400 537 118 -1 -1 -1 -1 label : spot-2 0.38
179 3 733 397 546 119 -1 -1 -1 -1 label : spot-2 0.45
180 3 731 397 548 119 -1 -1 -1 -1 label : spot-2 0.46
181 3 745 397 527 127 -1 -1 -1 -1 label : spot-2 0.43
182 3 741 397 538 130 -1 -1 -1 -1 label : spot-2 0.43
183 3 738 396 541 132 -1 -1 -1 -1 label : spot-2 0.35
184 3 736 396 543 133 -1 -1 -1 -1 label : spot-2 0.35
185 3 765 397 510 135 -1 -1 -1 -1 label : invalidspot-coloredCurb 0.32
186 3 768 398 511 135 -1 -1 -1 -1 label : invalidspot-coloredCurb 0.31
187 3 776 402 503 128 -1 -1 -1 -1 label : invalidspot-coloredCurb 0.30
188 3 784 403 495 126 -1 -1 -1 -1 label : invalidspot-coloredCurb 0.30
189 3 739 400 540 118 -1 -1 -1 -1 label : spot-2 0.31
190 3 738 398 541 116 -1 -1 -1 -1 label : spot-2 0.30
191 3 737 399 542 116 -1 -1 -1 -1 label : spot-2 0.36
192 3 737 399 542 117 -1 -1 -1 -1 label : spot-2 0.36
193 3 731 397 540 128 -1 -1 -1 -1 label : spot-2 0.40
194 3 724 397 552 132 -1 -1 -1 -1 label : spot-2 0.40
195 3 734 399 545 129 -1 -1 -1 -1 label : spot-2 0.42
196 3 738 400 541 128 -1 -1 -1 -1 label : spot-2 0.42
197 3 777 402 499 125 -1 -1 -1 -1 label : spot-2 0.38
198 3 786 403 493 122 -1 -1 -1 -1 label : spot-2 0.37
199 3 766 404 513 118 -1 -1 -1 -1 label : spot-2 0.30
200 3 766 404 513 117 -1 -1 -1 -1 label : spot-2 0.31
201 3 783 403 491 120 -1 -1 -1 -1 label : spot-2 0.34
202 3 782 403 496 121 -1 -1 -1 -1 label : spot-2 0.33
203 3 789 406 489 122 -1 -1 -1 -1 label : spot-2 0.36
204 3 793 407 486 122 -1 -1 -1 -1 label : spot-2 0.36
205 3 809 409 465 126 -1 -1 -1 -1 label : spot-2 0.34
206 3 809 410 469 127 -1 -1 -1 -1 label : spot-2 0.34
207 3 799 408 480 130 -1 -1 -1 -1 label : spot-2 0.41
208 3 796 408 483 131 -1 -1 -1 -1 label : spot-2 0.42
209 3 784 412 495 113 -1 -1 -1 -1 label : spot-2 0.37
210 3 799 413 480 107 -1 -1 -1 -1 label : spot-2 0.37
211 3 803 410 472 111 -1 -1 -1 -1 label : spot-2 0.45
212 3 797 409 480 113 -1 -1 -1 -1 label : spot-2 0.45
213 3 817 411 454 116 -1 -1 -1 -1 label : spot-2 0.38
214 3 818 412 458 118 -1 -1 -1 -1 label : spot-2 0.37
215 3 827 416 452 116 -1 -1 -1 -1 label : spot-2 0.33
216 3 830 417 449 115 -1 -1 -1 -1 label : spot-2 0.33
217 3 824 415 455 116 -1 -1 -1 -1 label : spot-2 0.32
218 3 821 414 458 116 -1 -1 -1 -1 label : spot-2 0.32
317 7 422 371 17 39 -1 -1 -1 -1 label : fireHydrant 0.39
318 7 421 370 19 41 -1 -1 -1 -1 label : fireHydrant 0.39
319 7 421 373 19 40 -1 -1 -1 -1 label : fireHydrant 0.48
320 7 420 373 20 41 -1 -1 -1 -1 label : fireHydrant 0.50
321 7 421 374 18 42 -1 -1 -1 -1 label : fireHydrant 0.51
322 7 420 374 19 43 -1 -1 -1 -1 label : fireHydrant 0.51
323 7 420 373 20 43 -1 -1 -1 -1 label : fireHydrant 0.64
324 7 419 373 21 43 -1 -1 -1 -1 label : fireHydrant 0.64
325 7 418 373 21 44 -1 -1 -1 -1 label : fireHydrant 0.31
326 7 418 373 21 44 -1 -1 -1 -1 label : fireHydrant 0.32
327 7 415 371 21 45 -1 -1 -1 -1 label : fireHydrant 0.39
328 7 415 371 21 45 -1 -1 -1 -1 label : fireHydrant 0.39
329 7 414 369 21 46 -1 -1 -1 -1 label : fireHydrant 0.32
330 7 413 369 21 46 -1 -1 -1 -1 label : fireHydrant 0.34
331 7 410 370 22 45 -1 -1 -1 -1 label : fireHydrant 0.38
332 7 409 371 22 45 -1 -1 -1 -1 label : fireHydrant 0.38
335 7 404 370 22 46 -1 -1 -1 -1 label : fireHydrant 0.34
336 7 403 370 22 47 -1 -1 -1 -1 label : fireHydrant 0.37
337 7 399 370 24 47 -1 -1 -1 -1 label : fireHydrant 0.45
338 7 398 370 24 47 -1 -1 -1 -1 label : fireHydrant 0.46
339 7 397 370 22 47 -1 -1 -1 -1 label : fireHydrant 0.33
340 7 396 370 22 48 -1 -1 -1 -1 label : fireHydrant 0.33
341 7 393 371 24 47 -1 -1 -1 -1 label : fireHydrant 0.55
342 7 392 371 24 47 -1 -1 -1 -1 label : fireHydrant 0.55
343 7 392 372 22 46 -1 -1 -1 -1 label : fireHydrant 0.33
344 7 391 372 22 47 -1 -1 -1 -1 label : fireHydrant 0.34
345 7 391 373 22 46 -1 -1 -1 -1 label : fireHydrant 0.34
348 7 386 373 24 47 -1 -1 -1 -1 label : fireHydrant 0.60
349 7 384 373 24 47 -1 -1 -1 -1 label : fireHydrant 0.60
352 7 379 374 25 49 -1 -1 -1 -1 label : fireHydrant 0.35
353 7 376 374 26 50 -1 -1 -1 -1 label : fireHydrant 0.35
