43 5 939 379 148 50 -1 -1 -1 -1 label : spot-1 0.37
44 5 940 380 143 48 -1 -1 -1 -1 label : spot-1 0.37
51 5 947 381 163 47 -1 -1 -1 -1 label : spot-1 0.41
52 5 950 381 163 47 -1 -1 -1 -1 label : spot-1 0.40
55 5 955 382 183 44 -1 -1 -1 -1 label : spot-1 0.35
56 5 964 382 177 44 -1 -1 -1 -1 label : spot-1 0.37
57 5 975 384 161 45 -1 -1 -1 -1 label : spot-1 0.49
58 5 976 385 161 45 -1 -1 -1 -1 label : spot-1 0.49
59 5 954 387 200 45 -1 -1 -1 -1 label : spot-1 0.35
60 5 953 388 199 44 -1 -1 -1 -1 label : spot-1 0.35
62 5 976 387 181 45 -1 -1 -1 -1 label : spot-1 0.37
74 5 953 384 260 48 -1 -1 -1 -1 label : spot-1 0.30
88 5 1025 374 234 58 -1 -1 -1 -1 label : spot-2 0.38
248 10 0 387 287 147 -1 -1 -1 -1 label : spot-1 0.55
249 10 0 388 279 142 -1 -1 -1 -1 label : spot-1 0.35
250 10 0 388 277 141 -1 -1 -1 -1 label : spot-1 0.35
251 10 1 388 263 140 -1 -1 -1 -1 label : spot-1 0.43
252 10 0 388 262 139 -1 -1 -1 -1 label : spot-1 0.44
253 10 0 390 253 136 -1 -1 -1 -1 label : spot-1 0.30
254 10 0 390 250 136 -1 -1 -1 -1 label : spot-1 0.30
589 24 764 337 244 63 -1 -1 -1 -1 label : spot-2 0.31
625 29 874 374 352 84 -1 -1 -1 -1 label : spot-2 0.32
626 29 875 375 353 84 -1 -1 -1 -1 label : spot-2 0.33
683 38 263 257 17 43 -1 -1 -1 -1 label : fireHydrant 0.44
684 38 261 255 17 44 -1 -1 -1 -1 label : fireHydrant 0.43
685 38 258 248 16 42 -1 -1 -1 -1 label : fireHydrant 0.51
686 38 257 245 16 42 -1 -1 -1 -1 label : fireHydrant 0.52
689 38 253 254 16 42 -1 -1 -1 -1 label : fireHydrant 0.47
690 38 252 258 16 41 -1 -1 -1 -1 label : fireHydrant 0.46
691 38 250 259 16 42 -1 -1 -1 -1 label : fireHydrant 0.47
692 38 249 259 17 43 -1 -1 -1 -1 label : fireHydrant 0.47
693 38 245 262 17 44 -1 -1 -1 -1 label : fireHydrant 0.50
694 38 244 263 17 44 -1 -1 -1 -1 label : fireHydrant 0.50
695 38 241 265 19 46 -1 -1 -1 -1 label : fireHydrant 0.42
696 38 240 266 19 46 -1 -1 -1 -1 label : fireHydrant 0.42
