23 1 818 533 454 132 -1 -1 -1 -1 label : spot-2 0.45
24 1 811 536 468 133 -1 -1 -1 -1 label : spot-2 0.44
25 1 812 536 467 131 -1 -1 -1 -1 label : spot-2 0.44
26 1 816 538 460 136 -1 -1 -1 -1 label : spot-2 0.40
27 1 816 539 463 132 -1 -1 -1 -1 label : spot-2 0.53
28 1 819 540 460 129 -1 -1 -1 -1 label : spot-2 0.55
29 1 829 540 446 132 -1 -1 -1 -1 label : spot-2 0.59
31 1 831 539 446 132 -1 -1 -1 -1 label : spot-2 0.45
32 1 830 537 449 132 -1 -1 -1 -1 label : spot-2 0.52
33 1 833 535 446 131 -1 -1 -1 -1 label : spot-2 0.50
34 1 836 534 443 131 -1 -1 -1 -1 label : spot-2 0.50
35 1 837 533 442 129 -1 -1 -1 -1 label : spot-2 0.55
36 1 840 531 439 123 -1 -1 -1 -1 label : spot-2 0.42
41 1 845 529 434 113 -1 -1 -1 -1 label : spot-0.46
45 1 877 526 402 107 -1 -1 -1 -1 label : spot-0.45
46 1 878 522 401 106 -1 -1 -1 -1 label : spot-0.54
47 1 880 517 399 101 -1 -1 -1 -1 label : spot-0.45
48 1 890 514 385 104 -1 -1 -1 -1 label : spot-0.54
49 1 891 513 387 104 -1 -1 -1 -1 label : spot-0.60
50 1 896 510 382 105 -1 -1 -1 -1 label : spot-0.48
51 1 898 508 380 106 -1 -1 -1 -1 label : spot-0.53
52 1 905 508 374 102 -1 -1 -1 -1 label : spot-0.42
53 1 914 507 361 106 -1 -1 -1 -1 label : spot-0.55
54 1 921 504 358 105 -1 -1 -1 -1 label : spot-0.44
55 1 922 504 357 105 -1 -1 -1 -1 label : spot-0.54
56 1 932 505 344 107 -1 -1 -1 -1 label : spot-0.44
57 1 934 508 344 110 -1 -1 -1 -1 label : spot-0.50
58 1 940 509 338 112 -1 -1 -1 -1 label : spot-0.43
138 7 870 464 184 83 -1 -1 -1 -1 label : spot-1 0.66
139 7 870 467 200 83 -1 -1 -1 -1 label : spot-1 0.64
140 7 874 468 202 88 -1 -1 -1 -1 label : spot-1 0.66
141 7 873 470 221 79 -1 -1 -1 -1 label : spot-1 0.57
142 7 887 472 216 77 -1 -1 -1 -1 label : spot-1 0.64
143 7 885 474 241 77 -1 -1 -1 -1 label : spot-1 0.63
144 7 887 478 259 72 -1 -1 -1 -1 label : spot-1 0.52
145 7 897 478 252 75 -1 -1 -1 -1 label : spot-1 0.61
146 7 898 479 278 84 -1 -1 -1 -1 label : spot-1 0.67
147 7 904 481 304 88 -1 -1 -1 -1 label : spot-1 0.55
148 7 910 483 321 93 -1 -1 -1 -1 label : spot-1 0.62
150 7 924 487 339 103 -1 -1 -1 -1 label : spot-1 0.53
151 7 925 490 352 109 -1 -1 -1 -1 label : spot-1 0.52
152 7 929 493 350 114 -1 -1 -1 -1 label : spot-1 0.52
153 7 929 494 350 113 -1 -1 -1 -1 label : spot-1 0.55
154 7 938 494 341 114 -1 -1 -1 -1 label : spot-1 0.57
155 7 943 497 336 113 -1 -1 -1 -1 label : spot-1 0.54
156 7 949 500 330 111 -1 -1 -1 -1 label : spot-1 0.54
157 7 959 504 320 107 -1 -1 -1 -1 label : spot-1 0.54
158 7 977 505 298 115 -1 -1 -1 -1 label : spot-1 0.48
159 7 981 510 298 112 -1 -1 -1 -1 label : spot-1 0.54
160 7 1007 513 272 111 -1 -1 -1 -1 label : spot-1 0.42
264 13 899 468 229 83 -1 -1 -1 -1 label : spot-1 0.53
265 13 896 471 257 77 -1 -1 -1 -1 label : spot-1 0.47
270 13 930 493 338 112 -1 -1 -1 -1 label : spot-1 0.57
271 13 945 498 334 118 -1 -1 -1 -1 label : spot-1 0.58
272 13 957 499 322 123 -1 -1 -1 -1 label : spot-1 0.50
273 13 965 502 314 121 -1 -1 -1 -1 label : spot-1 0.44
275 13 1004 512 275 126 -1 -1 -1 -1 label : spot-1 0.43
333 16 848 464 240 101 -1 -1 -1 -1 label : spot-1 0.57
338 16 857 482 289 83 -1 -1 -1 -1 label : spot-1 0.44
347 17 926 507 352 113 -1 -1 -1 -1 label : spot-1 0.47
