19 2 734 342 545 145 -1 -1 -1 -1 label : spot-0.43
20 2 738 343 539 137 -1 -1 -1 -1 label : spot-0.48
21 2 745 344 526 140 -1 -1 -1 -1 label : spot-0.55
22 2 743 343 527 145 -1 -1 -1 -1 label : spot-0.61
23 2 745 346 527 146 -1 -1 -1 -1 label : spot-0.57
24 2 745 351 530 145 -1 -1 -1 -1 label : spot-0.64
25 2 743 355 533 145 -1 -1 -1 -1 label : spot-0.61
27 2 738 362 540 139 -1 -1 -1 -1 label : spot-0.47
28 2 743 370 536 130 -1 -1 -1 -1 label : spot-0.46
30 2 754 376 492 115 -1 -1 -1 -1 label : spot-0.48
31 2 755 382 505 117 -1 -1 -1 -1 label : spot-0.51
32 2 756 386 508 119 -1 -1 -1 -1 label : spot-0.48
33 2 764 389 498 128 -1 -1 -1 -1 label : spot-0.58
34 2 759 389 513 130 -1 -1 -1 -1 label : spot-0.53
35 2 760 394 512 135 -1 -1 -1 -1 label : spot-0.58
36 2 756 398 523 131 -1 -1 -1 -1 label : spot-0.59
37 2 765 401 512 131 -1 -1 -1 -1 label : spot-0.59
38 2 769 402 505 134 -1 -1 -1 -1 label : spot-0.59
39 2 770 403 506 136 -1 -1 -1 -1 label : spot-0.65
40 2 776 404 500 136 -1 -1 -1 -1 label : spot-0.56
41 2 775 405 504 135 -1 -1 -1 -1 label : spot-0.60
42 2 786 406 487 140 -1 -1 -1 -1 label : spot-0.58
43 2 777 405 501 141 -1 -1 -1 -1 label : spot-0.57
44 2 766 404 513 133 -1 -1 -1 -1 label : spot-0.54
45 2 778 404 496 131 -1 -1 -1 -1 label : spot-0.55
46 2 769 404 509 123 -1 -1 -1 -1 label : spot-0.60
47 2 786 405 475 120 -1 -1 -1 -1 label : spot-0.57
48 2 790 404 477 121 -1 -1 -1 -1 label : spot-0.62
49 2 796 403 473 126 -1 -1 -1 -1 label : spot-0.64
50 2 801 404 470 131 -1 -1 -1 -1 label : spot-0.65
51 2 804 405 470 134 -1 -1 -1 -1 label : spot-0.66
52 2 806 408 471 134 -1 -1 -1 -1 label : spot-0.65
53 2 802 412 477 133 -1 -1 -1 -1 label : spot-0.66
54 2 799 413 480 128 -1 -1 -1 -1 label : spot-0.64
55 2 808 418 466 133 -1 -1 -1 -1 label : spot-0.69
56 2 804 420 475 131 -1 -1 -1 -1 label : spot-0.67
57 2 804 422 475 131 -1 -1 -1 -1 label : spot-0.66
58 2 803 424 476 127 -1 -1 -1 -1 label : spot-0.65
59 2 810 423 466 131 -1 -1 -1 -1 label : spot-0.66
60 2 810 424 468 131 -1 -1 -1 -1 label : spot-0.68
61 2 817 422 457 137 -1 -1 -1 -1 label : spot-0.66
62 2 818 419 457 141 -1 -1 -1 -1 label : spot-0.61
63 2 818 418 461 133 -1 -1 -1 -1 label : spot-0.60
64 2 822 415 457 133 -1 -1 -1 -1 label : spot-0.65
65 2 831 414 448 130 -1 -1 -1 -1 label : spot-0.65
66 2 827 415 452 122 -1 -1 -1 -1 label : spot-0.67
67 2 830 417 449 117 -1 -1 -1 -1 label : spot-0.68
68 2 841 417 433 122 -1 -1 -1 -1 label : spot-0.66
69 2 845 420 426 130 -1 -1 -1 -1 label : spot-0.64
70 2 842 422 435 130 -1 -1 -1 -1 label : spot-0.66
71 2 846 428 433 127 -1 -1 -1 -1 label : spot-0.57
72 2 851 430 425 131 -1 -1 -1 -1 label : spot-0.59
73 2 850 431 429 128 -1 -1 -1 -1 label : spot-0.57
74 2 847 431 432 126 -1 -1 -1 -1 label : spot-0.58
75 2 845 430 434 123 -1 -1 -1 -1 label : spot-0.57
76 2 849 429 430 121 -1 -1 -1 -1 label : spot-0.60
77 2 848 428 431 117 -1 -1 -1 -1 label : spot-0.52
78 2 852 426 426 118 -1 -1 -1 -1 label : spot-0.46
79 2 857 426 419 118 -1 -1 -1 -1 label : spot-0.45
83 2 862 418 417 114 -1 -1 -1 -1 label : spot-0.49
84 2 871 416 407 113 -1 -1 -1 -1 label : spot-0.45
85 2 872 413 406 115 -1 -1 -1 -1 label : spot-0.44
96 2 877 423 402 102 -1 -1 -1 -1 label : spot-0.43
97 2 901 427 376 100 -1 -1 -1 -1 label : spot-0.51
98 2 900 428 379 95 -1 -1 -1 -1 label : spot-0.51
99 2 914 432 363 92 -1 -1 -1 -1 label : spot-0.50
100 2 922 432 354 94 -1 -1 -1 -1 label : spot-0.55
101 2 935 433 340 95 -1 -1 -1 -1 label : spot-0.54
102 2 938 433 341 92 -1 -1 -1 -1 label : spot-0.48
103 2 954 434 325 86 -1 -1 -1 -1 label : spot-0.43
104 2 970 434 307 87 -1 -1 -1 -1 label : spot-0.45
121 4 1078 448 200 84 -1 -1 -1 -1 label : spot-2 0.46
151 7 109 443 163 61 -1 -1 -1 -1 label : invalidSpot-entrance 0.47
152 7 107 444 156 63 -1 -1 -1 -1 label : invalidSpot-entrance 0.55
153 7 98 444 167 63 -1 -1 -1 -1 label : invalidSpot-entrance 0.48
154 7 90 443 166 62 -1 -1 -1 -1 label : invalidSpot-entrance 0.57
155 7 80 443 173 63 -1 -1 -1 -1 label : invalidSpot-entrance 0.58
156 7 70 443 181 64 -1 -1 -1 -1 label : invalidSpot-entrance 0.59
157 7 59 443 187 63 -1 -1 -1 -1 label : invalidSpot-entrance 0.61
158 7 50 442 193 64 -1 -1 -1 -1 label : invalidSpot-entrance 0.60
159 7 35 442 204 63 -1 -1 -1 -1 label : invalidSpot-entrance 0.60
160 7 22 441 214 62 -1 -1 -1 -1 label : invalidSpot-entrance 0.54
161 7 13 441 213 60 -1 -1 -1 -1 label : invalidSpot-entrance 0.53
162 7 4 443 220 60 -1 -1 -1 -1 label : invalidSpot-entrance 0.46
163 7 3 444 211 62 -1 -1 -1 -1 label : invalidSpot-entrance 0.55
164 7 0 445 208 63 -1 -1 -1 -1 label : invalidSpot-entrance 0.47
166 7 2 446 192 62 -1 -1 -1 -1 label : invalidSpot-entrance 0.45
167 7 0 447 190 61 -1 -1 -1 -1 label : invalidSpot-entrance 0.50
168 7 0 451 189 55 -1 -1 -1 -1 label : invalidSpot-entrance 0.45
169 7 0 454 181 54 -1 -1 -1 -1 label : invalidSpot-entrance 0.44
