3 1 454 423 318 158 -1 -1 -1 -1 label : spot-0.60
4 1 453 422 318 159 -1 -1 -1 -1 label : spot-0.61
5 1 458 422 313 159 -1 -1 -1 -1 label : spot-0.59
6 1 461 421 312 160 -1 -1 -1 -1 label : spot-0.54
7 1 462 420 312 161 -1 -1 -1 -1 label : spot-0.56
8 1 461 420 313 161 -1 -1 -1 -1 label : spot-0.57
9 1 459 420 316 161 -1 -1 -1 -1 label : spot-0.58
10 1 458 420 316 161 -1 -1 -1 -1 label : spot-0.59
11 1 458 420 316 161 -1 -1 -1 -1 label : spot-0.58
12 1 457 420 317 161 -1 -1 -1 -1 label : spot-0.57
13 1 457 420 317 161 -1 -1 -1 -1 label : spot-0.58
14 1 459 420 314 161 -1 -1 -1 -1 label : spot-0.58
15 1 458 420 315 162 -1 -1 -1 -1 label : spot-0.58
16 1 460 420 312 162 -1 -1 -1 -1 label : spot-0.61
17 1 459 420 313 161 -1 -1 -1 -1 label : spot-0.61
18 1 459 421 313 160 -1 -1 -1 -1 label : spot-0.60
19 1 459 421 312 160 -1 -1 -1 -1 label : spot-0.60
20 1 460 421 309 159 -1 -1 -1 -1 label : spot-0.60
21 1 461 423 308 157 -1 -1 -1 -1 label : spot-0.57
22 1 464 425 306 155 -1 -1 -1 -1 label : spot-0.57
23 1 463 426 308 155 -1 -1 -1 -1 label : spot-0.54
24 1 462 427 309 154 -1 -1 -1 -1 label : spot-0.59
25 1 463 427 305 154 -1 -1 -1 -1 label : spot-0.61
26 1 466 427 299 154 -1 -1 -1 -1 label : spot-0.59
27 1 466 427 301 154 -1 -1 -1 -1 label : spot-0.57
28 1 468 427 298 153 -1 -1 -1 -1 label : spot-0.54
29 1 463 426 307 154 -1 -1 -1 -1 label : spot-0.50
31 1 461 426 307 155 -1 -1 -1 -1 label : spot-0.56
33 1 462 427 308 154 -1 -1 -1 -1 label : spot-0.52
34 1 464 427 307 155 -1 -1 -1 -1 label : spot-0.51
35 1 463 428 307 154 -1 -1 -1 -1 label : spot-0.50
36 1 461 428 312 154 -1 -1 -1 -1 label : spot-0.52
37 1 464 427 306 156 -1 -1 -1 -1 label : spot-0.56
38 1 463 429 311 154 -1 -1 -1 -1 label : spot-0.56
39 1 466 429 308 154 -1 -1 -1 -1 label : spot-0.56
40 1 470 430 305 153 -1 -1 -1 -1 label : spot-0.50
56 1 509 433 322 149 -1 -1 -1 -1 label : spot-0.50
57 1 530 433 324 147 -1 -1 -1 -1 label : spot-0.51
58 1 551 431 319 149 -1 -1 -1 -1 label : spot-0.51
59 1 557 431 330 146 -1 -1 -1 -1 label : spot-0.54
60 1 562 431 340 148 -1 -1 -1 -1 label : spot-0.53
62 1 575 430 344 151 -1 -1 -1 -1 label : spot-0.54
129 2 930 400 293 90 -1 -1 -1 -1 label : spot-1 0.54
130 2 933 402 329 89 -1 -1 -1 -1 label : spot-1 0.55
131 2 932 405 344 91 -1 -1 -1 -1 label : spot-1 0.55
132 2 940 407 335 96 -1 -1 -1 -1 label : spot-1 0.52
133 2 939 408 338 102 -1 -1 -1 -1 label : spot-1 0.53
134 2 938 409 339 110 -1 -1 -1 -1 label : spot-1 0.51
135 2 934 410 345 113 -1 -1 -1 -1 label : spot-1 0.52
