138 2 225 425 107 54 -1 -1 -1 -1 label : spot-1 0.49
139 2 219 426 107 54 -1 -1 -1 -1 label : spot-1 0.50
140 2 210 425 117 57 -1 -1 -1 -1 label : spot-1 0.59
141 2 208 425 119 58 -1 -1 -1 -1 label : spot-1 0.59
142 2 197 425 133 57 -1 -1 -1 -1 label : spot-1 0.56
143 2 196 425 132 57 -1 -1 -1 -1 label : spot-1 0.55
144 2 186 428 150 57 -1 -1 -1 -1 label : spot-1 0.53
145 2 185 429 149 57 -1 -1 -1 -1 label : spot-1 0.54
146 2 169 432 183 58 -1 -1 -1 -1 label : spot-1 0.57
147 2 169 432 185 59 -1 -1 -1 -1 label : spot-1 0.57
148 2 158 434 200 61 -1 -1 -1 -1 label : spot-1 0.55
149 2 156 435 201 61 -1 -1 -1 -1 label : spot-1 0.55
150 2 146 436 191 63 -1 -1 -1 -1 label : spot-1 0.55
151 2 141 437 187 63 -1 -1 -1 -1 label : spot-1 0.54
152 2 129 439 186 64 -1 -1 -1 -1 label : spot-1 0.59
153 2 124 440 187 63 -1 -1 -1 -1 label : spot-1 0.59
154 2 105 443 224 62 -1 -1 -1 -1 label : spot-1 0.57
155 2 106 444 222 62 -1 -1 -1 -1 label : spot-1 0.57
156 2 96 446 221 63 -1 -1 -1 -1 label : spot-1 0.47
157 2 92 447 222 63 -1 -1 -1 -1 label : spot-1 0.47
158 2 79 449 233 66 -1 -1 -1 -1 label : spot-1 0.48
159 2 74 450 237 67 -1 -1 -1 -1 label : spot-1 0.47
160 2 67 451 207 70 -1 -1 -1 -1 label : spot-1 0.47
161 2 58 451 210 72 -1 -1 -1 -1 label : spot-1 0.47
162 2 27 454 260 71 -1 -1 -1 -1 label : spot-1 0.50
163 2 26 455 259 70 -1 -1 -1 -1 label : spot-1 0.50
170 3 3 462 237 99 -1 -1 -1 -1 label : spot-1 0.48
171 3 0 463 240 100 -1 -1 -1 -1 label : spot-1 0.48
172 3 0 463 257 100 -1 -1 -1 -1 label : spot-1 0.49
173 3 0 464 261 98 -1 -1 -1 -1 label : spot-1 0.49
174 3 0 466 258 97 -1 -1 -1 -1 label : spot-1 0.44
175 3 0 466 256 97 -1 -1 -1 -1 label : spot-1 0.45
256 4 2 401 29 81 -1 -1 -1 -1 label : fireHydrant 0.67
257 4 0 402 28 81 -1 -1 -1 -1 label : fireHydrant 0.67
258 4 0 403 17 81 -1 -1 -1 -1 label : fireHydrant 0.54
259 4 0 405 16 80 -1 -1 -1 -1 label : fireHydrant 0.54
