3 1 806 283 167 59 -1 -1 -1 -1 label : spot-2 0.64
4 1 807 283 174 59 -1 -1 -1 -1 label : spot-2 0.62
5 1 810 282 182 61 -1 -1 -1 -1 label : spot-2 0.63
6 1 813 282 188 61 -1 -1 -1 -1 label : spot-2 0.56
7 1 818 282 191 62 -1 -1 -1 -1 label : spot-2 0.51
8 1 822 282 197 64 -1 -1 -1 -1 label : spot-2 0.57
9 1 823 282 207 66 -1 -1 -1 -1 label : spot-2 0.67
10 1 831 281 207 70 -1 -1 -1 -1 label : spot-2 0.73
11 1 832 281 224 71 -1 -1 -1 -1 label : spot-2 0.68
12 1 841 280 222 73 -1 -1 -1 -1 label : spot-2 0.67
13 1 845 279 231 76 -1 -1 -1 -1 label : spot-2 0.71
14 1 842 279 251 75 -1 -1 -1 -1 label : spot-2 0.67
15 1 847 281 254 76 -1 -1 -1 -1 label : spot-2 0.71
16 1 851 280 264 82 -1 -1 -1 -1 label : spot-2 0.66
17 1 848 280 288 83 -1 -1 -1 -1 label : spot-2 0.67
18 1 854 280 295 84 -1 -1 -1 -1 label : spot-2 0.67
19 1 859 280 307 87 -1 -1 -1 -1 label : spot-2 0.68
20 1 867 280 315 91 -1 -1 -1 -1 label : spot-2 0.66
21 1 875 279 328 99 -1 -1 -1 -1 label : spot-2 0.70
22 1 882 280 348 111 -1 -1 -1 -1 label : spot-2 0.69
23 1 881 282 373 119 -1 -1 -1 -1 label : spot-2 0.69
24 1 899 284 360 151 -1 -1 -1 -1 label : spot-2 0.66
25 1 879 287 400 153 -1 -1 -1 -1 label : spot-2 0.57
28 1 890 316 389 144 -1 -1 -1 -1 label : spot-2 0.52
35 2 946 435 333 102 -1 -1 -1 -1 label : spot-0.52
85 3 744 365 141 44 -1 -1 -1 -1 label : spot-2 0.53
87 3 746 358 159 48 -1 -1 -1 -1 label : spot-2 0.59
88 3 751 355 167 49 -1 -1 -1 -1 label : spot-2 0.53
90 3 755 354 184 52 -1 -1 -1 -1 label : spot-2 0.52
93 3 767 363 202 58 -1 -1 -1 -1 label : spot-2 0.59
94 3 768 368 225 59 -1 -1 -1 -1 label : spot-2 0.59
95 3 774 372 230 63 -1 -1 -1 -1 label : spot-2 0.55
96 3 773 375 248 66 -1 -1 -1 -1 label : spot-2 0.51
100 3 779 377 295 78 -1 -1 -1 -1 label : spot-2 0.57
101 3 783 378 322 83 -1 -1 -1 -1 label : spot-2 0.54
138 4 969 409 125 61 -1 -1 -1 -1 label : invalidSpot-entrance 0.55
139 4 976 410 138 63 -1 -1 -1 -1 label : invalidSpot-entrance 0.57
140 4 982 407 143 66 -1 -1 -1 -1 label : invalidSpot-entrance 0.55
141 4 1003 411 139 66 -1 -1 -1 -1 label : invalidSpot-entrance 0.55
142 4 1009 411 150 66 -1 -1 -1 -1 label : invalidSpot-entrance 0.55
144 4 1020 410 168 66 -1 -1 -1 -1 label : invalidSpot-entrance 0.54
145 4 1038 411 168 69 -1 -1 -1 -1 label : invalidSpot-entrance 0.52
146 4 1050 411 177 70 -1 -1 -1 -1 label : invalidSpot-entrance 0.51
147 4 1063 413 181 71 -1 -1 -1 -1 label : invalidSpot-entrance 0.52
328 10 400 381 79 39 -1 -1 -1 -1 label : spot-1 0.57
329 10 400 382 82 39 -1 -1 -1 -1 label : spot-1 0.53
330 10 398 382 85 40 -1 -1 -1 -1 label : spot-1 0.55
331 10 398 382 86 41 -1 -1 -1 -1 label : spot-1 0.53
332 10 398 383 88 39 -1 -1 -1 -1 label : spot-1 0.59
333 10 396 383 91 40 -1 -1 -1 -1 label : spot-1 0.61
334 10 396 384 91 42 -1 -1 -1 -1 label : spot-1 0.62
335 10 393 386 95 40 -1 -1 -1 -1 label : spot-1 0.70
336 10 392 387 96 40 -1 -1 -1 -1 label : spot-1 0.69
337 10 392 387 96 40 -1 -1 -1 -1 label : spot-1 0.65
338 10 392 388 95 39 -1 -1 -1 -1 label : spot-1 0.66
339 10 394 388 92 40 -1 -1 -1 -1 label : spot-1 0.70
340 10 395 388 91 40 -1 -1 -1 -1 label : spot-1 0.69
341 10 395 388 92 40 -1 -1 -1 -1 label : spot-1 0.67
342 10 394 388 92 41 -1 -1 -1 -1 label : spot-1 0.58
344 10 392 388 95 42 -1 -1 -1 -1 label : spot-1 0.55
345 10 391 388 96 42 -1 -1 -1 -1 label : spot-1 0.52
346 10 386 389 101 46 -1 -1 -1 -1 label : spot-1 0.53
348 10 383 389 104 47 -1 -1 -1 -1 label : spot-1 0.54
349 10 382 390 104 46 -1 -1 -1 -1 label : spot-1 0.51
