26 3 788 367 238 85 -1 -1 -1 -1 label : spot-1 0.53
27 3 789 366 240 85 -1 -1 -1 -1 label : spot-1 0.53
28 3 796 366 240 85 -1 -1 -1 -1 label : spot-1 0.52
29 3 798 366 240 85 -1 -1 -1 -1 label : spot-1 0.52
37 3 822 379 310 107 -1 -1 -1 -1 label : spot-1 0.62
38 3 821 384 327 109 -1 -1 -1 -1 label : spot-1 0.55
39 3 822 386 325 109 -1 -1 -1 -1 label : spot-1 0.55
40 3 825 391 357 115 -1 -1 -1 -1 label : spot-1 0.65
41 3 830 393 361 117 -1 -1 -1 -1 label : spot-1 0.64
42 3 842 396 402 143 -1 -1 -1 -1 label : spot-1 0.58
43 3 841 397 428 154 -1 -1 -1 -1 label : spot-1 0.58
44 3 842 397 437 148 -1 -1 -1 -1 label : spot-1 0.61
45 3 850 397 429 146 -1 -1 -1 -1 label : spot-1 0.61
46 3 834 394 445 123 -1 -1 -1 -1 label : spot-1 0.57
47 3 851 394 426 113 -1 -1 -1 -1 label : spot-1 0.57
48 3 860 391 408 103 -1 -1 -1 -1 label : spot-1 0.53
49 3 866 389 398 100 -1 -1 -1 -1 label : spot-1 0.53
50 3 881 386 385 104 -1 -1 -1 -1 label : spot-1 0.54
51 3 880 385 392 106 -1 -1 -1 -1 label : spot-1 0.55
54 3 899 383 375 104 -1 -1 -1 -1 label : spot-1 0.55
55 3 905 383 371 103 -1 -1 -1 -1 label : spot-1 0.55
56 3 932 377 338 109 -1 -1 -1 -1 label : spot-1 0.53
57 3 932 374 344 112 -1 -1 -1 -1 label : spot-1 0.53
58 3 930 380 349 110 -1 -1 -1 -1 label : spot-1 0.52
59 3 931 383 348 108 -1 -1 -1 -1 label : spot-1 0.52
523 6 610 376 238 121 -1 -1 -1 -1 label : invalidspot-coloredCurb 0.61
524 6 610 376 242 124 -1 -1 -1 -1 label : invalidspot-coloredCurb 0.61
525 6 609 376 252 129 -1 -1 -1 -1 label : invalidspot-coloredCurb 0.60
526 6 609 376 255 130 -1 -1 -1 -1 label : invalidspot-coloredCurb 0.60
