139 1 733 394 230 62 -1 -1 -1 -1 label : spot-2 0.59
140 1 734 393 231 63 -1 -1 -1 -1 label : spot-2 0.59
141 1 728 392 247 65 -1 -1 -1 -1 label : spot-2 0.48
142 1 732 393 244 66 -1 -1 -1 -1 label : spot-2 0.48
143 1 730 395 260 67 -1 -1 -1 -1 label : spot-2 0.50
144 1 732 395 261 69 -1 -1 -1 -1 label : spot-2 0.50
145 1 729 396 273 71 -1 -1 -1 -1 label : spot-2 0.51
146 1 728 396 277 70 -1 -1 -1 -1 label : spot-2 0.50
149 1 732 396 305 73 -1 -1 -1 -1 label : spot-2 0.44
150 1 735 396 312 71 -1 -1 -1 -1 label : spot-2 0.44
158 1 736 400 379 87 -1 -1 -1 -1 label : spot-2 0.49
166 1 728 403 503 107 -1 -1 -1 -1 label : spot-2 0.47
169 1 739 404 519 124 -1 -1 -1 -1 label : spot-2 0.49
170 1 732 403 547 132 -1 -1 -1 -1 label : spot-2 0.49
171 1 729 402 550 130 -1 -1 -1 -1 label : spot-2 0.46
172 1 735 402 544 128 -1 -1 -1 -1 label : spot-2 0.47
179 1 726 398 553 124 -1 -1 -1 -1 label : spot-2 0.45
180 1 729 397 550 122 -1 -1 -1 -1 label : spot-2 0.46
321 6 421 374 18 42 -1 -1 -1 -1 label : fireHydrant 0.51
322 6 420 373 20 44 -1 -1 -1 -1 label : fireHydrant 0.51
323 6 420 373 20 43 -1 -1 -1 -1 label : fireHydrant 0.64
324 6 419 373 21 43 -1 -1 -1 -1 label : fireHydrant 0.64
337 6 404 371 24 45 -1 -1 -1 -1 label : fireHydrant 0.45
338 6 399 371 24 46 -1 -1 -1 -1 label : fireHydrant 0.46
341 6 394 371 24 46 -1 -1 -1 -1 label : fireHydrant 0.55
342 6 392 371 24 47 -1 -1 -1 -1 label : fireHydrant 0.55
348 6 386 372 24 48 -1 -1 -1 -1 label : fireHydrant 0.60
349 6 384 372 24 48 -1 -1 -1 -1 label : fireHydrant 0.60
