3 1 454 423 318 158 -1 -1 -1 -1 label : spot-0.60
4 1 453 422 318 159 -1 -1 -1 -1 label : spot-0.61
5 1 458 422 313 159 -1 -1 -1 -1 label : spot-0.59
6 1 461 421 312 160 -1 -1 -1 -1 label : spot-0.54
7 1 462 420 312 161 -1 -1 -1 -1 label : spot-0.56
8 1 461 420 313 161 -1 -1 -1 -1 label : spot-0.57
9 1 459 420 316 161 -1 -1 -1 -1 label : spot-0.58
10 1 458 420 316 161 -1 -1 -1 -1 label : spot-0.59
11 1 458 420 316 161 -1 -1 -1 -1 label : spot-0.58
12 1 457 420 317 161 -1 -1 -1 -1 label : spot-0.57
13 1 457 420 317 161 -1 -1 -1 -1 label : spot-0.58
14 1 459 420 314 161 -1 -1 -1 -1 label : spot-0.58
15 1 458 420 315 162 -1 -1 -1 -1 label : spot-0.58
16 1 460 420 312 162 -1 -1 -1 -1 label : spot-0.61
17 1 459 420 313 161 -1 -1 -1 -1 label : spot-0.61
18 1 459 421 313 160 -1 -1 -1 -1 label : spot-0.60
19 1 459 421 312 160 -1 -1 -1 -1 label : spot-0.60
20 1 460 421 309 159 -1 -1 -1 -1 label : spot-0.60
21 1 461 423 308 157 -1 -1 -1 -1 label : spot-0.57
22 1 464 425 306 155 -1 -1 -1 -1 label : spot-0.57
23 1 463 426 308 155 -1 -1 -1 -1 label : spot-0.54
24 1 462 427 309 154 -1 -1 -1 -1 label : spot-0.59
25 1 463 427 305 154 -1 -1 -1 -1 label : spot-0.61
26 1 466 427 299 154 -1 -1 -1 -1 label : spot-0.59
27 1 466 427 301 154 -1 -1 -1 -1 label : spot-0.57
28 1 468 427 298 153 -1 -1 -1 -1 label : spot-0.54
29 1 463 426 307 154 -1 -1 -1 -1 label : spot-0.50
30 1 462 427 308 154 -1 -1 -1 -1 label : spot-0.49
31 1 462 427 306 154 -1 -1 -1 -1 label : spot-0.56
32 1 464 427 305 154 -1 -1 -1 -1 label : spot-0.46
33 1 463 427 307 154 -1 -1 -1 -1 label : spot-0.52
34 1 464 427 307 155 -1 -1 -1 -1 label : spot-0.51
35 1 463 428 307 154 -1 -1 -1 -1 label : spot-0.50
36 1 461 428 312 154 -1 -1 -1 -1 label : spot-0.52
37 1 464 427 306 156 -1 -1 -1 -1 label : spot-0.56
38 1 463 429 311 154 -1 -1 -1 -1 label : spot-0.56
39 1 466 429 308 154 -1 -1 -1 -1 label : spot-0.56
40 1 470 430 305 153 -1 -1 -1 -1 label : spot-0.50
54 1 497 431 325 152 -1 -1 -1 -1 label : spot-0.49
55 1 517 432 323 150 -1 -1 -1 -1 label : spot-0.49
56 1 531 433 319 149 -1 -1 -1 -1 label : spot-0.50
57 1 538 433 323 147 -1 -1 -1 -1 label : spot-0.51
58 1 553 431 320 148 -1 -1 -1 -1 label : spot-0.51
59 1 557 431 331 146 -1 -1 -1 -1 label : spot-0.54
60 1 561 431 340 148 -1 -1 -1 -1 label : spot-0.53
61 1 566 429 354 151 -1 -1 -1 -1 label : spot-0.49
62 1 577 429 346 152 -1 -1 -1 -1 label : spot-0.54
63 1 582 429 370 152 -1 -1 -1 -1 label : spot-0.50
129 3 930 400 293 90 -1 -1 -1 -1 label : spot-1 0.54
130 3 933 402 329 89 -1 -1 -1 -1 label : spot-1 0.55
131 3 932 405 344 91 -1 -1 -1 -1 label : spot-1 0.55
132 3 940 407 335 96 -1 -1 -1 -1 label : spot-1 0.52
133 3 939 408 338 102 -1 -1 -1 -1 label : spot-1 0.53
134 3 938 409 339 110 -1 -1 -1 -1 label : spot-1 0.51
135 3 934 410 345 113 -1 -1 -1 -1 label : spot-1 0.52
139 3 931 411 348 108 -1 -1 -1 -1 label : spot-1 0.48
141 3 943 414 333 118 -1 -1 -1 -1 label : spot-1 0.46
142 3 939 419 338 124 -1 -1 -1 -1 label : spot-1 0.49
236 4 958 326 30 57 -1 -1 -1 -1 label : fireHydrant 0.53
238 4 976 326 30 59 -1 -1 -1 -1 label : fireHydrant 0.68
239 4 989 325 32 61 -1 -1 -1 -1 label : fireHydrant 0.68
242 4 1016 323 38 67 -1 -1 -1 -1 label : fireHydrant 0.51
