150 2 899 430 199 123 -1 -1 -1 -1 label : spot-1 0.46
160 2 923 443 239 131 -1 -1 -1 -1 label : spot-1 0.45
161 2 927 444 241 132 -1 -1 -1 -1 label : spot-1 0.45
162 2 937 447 245 147 -1 -1 -1 -1 label : spot-1 0.44
168 2 946 457 295 169 -1 -1 -1 -1 label : spot-1 0.52
169 2 950 460 311 177 -1 -1 -1 -1 label : spot-1 0.52
170 2 951 463 328 170 -1 -1 -1 -1 label : spot-1 0.44
171 2 959 465 320 166 -1 -1 -1 -1 label : spot-1 0.44
220 8 239 302 17 49 -1 -1 -1 -1 label : fireHydrant 0.54
221 8 237 301 17 49 -1 -1 -1 -1 label : fireHydrant 0.53
222 8 235 301 16 49 -1 -1 -1 -1 label : fireHydrant 0.50
223 8 234 301 16 48 -1 -1 -1 -1 label : fireHydrant 0.51
224 8 229 303 17 46 -1 -1 -1 -1 label : fireHydrant 0.59
225 8 228 303 16 46 -1 -1 -1 -1 label : fireHydrant 0.58
226 8 223 300 16 49 -1 -1 -1 -1 label : fireHydrant 0.68
227 8 221 299 16 50 -1 -1 -1 -1 label : fireHydrant 0.69
228 8 218 303 16 48 -1 -1 -1 -1 label : fireHydrant 0.60
229 8 218 305 15 46 -1 -1 -1 -1 label : fireHydrant 0.61
230 8 212 303 18 49 -1 -1 -1 -1 label : fireHydrant 0.59
231 8 210 302 19 50 -1 -1 -1 -1 label : fireHydrant 0.60
232 8 204 302 21 53 -1 -1 -1 -1 label : fireHydrant 0.57
233 8 202 302 21 53 -1 -1 -1 -1 label : fireHydrant 0.57
234 8 199 304 22 54 -1 -1 -1 -1 label : fireHydrant 0.52
235 8 199 305 22 54 -1 -1 -1 -1 label : fireHydrant 0.52
236 8 194 305 22 57 -1 -1 -1 -1 label : fireHydrant 0.46
237 8 192 305 23 58 -1 -1 -1 -1 label : fireHydrant 0.45
242 8 178 307 21 58 -1 -1 -1 -1 label : fireHydrant 0.59
243 8 173 307 21 59 -1 -1 -1 -1 label : fireHydrant 0.59
246 8 162 305 21 60 -1 -1 -1 -1 label : fireHydrant 0.49
247 8 158 304 21 61 -1 -1 -1 -1 label : fireHydrant 0.49
252 8 141 300 22 62 -1 -1 -1 -1 label : fireHydrant 0.44
253 8 135 298 22 63 -1 -1 -1 -1 label : fireHydrant 0.44
348 13 854 386 133 58 -1 -1 -1 -1 label : spot-1 0.47
349 13 854 387 137 59 -1 -1 -1 -1 label : spot-1 0.47
350 13 860 387 139 61 -1 -1 -1 -1 label : spot-1 0.49
351 13 861 387 142 62 -1 -1 -1 -1 label : spot-1 0.49
352 13 857 387 156 64 -1 -1 -1 -1 label : spot-1 0.51
353 13 857 388 158 64 -1 -1 -1 -1 label : spot-1 0.51
354 13 857 389 168 66 -1 -1 -1 -1 label : spot-1 0.55
355 13 858 389 169 69 -1 -1 -1 -1 label : spot-1 0.54
356 13 862 389 174 73 -1 -1 -1 -1 label : spot-1 0.55
357 13 863 390 178 73 -1 -1 -1 -1 label : spot-1 0.55
358 13 858 392 199 72 -1 -1 -1 -1 label : spot-1 0.46
359 13 861 392 198 72 -1 -1 -1 -1 label : spot-1 0.46
360 13 868 393 200 73 -1 -1 -1 -1 label : spot-1 0.53
361 13 869 393 203 74 -1 -1 -1 -1 label : spot-1 0.54
362 13 869 395 220 73 -1 -1 -1 -1 label : spot-1 0.50
363 13 872 395 219 73 -1 -1 -1 -1 label : spot-1 0.50
364 13 870 398 240 65 -1 -1 -1 -1 label : spot-1 0.45
365 13 877 398 231 66 -1 -1 -1 -1 label : spot-1 0.45
368 13 878 400 266 70 -1 -1 -1 -1 label : spot-1 0.55
369 13 881 401 273 72 -1 -1 -1 -1 label : spot-1 0.55
370 13 891 403 284 81 -1 -1 -1 -1 label : spot-1 0.46
371 13 891 405 296 84 -1 -1 -1 -1 label : spot-1 0.46
376 13 883 409 323 72 -1 -1 -1 -1 label : spot-1 0.51
377 13 895 410 302 68 -1 -1 -1 -1 label : spot-1 0.51
378 13 906 414 310 69 -1 -1 -1 -1 label : spot-1 0.46
379 13 909 415 315 69 -1 -1 -1 -1 label : spot-1 0.46
380 13 918 419 317 71 -1 -1 -1 -1 label : spot-1 0.51
381 13 919 421 321 71 -1 -1 -1 -1 label : spot-1 0.51
386 13 941 428 316 74 -1 -1 -1 -1 label : spot-1 0.50
387 13 946 430 320 75 -1 -1 -1 -1 label : spot-1 0.50
396 15 978 433 299 112 -1 -1 -1 -1 label : spot-1 0.44
397 15 981 434 298 110 -1 -1 -1 -1 label : spot-1 0.43
404 16 849 365 89 38 -1 -1 -1 -1 label : spot-1 0.45
405 16 851 364 90 40 -1 -1 -1 -1 label : spot-1 0.45
406 16 853 365 94 40 -1 -1 -1 -1 label : spot-1 0.47
407 16 854 365 95 40 -1 -1 -1 -1 label : spot-1 0.47
410 16 859 367 100 43 -1 -1 -1 -1 label : spot-1 0.46
411 16 860 367 103 44 -1 -1 -1 -1 label : spot-1 0.46
412 16 862 370 109 47 -1 -1 -1 -1 label : spot-1 0.53
413 16 862 371 112 48 -1 -1 -1 -1 label : spot-1 0.53
414 16 864 373 117 50 -1 -1 -1 -1 label : spot-1 0.53
415 16 865 374 119 50 -1 -1 -1 -1 label : spot-1 0.52
416 16 867 378 126 51 -1 -1 -1 -1 label : spot-1 0.59
417 16 869 379 126 52 -1 -1 -1 -1 label : spot-1 0.58
418 16 875 382 128 52 -1 -1 -1 -1 label : spot-1 0.53
419 16 878 383 128 52 -1 -1 -1 -1 label : spot-1 0.53
420 16 880 384 133 56 -1 -1 -1 -1 label : spot-1 0.51
421 16 880 385 136 56 -1 -1 -1 -1 label : spot-1 0.51
424 16 884 388 151 59 -1 -1 -1 -1 label : spot-1 0.46
425 16 888 389 153 59 -1 -1 -1 -1 label : spot-1 0.46
458 17 994 421 265 54 -1 -1 -1 -1 label : spot-1 0.44
459 17 996 423 266 54 -1 -1 -1 -1 label : spot-1 0.44
460 17 1021 425 246 67 -1 -1 -1 -1 label : spot-1 0.44
461 17 1019 426 260 72 -1 -1 -1 -1 label : spot-1 0.44
484 19 92 356 154 42 -1 -1 -1 -1 label : spot-1 0.54
485 19 88 357 156 42 -1 -1 -1 -1 label : spot-1 0.54
486 19 78 359 168 44 -1 -1 -1 -1 label : spot-1 0.45
487 19 76 360 169 45 -1 -1 -1 -1 label : spot-1 0.44
488 19 69 362 186 46 -1 -1 -1 -1 label : spot-1 0.44
489 19 70 362 183 47 -1 -1 -1 -1 label : spot-1 0.44
490 19 53 362 182 50 -1 -1 -1 -1 label : spot-1 0.45
491 19 46 362 184 51 -1 -1 -1 -1 label : spot-1 0.45
500 21 965 404 204 71 -1 -1 -1 -1 label : spot-1 0.59
501 21 968 405 205 72 -1 -1 -1 -1 label : spot-1 0.59
502 21 979 405 206 73 -1 -1 -1 -1 label : spot-1 0.57
503 21 984 406 205 72 -1 -1 -1 -1 label : spot-1 0.57
504 21 1004 407 200 78 -1 -1 -1 -1 label : spot-1 0.57
505 21 1007 407 205 80 -1 -1 -1 -1 label : spot-1 0.57
506 21 1000 410 234 83 -1 -1 -1 -1 label : spot-1 0.57
507 21 1001 411 237 84 -1 -1 -1 -1 label : spot-1 0.58
508 21 1017 411 244 81 -1 -1 -1 -1 label : spot-1 0.53
509 21 1028 412 237 80 -1 -1 -1 -1 label : spot-1 0.53
515 21 1040 417 236 99 -1 -1 -1 -1 label : spot-1 0.47
574 23 924 374 125 48 -1 -1 -1 -1 label : spot-1 0.51
575 23 926 374 125 48 -1 -1 -1 -1 label : spot-1 0.50
576 23 926 374 128 48 -1 -1 -1 -1 label : spot-1 0.44
577 23 927 374 128 48 -1 -1 -1 -1 label : spot-1 0.44
580 23 930 375 136 49 -1 -1 -1 -1 label : spot-1 0.44
581 23 932 376 137 48 -1 -1 -1 -1 label : spot-1 0.44
582 23 938 376 137 51 -1 -1 -1 -1 label : spot-1 0.52
583 23 939 376 140 51 -1 -1 -1 -1 label : spot-1 0.52
584 23 941 375 144 54 -1 -1 -1 -1 label : spot-1 0.53
585 23 941 375 146 55 -1 -1 -1 -1 label : spot-1 0.53
586 23 939 375 157 55 -1 -1 -1 -1 label : spot-1 0.60
587 23 940 375 158 56 -1 -1 -1 -1 label : spot-1 0.59
588 23 945 376 160 56 -1 -1 -1 -1 label : spot-1 0.58
589 23 948 376 159 57 -1 -1 -1 -1 label : spot-1 0.59
590 23 949 377 168 58 -1 -1 -1 -1 label : spot-1 0.59
591 23 950 377 170 59 -1 -1 -1 -1 label : spot-1 0.59
592 23 954 377 171 61 -1 -1 -1 -1 label : spot-1 0.59
593 23 954 378 174 62 -1 -1 -1 -1 label : spot-1 0.60
594 23 954 380 182 62 -1 -1 -1 -1 label : spot-1 0.58
595 23 956 380 181 63 -1 -1 -1 -1 label : spot-1 0.59
596 23 957 381 189 63 -1 -1 -1 -1 label : spot-1 0.62
597 23 958 381 191 64 -1 -1 -1 -1 label : spot-1 0.63
598 23 961 382 196 66 -1 -1 -1 -1 label : spot-1 0.65
599 23 961 383 199 66 -1 -1 -1 -1 label : spot-1 0.64
600 23 963 384 205 65 -1 -1 -1 -1 label : spot-1 0.57
601 23 965 385 204 64 -1 -1 -1 -1 label : spot-1 0.57
602 23 963 385 218 65 -1 -1 -1 -1 label : spot-1 0.61
603 23 965 386 218 64 -1 -1 -1 -1 label : spot-1 0.61
604 23 968 388 228 59 -1 -1 -1 -1 label : spot-1 0.50
605 23 975 389 220 56 -1 -1 -1 -1 label : spot-1 0.50
606 23 987 389 216 65 -1 -1 -1 -1 label : spot-1 0.63
607 23 986 390 225 67 -1 -1 -1 -1 label : spot-1 0.63
608 23 979 390 248 64 -1 -1 -1 -1 label : spot-1 0.49
609 23 983 390 242 62 -1 -1 -1 -1 label : spot-1 0.48
610 23 993 390 234 67 -1 -1 -1 -1 label : spot-1 0.56
611 23 992 390 239 70 -1 -1 -1 -1 label : spot-1 0.56
612 23 992 392 260 68 -1 -1 -1 -1 label : spot-1 0.44
613 23 997 392 258 68 -1 -1 -1 -1 label : spot-1 0.46
616 23 996 394 279 70 -1 -1 -1 -1 label : spot-1 0.46
617 23 998 394 281 71 -1 -1 -1 -1 label : spot-1 0.47
618 23 1076 397 186 79 -1 -1 -1 -1 label : spot-1 0.50
619 23 1084 398 193 82 -1 -1 -1 -1 label : spot-1 0.50
620 23 1085 397 194 85 -1 -1 -1 -1 label : spot-1 0.45
621 23 1082 397 197 86 -1 -1 -1 -1 label : spot-1 0.45
622 23 1042 396 237 87 -1 -1 -1 -1 label : spot-1 0.55
623 23 1036 396 243 87 -1 -1 -1 -1 label : spot-1 0.55
624 23 1073 396 201 90 -1 -1 -1 -1 label : spot-1 0.53
625 23 1078 397 201 91 -1 -1 -1 -1 label : spot-1 0.52
626 23 1076 397 203 92 -1 -1 -1 -1 label : spot-1 0.53
627 23 1077 398 202 91 -1 -1 -1 -1 label : spot-1 0.53
628 23 1090 397 189 92 -1 -1 -1 -1 label : spot-1 0.47
629 23 1096 397 183 91 -1 -1 -1 -1 label : spot-1 0.48
630 23 1114 397 163 93 -1 -1 -1 -1 label : spot-1 0.53
631 23 1117 398 162 93 -1 -1 -1 -1 label : spot-1 0.54
632 23 1129 398 150 92 -1 -1 -1 -1 label : spot-1 0.54
633 23 1132 399 147 90 -1 -1 -1 -1 label : spot-1 0.54
634 23 1135 400 144 90 -1 -1 -1 -1 label : spot-1 0.44
635 23 1136 400 143 90 -1 -1 -1 -1 label : spot-1 0.43
804 26 795 311 124 23 -1 -1 -1 -1 label : spot-2 0.47
805 26 795 312 122 22 -1 -1 -1 -1 label : spot-2 0.47
806 26 797 312 118 22 -1 -1 -1 -1 label : spot-2 0.49
807 26 797 313 118 21 -1 -1 -1 -1 label : spot-2 0.49
808 26 798 313 115 22 -1 -1 -1 -1 label : spot-2 0.48
809 26 798 313 115 22 -1 -1 -1 -1 label : spot-2 0.48
810 26 798 313 113 22 -1 -1 -1 -1 label : spot-2 0.46
811 26 798 313 113 22 -1 -1 -1 -1 label : spot-2 0.46
812 26 797 313 111 22 -1 -1 -1 -1 label : spot-2 0.48
813 26 797 313 110 22 -1 -1 -1 -1 label : spot-2 0.47
836 27 118 293 12 28 -1 -1 -1 -1 label : fireHydrant 0.52
837 27 117 292 12 30 -1 -1 -1 -1 label : fireHydrant 0.52
838 27 117 292 13 30 -1 -1 -1 -1 label : fireHydrant 0.50
839 27 116 292 13 30 -1 -1 -1 -1 label : fireHydrant 0.52
840 27 117 292 12 29 -1 -1 -1 -1 label : fireHydrant 0.50
841 27 116 292 12 29 -1 -1 -1 -1 label : fireHydrant 0.52
842 27 116 291 13 30 -1 -1 -1 -1 label : fireHydrant 0.49
843 27 115 291 13 29 -1 -1 -1 -1 label : fireHydrant 0.50
897 29 116 294 12 27 -1 -1 -1 -1 label : fireHydrant 0.45
898 29 116 294 12 26 -1 -1 -1 -1 label : fireHydrant 0.54
899 29 115 293 13 27 -1 -1 -1 -1 label : fireHydrant 0.53
900 29 115 294 13 27 -1 -1 -1 -1 label : fireHydrant 0.47
901 29 115 294 12 27 -1 -1 -1 -1 label : fireHydrant 0.47
902 29 116 294 11 27 -1 -1 -1 -1 label : fireHydrant 0.49
903 29 115 294 12 27 -1 -1 -1 -1 label : fireHydrant 0.50
904 29 115 294 13 27 -1 -1 -1 -1 label : fireHydrant 0.47
905 29 115 294 13 27 -1 -1 -1 -1 label : fireHydrant 0.47
907 29 116 294 11 27 -1 -1 -1 -1 label : fireHydrant 0.45
946 30 112 296 13 29 -1 -1 -1 -1 label : fireHydrant 0.47
947 30 111 295 15 31 -1 -1 -1 -1 label : fireHydrant 0.47
988 31 103 296 11 25 -1 -1 -1 -1 label : fireHydrant 0.51
989 31 103 295 12 27 -1 -1 -1 -1 label : fireHydrant 0.51
990 31 103 295 13 27 -1 -1 -1 -1 label : fireHydrant 0.47
991 31 103 295 13 27 -1 -1 -1 -1 label : fireHydrant 0.45
995 31 103 294 12 27 -1 -1 -1 -1 label : fireHydrant 0.44
1004 31 101 291 11 28 -1 -1 -1 -1 label : fireHydrant 0.47
1005 31 101 291 11 28 -1 -1 -1 -1 label : fireHydrant 0.48
1144 36 76 292 14 30 -1 -1 -1 -1 label : fireHydrant 0.49
1145 36 75 291 14 32 -1 -1 -1 -1 label : fireHydrant 0.49
1148 36 75 292 14 30 -1 -1 -1 -1 label : fireHydrant 0.48
1149 36 75 292 13 30 -1 -1 -1 -1 label : fireHydrant 0.47
1150 36 75 292 13 31 -1 -1 -1 -1 label : fireHydrant 0.48
1151 36 74 293 13 30 -1 -1 -1 -1 label : fireHydrant 0.48
1166 36 66 295 15 33 -1 -1 -1 -1 label : fireHydrant 0.46
1167 36 63 296 15 34 -1 -1 -1 -1 label : fireHydrant 0.46
1168 36 61 297 16 34 -1 -1 -1 -1 label : fireHydrant 0.52
1169 36 61 298 16 33 -1 -1 -1 -1 label : fireHydrant 0.52
1170 36 59 298 17 33 -1 -1 -1 -1 label : fireHydrant 0.55
1171 36 59 298 16 33 -1 -1 -1 -1 label : fireHydrant 0.55
1172 36 59 297 14 33 -1 -1 -1 -1 label : fireHydrant 0.57
1173 36 59 297 14 32 -1 -1 -1 -1 label : fireHydrant 0.57
1174 36 58 297 15 31 -1 -1 -1 -1 label : fireHydrant 0.50
1175 36 58 297 15 31 -1 -1 -1 -1 label : fireHydrant 0.50
