187 1 115 353 341 63 -1 -1 -1 -1 label : spot-2 0.47
188 1 114 352 342 65 -1 -1 -1 -1 label : spot-2 0.46
189 1 106 354 355 65 -1 -1 -1 -1 label : spot-2 0.48
190 1 105 354 355 66 -1 -1 -1 -1 label : spot-2 0.48
191 1 92 356 372 67 -1 -1 -1 -1 label : spot-2 0.52
192 1 89 356 374 68 -1 -1 -1 -1 label : spot-2 0.54
193 1 86 357 380 68 -1 -1 -1 -1 label : spot-2 0.55
194 1 85 358 382 68 -1 -1 -1 -1 label : spot-2 0.55
195 1 65 358 397 69 -1 -1 -1 -1 label : spot-2 0.58
196 1 60 358 399 69 -1 -1 -1 -1 label : spot-2 0.58
197 1 54 357 408 71 -1 -1 -1 -1 label : spot-2 0.56
198 1 52 357 411 72 -1 -1 -1 -1 label : spot-2 0.57
199 1 51 357 412 71 -1 -1 -1 -1 label : spot-2 0.50
200 1 51 357 412 71 -1 -1 -1 -1 label : spot-2 0.50
201 1 22 359 439 70 -1 -1 -1 -1 label : spot-2 0.47
202 1 18 360 434 69 -1 -1 -1 -1 label : spot-2 0.47
215 1 3 359 452 71 -1 -1 -1 -1 label : spot-2 0.49
216 1 0 358 456 72 -1 -1 -1 -1 label : spot-2 0.49
257 2 0 357 451 76 -1 -1 -1 -1 label : spot-0.47
258 2 0 358 443 73 -1 -1 -1 -1 label : spot-0.46
259 2 0 358 433 71 -1 -1 -1 -1 label : spot-0.46
260 2 1 359 428 70 -1 -1 -1 -1 label : spot-0.46
262 2 5 359 418 73 -1 -1 -1 -1 label : spot-0.46
264 2 2 359 424 73 -1 -1 -1 -1 label : spot-0.45
291 2 6 360 396 76 -1 -1 -1 -1 label : spot-0.46
292 2 1 360 402 77 -1 -1 -1 -1 label : spot-0.46
295 2 0 363 389 76 -1 -1 -1 -1 label : spot-0.46
296 2 0 364 384 75 -1 -1 -1 -1 label : spot-0.45
297 2 0 365 381 76 -1 -1 -1 -1 label : spot-0.50
298 2 0 365 382 77 -1 -1 -1 -1 label : spot-0.50
301 2 1 361 398 82 -1 -1 -1 -1 label : spot-0.49
302 2 0 359 407 85 -1 -1 -1 -1 label : spot-0.49
305 2 0 361 396 81 -1 -1 -1 -1 label : spot-0.53
306 2 0 361 390 80 -1 -1 -1 -1 label : spot-0.53
309 2 4 360 371 83 -1 -1 -1 -1 label : spot-0.46
310 2 0 360 377 83 -1 -1 -1 -1 label : spot-0.47
311 2 11 358 345 95 -1 -1 -1 -1 label : spot-0.48
312 2 2 358 357 98 -1 -1 -1 -1 label : spot-0.47
343 7 874 364 401 97 -1 -1 -1 -1 label : spot-2 0.57
344 7 870 363 409 100 -1 -1 -1 -1 label : spot-2 0.57
345 7 873 363 406 103 -1 -1 -1 -1 label : spot-2 0.56
346 7 871 363 408 104 -1 -1 -1 -1 label : spot-2 0.56
347 7 874 363 405 105 -1 -1 -1 -1 label : spot-2 0.53
348 7 874 363 405 105 -1 -1 -1 -1 label : spot-2 0.53
349 7 877 362 402 106 -1 -1 -1 -1 label : spot-2 0.53
350 7 877 362 402 106 -1 -1 -1 -1 label : spot-2 0.53
365 7 897 367 375 115 -1 -1 -1 -1 label : spot-2 0.46
366 7 895 370 383 117 -1 -1 -1 -1 label : spot-2 0.46
367 7 905 372 374 117 -1 -1 -1 -1 label : spot-2 0.50
368 7 908 373 371 117 -1 -1 -1 -1 label : spot-2 0.50
383 7 922 373 356 120 -1 -1 -1 -1 label : spot-2 0.52
384 7 923 374 356 119 -1 -1 -1 -1 label : spot-2 0.50
385 7 922 375 357 116 -1 -1 -1 -1 label : spot-2 0.53
386 7 923 376 356 114 -1 -1 -1 -1 label : spot-2 0.53
389 7 925 376 354 110 -1 -1 -1 -1 label : spot-2 0.49
390 7 928 377 351 107 -1 -1 -1 -1 label : spot-2 0.49
393 7 934 379 345 105 -1 -1 -1 -1 label : spot-2 0.45
394 7 936 380 343 104 -1 -1 -1 -1 label : spot-2 0.45
