73 4 95 497 314 70 -1 -1 -1 -1 label : invalidSpot-entrance 0.49
90 5 0 519 326 141 -1 -1 -1 -1 label : spot-1 0.43
91 5 1 522 302 142 -1 -1 -1 -1 label : spot-1 0.43
92 5 0 524 293 138 -1 -1 -1 -1 label : spot-1 0.46
93 5 0 529 285 124 -1 -1 -1 -1 label : spot-1 0.43
136 6 761 481 210 102 -1 -1 -1 -1 label : spot-1 0.52
137 6 762 481 228 95 -1 -1 -1 -1 label : spot-1 0.45
139 6 774 485 241 99 -1 -1 -1 -1 label : spot-1 0.52
140 6 771 489 271 90 -1 -1 -1 -1 label : spot-1 0.46
141 6 776 491 283 82 -1 -1 -1 -1 label : spot-1 0.56
142 6 779 494 301 74 -1 -1 -1 -1 label : spot-1 0.59
143 6 789 496 306 69 -1 -1 -1 -1 label : spot-1 0.63
144 6 796 497 317 71 -1 -1 -1 -1 label : spot-1 0.65
145 6 801 500 335 77 -1 -1 -1 -1 label : spot-1 0.63
145 7 362 448 119 23 -1 -1 -1 -1 label : invalidSpot-entrance 0.44
146 6 805 501 361 81 -1 -1 -1 -1 label : spot-1 0.64
147 6 810 503 384 88 -1 -1 -1 -1 label : spot-1 0.66
148 6 808 507 424 92 -1 -1 -1 -1 label : spot-1 0.54
149 6 820 511 442 105 -1 -1 -1 -1 label : spot-1 0.48
150 6 854 514 413 117 -1 -1 -1 -1 label : spot-1 0.43
151 6 836 515 443 122 -1 -1 -1 -1 label : spot-1 0.50
152 6 840 517 439 120 -1 -1 -1 -1 label : spot-1 0.61
153 6 832 518 447 117 -1 -1 -1 -1 label : spot-1 0.67
154 6 842 521 437 112 -1 -1 -1 -1 label : spot-1 0.67
155 6 847 525 432 115 -1 -1 -1 -1 label : spot-1 0.70
156 6 850 526 429 115 -1 -1 -1 -1 label : spot-1 0.71
157 6 855 529 424 115 -1 -1 -1 -1 label : spot-1 0.68
158 6 861 532 418 114 -1 -1 -1 -1 label : spot-1 0.64
159 6 871 532 408 117 -1 -1 -1 -1 label : spot-1 0.54
160 6 873 533 406 115 -1 -1 -1 -1 label : spot-1 0.55
161 6 879 535 400 111 -1 -1 -1 -1 label : spot-1 0.53
162 6 891 538 388 114 -1 -1 -1 -1 label : spot-1 0.58
163 6 893 540 386 115 -1 -1 -1 -1 label : spot-1 0.53
