160 2 1109 308 34 69 -1 -1 -1 -1 label : fireHydrant 0.55
161 2 1111 307 35 71 -1 -1 -1 -1 label : fireHydrant 0.55
162 2 1116 309 38 68 -1 -1 -1 -1 label : fireHydrant 0.50
163 2 1118 309 38 68 -1 -1 -1 -1 label : fireHydrant 0.50
170 2 1149 309 35 74 -1 -1 -1 -1 label : fireHydrant 0.56
171 2 1159 309 35 76 -1 -1 -1 -1 label : fireHydrant 0.57
172 2 1169 309 38 78 -1 -1 -1 -1 label : fireHydrant 0.60
173 2 1174 309 37 77 -1 -1 -1 -1 label : fireHydrant 0.62
174 2 1181 310 40 78 -1 -1 -1 -1 label : fireHydrant 0.48
175 2 1184 310 39 78 -1 -1 -1 -1 label : fireHydrant 0.48
176 2 1194 311 39 78 -1 -1 -1 -1 label : fireHydrant 0.59
177 2 1197 311 39 79 -1 -1 -1 -1 label : fireHydrant 0.57
186 4 704 312 98 32 -1 -1 -1 -1 label : spot-2 0.45
187 4 705 312 98 32 -1 -1 -1 -1 label : spot-2 0.46
208 5 1112 315 167 47 -1 -1 -1 -1 label : invalidspot-coloredCurb 0.46
209 5 1113 315 166 47 -1 -1 -1 -1 label : invalidspot-coloredCurb 0.46
212 4 719 316 108 35 -1 -1 -1 -1 label : spot-2 0.47
213 4 719 317 111 34 -1 -1 -1 -1 label : spot-2 0.46
216 4 723 317 112 35 -1 -1 -1 -1 label : spot-2 0.44
217 4 724 318 113 34 -1 -1 -1 -1 label : spot-2 0.46
218 4 725 318 114 35 -1 -1 -1 -1 label : spot-2 0.44
219 4 726 318 114 35 -1 -1 -1 -1 label : spot-2 0.43
220 4 727 317 110 35 -1 -1 -1 -1 label : spot-2 0.44
221 4 727 317 109 34 -1 -1 -1 -1 label : spot-2 0.44
230 4 731 314 114 36 -1 -1 -1 -1 label : spot-2 0.47
231 4 733 313 115 37 -1 -1 -1 -1 label : spot-2 0.47
232 4 734 313 117 37 -1 -1 -1 -1 label : spot-2 0.51
233 4 734 313 118 38 -1 -1 -1 -1 label : spot-2 0.50
236 4 737 316 117 39 -1 -1 -1 -1 label : spot-2 0.52
237 4 737 317 119 39 -1 -1 -1 -1 label : spot-2 0.52
238 4 737 318 120 39 -1 -1 -1 -1 label : spot-2 0.45
239 4 738 318 119 40 -1 -1 -1 -1 label : spot-2 0.46
240 4 740 320 126 41 -1 -1 -1 -1 label : spot-2 0.48
241 4 741 320 128 42 -1 -1 -1 -1 label : spot-2 0.49
242 4 741 321 136 45 -1 -1 -1 -1 label : spot-2 0.45
