66 2 756 370 159 70 -1 -1 -1 -1 label : spot-1 0.41
67 2 758 372 164 73 -1 -1 -1 -1 label : spot-1 0.32
69 2 760 376 174 80 -1 -1 -1 -1 label : spot-1 0.35
70 2 759 375 185 87 -1 -1 -1 -1 label : spot-1 0.45
71 2 758 377 197 90 -1 -1 -1 -1 label : spot-1 0.46
72 2 763 377 201 94 -1 -1 -1 -1 label : spot-1 0.44
73 2 765 377 208 102 -1 -1 -1 -1 label : spot-1 0.54
74 2 760 379 228 104 -1 -1 -1 -1 label : spot-1 0.56
75 2 757 380 250 100 -1 -1 -1 -1 label : spot-1 0.52
76 2 770 381 242 107 -1 -1 -1 -1 label : spot-1 0.44
77 2 768 382 269 110 -1 -1 -1 -1 label : spot-1 0.56
78 2 771 384 291 101 -1 -1 -1 -1 label : spot-1 0.54
79 2 778 387 303 92 -1 -1 -1 -1 label : spot-1 0.55
80 2 787 389 312 91 -1 -1 -1 -1 label : spot-1 0.57
81 2 806 392 308 105 -1 -1 -1 -1 label : spot-1 0.55
82 2 827 394 313 113 -1 -1 -1 -1 label : spot-1 0.56
83 2 815 398 366 115 -1 -1 -1 -1 label : spot-1 0.56
84 2 801 402 414 117 -1 -1 -1 -1 label : spot-1 0.50
85 2 803 404 448 125 -1 -1 -1 -1 label : spot-1 0.50
86 2 813 410 465 126 -1 -1 -1 -1 label : spot-1 0.37
87 2 815 409 464 129 -1 -1 -1 -1 label : spot-1 0.52
88 2 818 410 461 133 -1 -1 -1 -1 label : spot-1 0.51
89 2 822 411 457 132 -1 -1 -1 -1 label : spot-1 0.36
90 2 841 412 438 130 -1 -1 -1 -1 label : spot-1 0.43
91 2 848 413 431 130 -1 -1 -1 -1 label : spot-1 0.31
