79 3 630 315 72 25 -1 -1 -1 -1 label : spot-1 0.43
80 3 633 314 72 25 -1 -1 -1 -1 label : spot-1 0.42
81 3 637 311 72 27 -1 -1 -1 -1 label : spot-1 0.50
81 4 899 393 380 123 -1 -1 -1 -1 label : spot-1 0.47
82 3 637 310 76 27 -1 -1 -1 -1 label : spot-1 0.54
82 4 916 398 362 114 -1 -1 -1 -1 label : spot-1 0.48
83 3 637 309 80 27 -1 -1 -1 -1 label : spot-1 0.59
83 4 942 399 331 115 -1 -1 -1 -1 label : spot-1 0.47
84 3 640 307 81 26 -1 -1 -1 -1 label : spot-1 0.61
84 4 989 401 281 107 -1 -1 -1 -1 label : spot-1 0.57
85 3 641 307 82 27 -1 -1 -1 -1 label : spot-1 0.58
85 4 993 405 285 107 -1 -1 -1 -1 label : spot-1 0.57
86 3 643 307 84 28 -1 -1 -1 -1 label : spot-1 0.57
86 4 1015 409 264 102 -1 -1 -1 -1 label : spot-1 0.53
87 3 644 307 87 29 -1 -1 -1 -1 label : spot-1 0.60
87 4 1008 414 271 94 -1 -1 -1 -1 label : spot-1 0.55
88 3 644 309 92 28 -1 -1 -1 -1 label : spot-1 0.53
88 4 1056 420 217 93 -1 -1 -1 -1 label : spot-1 0.51
89 3 648 313 91 27 -1 -1 -1 -1 label : spot-1 0.53
89 4 1060 427 218 94 -1 -1 -1 -1 label : spot-1 0.43
90 3 652 315 88 32 -1 -1 -1 -1 label : spot-1 0.52
90 4 1110 437 164 86 -1 -1 -1 -1 label : spot-1 0.43
91 3 649 321 98 31 -1 -1 -1 -1 label : spot-1 0.53
91 4 1116 444 163 84 -1 -1 -1 -1 label : spot-1 0.33
92 3 651 328 99 33 -1 -1 -1 -1 label : spot-1 0.57
93 3 652 335 103 32 -1 -1 -1 -1 label : spot-1 0.57
94 3 653 341 107 32 -1 -1 -1 -1 label : spot-1 0.47
95 3 655 345 110 33 -1 -1 -1 -1 label : spot-1 0.54
96 3 657 349 114 33 -1 -1 -1 -1 label : spot-1 0.57
97 3 659 350 118 34 -1 -1 -1 -1 label : spot-1 0.48
98 3 662 350 118 36 -1 -1 -1 -1 label : spot-1 0.56
99 3 665 349 119 39 -1 -1 -1 -1 label : spot-2 0.49
100 3 665 347 128 41 -1 -1 -1 -1 label : spot-1 0.51
101 3 670 347 131 40 -1 -1 -1 -1 label : spot-2 0.59
102 3 673 346 132 40 -1 -1 -1 -1 label : spot-2 0.44
103 3 673 343 139 45 -1 -1 -1 -1 label : spot-2 0.51
104 3 676 340 142 49 -1 -1 -1 -1 label : spot-2 0.46
105 3 675 340 153 49 -1 -1 -1 -1 label : spot-1 0.51
106 3 678 338 159 52 -1 -1 -1 -1 label : spot-2 0.53
106 7 678 338 158 51 -1 -1 -1 -1 label : spot-1 0.34
107 3 679 339 167 53 -1 -1 -1 -1 label : spot-2 0.60
108 3 687 338 166 56 -1 -1 -1 -1 label : spot-1 0.41
108 7 684 338 171 53 -1 -1 -1 -1 label : spot-2 0.33
109 3 686 337 178 57 -1 -1 -1 -1 label : spot-2 0.54
109 7 687 337 175 56 -1 -1 -1 -1 label : spot-1 0.36
110 3 688 338 184 58 -1 -1 -1 -1 label : spot-2 0.45
110 7 688 338 184 58 -1 -1 -1 -1 label : spot-1 0.39
111 3 690 338 189 60 -1 -1 -1 -1 label : spot-2 0.53
112 7 696 336 201 63 -1 -1 -1 -1 label : spot-2 0.68
113 7 698 336 210 66 -1 -1 -1 -1 label : spot-2 0.64
114 7 698 336 223 66 -1 -1 -1 -1 label : spot-2 0.68
115 7 703 337 228 69 -1 -1 -1 -1 label : spot-2 0.70
116 7 702 339 243 68 -1 -1 -1 -1 label : spot-2 0.69
117 7 708 341 251 70 -1 -1 -1 -1 label : spot-2 0.70
118 7 712 343 264 71 -1 -1 -1 -1 label : spot-2 0.68
119 7 718 344 272 78 -1 -1 -1 -1 label : spot-2 0.70
120 7 717 345 292 80 -1 -1 -1 -1 label : spot-2 0.67
121 7 722 345 306 86 -1 -1 -1 -1 label : spot-2 0.72
122 7 718 344 337 86 -1 -1 -1 -1 label : spot-2 0.71
123 7 725 344 345 86 -1 -1 -1 -1 label : spot-2 0.67
124 7 733 342 358 90 -1 -1 -1 -1 label : spot-2 0.69
125 7 737 341 381 94 -1 -1 -1 -1 label : spot-2 0.67
126 7 743 339 405 100 -1 -1 -1 -1 label : spot-2 0.68
127 7 744 339 435 105 -1 -1 -1 -1 label : spot-2 0.63
128 7 739 340 470 109 -1 -1 -1 -1 label : spot-2 0.55
129 7 748 341 483 111 -1 -1 -1 -1 label : spot-2 0.44
130 7 763 342 491 133 -1 -1 -1 -1 label : spot-2 0.34
131 7 752 347 518 129 -1 -1 -1 -1 label : spot-2 0.35
132 7 764 350 510 139 -1 -1 -1 -1 label : spot-2 0.42
133 7 757 355 522 137 -1 -1 -1 -1 label : spot-2 0.48
134 7 763 359 516 134 -1 -1 -1 -1 label : spot-2 0.53
135 7 778 363 501 139 -1 -1 -1 -1 label : spot-2 0.48
136 7 772 367 507 134 -1 -1 -1 -1 label : spot-2 0.50
137 7 791 368 488 134 -1 -1 -1 -1 label : spot-2 0.52
138 7 795 368 484 131 -1 -1 -1 -1 label : spot-2 0.49
139 7 797 368 482 131 -1 -1 -1 -1 label : spot-2 0.51
140 7 799 368 480 127 -1 -1 -1 -1 label : spot-2 0.48
141 7 817 369 462 125 -1 -1 -1 -1 label : spot-2 0.34
142 7 812 370 467 124 -1 -1 -1 -1 label : spot-2 0.38
143 7 817 370 462 125 -1 -1 -1 -1 label : spot-2 0.43
144 7 821 370 458 121 -1 -1 -1 -1 label : spot-2 0.39
145 7 843 371 433 124 -1 -1 -1 -1 label : spot-2 0.36
146 7 876 374 397 126 -1 -1 -1 -1 label : spot-2 0.33
148 7 875 376 404 123 -1 -1 -1 -1 label : spot-2 0.33
158 7 969 398 310 97 -1 -1 -1 -1 label : spot-1 0.44
159 7 1012 406 264 91 -1 -1 -1 -1 label : spot-1 0.47
160 7 1043 409 232 88 -1 -1 -1 -1 label : spot-1 0.44
161 7 1066 409 212 84 -1 -1 -1 -1 label : spot-1 0.53
162 7 1084 410 195 80 -1 -1 -1 -1 label : spot-1 0.42
163 7 1098 414 181 80 -1 -1 -1 -1 label : spot-1 0.40
165 7 1143 409 130 80 -1 -1 -1 -1 label : spot-1 0.39
262 9 30 337 218 69 -1 -1 -1 -1 label : spot-1 0.39
263 9 8 340 234 71 -1 -1 -1 -1 label : spot-1 0.36
264 9 4 343 224 82 -1 -1 -1 -1 label : spot-1 0.31
313 10 866 328 17 40 -1 -1 -1 -1 label : fireHydrant 0.52
317 11 585 318 66 20 -1 -1 -1 -1 label : spot-1 0.41
318 11 584 317 68 22 -1 -1 -1 -1 label : spot-1 0.38
319 11 585 318 69 21 -1 -1 -1 -1 label : spot-1 0.36
320 10 912 333 18 44 -1 -1 -1 -1 label : fireHydrant 0.40
320 11 587 318 65 21 -1 -1 -1 -1 label : spot-1 0.35
321 10 917 334 20 44 -1 -1 -1 -1 label : fireHydrant 0.36
321 11 586 318 69 22 -1 -1 -1 -1 label : spot-1 0.30
322 10 923 334 21 45 -1 -1 -1 -1 label : fireHydrant 0.47
323 10 930 334 19 46 -1 -1 -1 -1 label : fireHydrant 0.66
324 10 937 334 19 47 -1 -1 -1 -1 label : fireHydrant 0.33
324 11 590 319 74 23 -1 -1 -1 -1 label : spot-1 0.31
325 10 945 336 19 46 -1 -1 -1 -1 label : fireHydrant 0.66
325 11 591 320 76 23 -1 -1 -1 -1 label : spot-1 0.31
326 10 952 337 18 48 -1 -1 -1 -1 label : fireHydrant 0.32
326 11 593 320 78 26 -1 -1 -1 -1 label : spot-1 0.30
327 10 958 338 19 48 -1 -1 -1 -1 label : fireHydrant 0.36
328 11 594 321 82 28 -1 -1 -1 -1 label : spot-1 0.35
329 11 594 322 85 28 -1 -1 -1 -1 label : spot-1 0.37
330 11 595 322 83 29 -1 -1 -1 -1 label : spot-1 0.35
331 10 989 341 26 54 -1 -1 -1 -1 label : fireHydrant 0.65
331 11 595 322 84 29 -1 -1 -1 -1 label : spot-1 0.37
332 10 998 342 23 53 -1 -1 -1 -1 label : fireHydrant 0.69
332 11 595 322 86 28 -1 -1 -1 -1 label : spot-1 0.44
333 10 1007 341 26 57 -1 -1 -1 -1 label : fireHydrant 0.61
333 11 598 322 82 28 -1 -1 -1 -1 label : spot-1 0.48
334 10 1016 342 27 58 -1 -1 -1 -1 label : fireHydrant 0.58
334 11 597 322 83 27 -1 -1 -1 -1 label : spot-1 0.42
335 10 1027 342 26 60 -1 -1 -1 -1 label : fireHydrant 0.66
335 11 598 322 83 27 -1 -1 -1 -1 label : spot-1 0.41
336 10 1036 344 26 59 -1 -1 -1 -1 label : fireHydrant 0.58
336 11 602 322 83 29 -1 -1 -1 -1 label : spot-1 0.39
337 10 1045 346 26 61 -1 -1 -1 -1 label : fireHydrant 0.44
337 11 603 322 84 31 -1 -1 -1 -1 label : spot-1 0.43
338 10 1053 347 27 62 -1 -1 -1 -1 label : fireHydrant 0.39
339 10 1063 353 32 58 -1 -1 -1 -1 label : fireHydrant 0.42
339 11 603 322 88 31 -1 -1 -1 -1 label : spot-1 0.37
340 10 1071 354 33 59 -1 -1 -1 -1 label : fireHydrant 0.37
341 10 1087 355 28 62 -1 -1 -1 -1 label : fireHydrant 0.59
341 11 603 325 88 29 -1 -1 -1 -1 label : spot-1 0.41
342 10 1098 355 28 65 -1 -1 -1 -1 label : fireHydrant 0.36
342 11 603 327 93 29 -1 -1 -1 -1 label : spot-1 0.31
343 10 1108 357 31 67 -1 -1 -1 -1 label : fireHydrant 0.49
347 11 606 330 97 32 -1 -1 -1 -1 label : spot-1 0.32
348 11 606 330 100 33 -1 -1 -1 -1 label : spot-1 0.30
349 10 1176 367 32 73 -1 -1 -1 -1 label : fireHydrant 0.33
349 11 608 329 98 33 -1 -1 -1 -1 label : spot-1 0.30
350 10 1195 371 31 73 -1 -1 -1 -1 label : fireHydrant 0.61
351 10 1210 373 30 71 -1 -1 -1 -1 label : fireHydrant 0.75
351 11 609 328 90 28 -1 -1 -1 -1 label : spot-1 0.31
352 10 1226 373 30 71 -1 -1 -1 -1 label : fireHydrant 0.63
352 11 612 328 93 30 -1 -1 -1 -1 label : spot-1 0.41
353 10 1243 374 28 71 -1 -1 -1 -1 label : fireHydrant 0.59
354 10 1257 376 22 72 -1 -1 -1 -1 label : fireHydrant 0.32
355 11 612 327 96 29 -1 -1 -1 -1 label : spot-1 0.40
357 11 611 327 99 26 -1 -1 -1 -1 label : spot-1 0.31
359 11 614 328 95 26 -1 -1 -1 -1 label : spot-1 0.31
360 11 616 328 100 31 -1 -1 -1 -1 label : spot-1 0.35
361 11 620 329 103 33 -1 -1 -1 -1 label : spot-1 0.37
