3 1 0 584 300 51 -1 -1 -1 -1 label : spot-0.39
4 1 3 586 291 54 -1 -1 -1 -1 label : spot-0.41
5 1 2 587 293 57 -1 -1 -1 -1 label : spot-0.43
6 1 0 588 301 54 -1 -1 -1 -1 label : spot-0.46
7 1 4 587 286 59 -1 -1 -1 -1 label : spot-0.51
8 1 1 585 293 61 -1 -1 -1 -1 label : spot-0.39
9 1 1 584 293 65 -1 -1 -1 -1 label : spot-0.42
10 1 4 583 286 71 -1 -1 -1 -1 label : spot-0.45
11 1 0 580 296 68 -1 -1 -1 -1 label : spot-0.52
12 1 0 577 294 64 -1 -1 -1 -1 label : spot-0.52
13 1 1 576 288 65 -1 -1 -1 -1 label : spot-0.40
14 1 4 574 282 68 -1 -1 -1 -1 label : spot-0.40
15 1 2 571 289 71 -1 -1 -1 -1 label : spot-0.42
16 1 0 570 315 71 -1 -1 -1 -1 label : spot-0.46
17 1 0 568 319 73 -1 -1 -1 -1 label : spot-0.46
18 1 0 566 316 73 -1 -1 -1 -1 label : spot-0.40
19 1 0 565 323 74 -1 -1 -1 -1 label : spot-0.37
20 1 1 567 308 72 -1 -1 -1 -1 label : spot-0.34
21 1 0 567 310 73 -1 -1 -1 -1 label : spot-0.33
22 1 1 568 320 78 -1 -1 -1 -1 label : spot-0.39
23 1 6 570 297 81 -1 -1 -1 -1 label : spot-0.32
25 1 6 572 294 89 -1 -1 -1 -1 label : spot-0.34
26 1 8 572 271 96 -1 -1 -1 -1 label : spot-0.33
27 1 4 573 268 101 -1 -1 -1 -1 label : spot-0.34
28 1 2 572 266 104 -1 -1 -1 -1 label : spot-0.33
29 1 0 569 271 106 -1 -1 -1 -1 label : spot-0.36
30 1 0 567 296 110 -1 -1 -1 -1 label : spot-0.32
46 2 961 551 192 86 -1 -1 -1 -1 label : spot-1 0.44
47 2 963 555 225 85 -1 -1 -1 -1 label : spot-1 0.49
48 2 942 554 280 94 -1 -1 -1 -1 label : spot-1 0.54
49 2 980 553 274 99 -1 -1 -1 -1 label : spot-1 0.50
50 2 971 552 306 109 -1 -1 -1 -1 label : spot-1 0.36
51 2 978 551 301 110 -1 -1 -1 -1 label : spot-1 0.41
52 2 982 551 297 109 -1 -1 -1 -1 label : spot-1 0.33
111 6 708 475 193 76 -1 -1 -1 -1 label : spot-1 0.32
113 6 716 476 206 82 -1 -1 -1 -1 label : spot-1 0.38
121 6 735 491 334 66 -1 -1 -1 -1 label : invalidSpot-entrance 0.35
123 6 758 493 363 75 -1 -1 -1 -1 label : invalidSpot-entrance 0.42
124 6 778 497 390 85 -1 -1 -1 -1 label : invalidSpot-entrance 0.47
199 12 370 357 11 37 -1 -1 -1 -1 label : fireHydrant 0.50
200 12 368 357 11 36 -1 -1 -1 -1 label : fireHydrant 0.38
201 12 366 358 12 37 -1 -1 -1 -1 label : fireHydrant 0.42
202 12 365 360 12 37 -1 -1 -1 -1 label : fireHydrant 0.34
261 17 735 339 15 40 -1 -1 -1 -1 label : fireHydrant 0.35
262 17 736 338 16 42 -1 -1 -1 -1 label : fireHydrant 0.36
263 17 738 338 16 42 -1 -1 -1 -1 label : fireHydrant 0.45
264 17 739 337 17 42 -1 -1 -1 -1 label : fireHydrant 0.37
268 17 746 335 16 42 -1 -1 -1 -1 label : fireHydrant 0.33
269 17 748 332 17 46 -1 -1 -1 -1 label : fireHydrant 0.36
292 17 784 328 16 47 -1 -1 -1 -1 label : fireHydrant 0.31
292 18 333 358 10 30 -1 -1 -1 -1 label : fireHydrant 0.31
