57 6 767 428 511 149 -1 -1 -1 -1 label : spot-1 0.68
58 6 773 430 506 146 -1 -1 -1 -1 label : spot-1 0.69
59 6 783 430 495 146 -1 -1 -1 -1 label : spot-1 0.70
60 6 791 432 488 144 -1 -1 -1 -1 label : spot-1 0.75
61 6 801 436 478 142 -1 -1 -1 -1 label : spot-1 0.74
62 6 808 439 471 138 -1 -1 -1 -1 label : spot-1 0.73
63 6 821 441 458 136 -1 -1 -1 -1 label : spot-1 0.67
64 6 840 443 436 138 -1 -1 -1 -1 label : spot-1 0.61
116 7 746 403 288 70 -1 -1 -1 -1 label : invalidSpot-entrance 0.67
117 7 749 406 327 80 -1 -1 -1 -1 label : invalidSpot-entrance 0.72
118 7 756 409 364 93 -1 -1 -1 -1 label : invalidSpot-entrance 0.72
119 7 759 412 416 107 -1 -1 -1 -1 label : invalidSpot-entrance 0.76
120 7 759 417 481 121 -1 -1 -1 -1 label : invalidSpot-entrance 0.68
121 7 785 424 485 135 -1 -1 -1 -1 label : invalidSpot-entrance 0.64
122 7 790 428 489 138 -1 -1 -1 -1 label : invalidSpot-entrance 0.67
123 7 793 431 486 138 -1 -1 -1 -1 label : invalidSpot-entrance 0.70
124 7 803 436 476 134 -1 -1 -1 -1 label : invalidSpot-entrance 0.69
125 7 832 441 447 133 -1 -1 -1 -1 label : invalidSpot-entrance 0.65
126 7 828 445 451 130 -1 -1 -1 -1 label : invalidSpot-entrance 0.65
127 7 846 452 433 122 -1 -1 -1 -1 label : invalidSpot-entrance 0.58
155 8 701 365 152 75 -1 -1 -1 -1 label : spot-1 0.64
156 8 704 366 162 81 -1 -1 -1 -1 label : spot-1 0.65
157 8 703 369 180 81 -1 -1 -1 -1 label : spot-1 0.60
158 8 709 371 186 87 -1 -1 -1 -1 label : spot-1 0.57
159 8 712 374 203 85 -1 -1 -1 -1 label : spot-1 0.54
160 8 701 378 248 68 -1 -1 -1 -1 label : spot-1 0.52
163 8 720 384 273 71 -1 -1 -1 -1 label : spot-1 0.57
164 8 735 388 291 76 -1 -1 -1 -1 label : spot-1 0.55
165 8 745 391 318 93 -1 -1 -1 -1 label : spot-1 0.50
175 8 804 417 462 141 -1 -1 -1 -1 label : spot-1 0.65
176 8 811 420 468 144 -1 -1 -1 -1 label : spot-1 0.67
177 8 821 423 458 144 -1 -1 -1 -1 label : spot-1 0.75
178 8 832 426 447 142 -1 -1 -1 -1 label : spot-1 0.75
179 8 845 429 434 140 -1 -1 -1 -1 label : spot-1 0.69
180 8 856 435 423 136 -1 -1 -1 -1 label : spot-1 0.70
181 8 875 442 404 132 -1 -1 -1 -1 label : spot-1 0.64
182 8 892 447 387 128 -1 -1 -1 -1 label : spot-1 0.63
219 13 819 425 360 87 -1 -1 -1 -1 label : spot-1 0.62
220 13 832 431 392 92 -1 -1 -1 -1 label : spot-1 0.58
221 13 858 437 401 113 -1 -1 -1 -1 label : spot-1 0.71
222 13 865 441 414 121 -1 -1 -1 -1 label : spot-1 0.69
223 13 878 446 401 121 -1 -1 -1 -1 label : spot-1 0.66
224 13 896 451 383 121 -1 -1 -1 -1 label : spot-1 0.60
276 14 867 430 409 118 -1 -1 -1 -1 label : spot-1 0.60
277 14 887 437 389 118 -1 -1 -1 -1 label : spot-1 0.56
278 14 901 443 376 120 -1 -1 -1 -1 label : spot-1 0.53
