84 1 640 307 80 26 -1 -1 -1 -1 label : spot-0.61
85 1 641 307 81 27 -1 -1 -1 -1 label : spot-0.58
86 1 642 307 84 28 -1 -1 -1 -1 label : spot-0.57
86 2 1012 409 267 103 -1 -1 -1 -1 label : spot-1 0.53
87 1 644 307 87 29 -1 -1 -1 -1 label : spot-0.60
87 2 1005 414 274 94 -1 -1 -1 -1 label : spot-1 0.55
88 1 644 309 91 28 -1 -1 -1 -1 label : spot-0.53
88 2 1055 420 217 94 -1 -1 -1 -1 label : spot-1 0.51
89 1 648 313 90 27 -1 -1 -1 -1 label : spot-0.53
90 1 652 316 88 31 -1 -1 -1 -1 label : spot-0.52
91 1 649 321 98 31 -1 -1 -1 -1 label : spot-0.53
92 1 651 329 99 32 -1 -1 -1 -1 label : spot-0.57
93 1 652 335 103 32 -1 -1 -1 -1 label : spot-0.57
95 1 654 344 110 32 -1 -1 -1 -1 label : spot-0.54
96 1 656 349 115 33 -1 -1 -1 -1 label : spot-0.57
98 1 661 350 117 35 -1 -1 -1 -1 label : spot-0.56
100 1 670 349 121 38 -1 -1 -1 -1 label : spot-2 0.51
101 1 672 348 128 40 -1 -1 -1 -1 label : spot-2 0.59
103 1 672 344 139 45 -1 -1 -1 -1 label : spot-2 0.51
105 1 677 341 148 49 -1 -1 -1 -1 label : spot-2 0.51
106 1 679 339 158 51 -1 -1 -1 -1 label : spot-2 0.53
107 1 680 340 166 53 -1 -1 -1 -1 label : spot-2 0.60
109 1 685 338 176 56 -1 -1 -1 -1 label : spot-2 0.54
111 1 692 337 187 61 -1 -1 -1 -1 label : spot-2 0.53
112 1 695 337 201 63 -1 -1 -1 -1 label : spot-2 0.68
113 1 698 337 210 65 -1 -1 -1 -1 label : spot-2 0.64
114 1 698 337 224 66 -1 -1 -1 -1 label : spot-2 0.68
115 1 704 337 227 69 -1 -1 -1 -1 label : spot-2 0.70
116 1 702 339 243 69 -1 -1 -1 -1 label : spot-2 0.69
117 1 708 341 252 71 -1 -1 -1 -1 label : spot-2 0.70
118 1 712 343 265 71 -1 -1 -1 -1 label : spot-2 0.68
119 1 718 344 272 78 -1 -1 -1 -1 label : spot-2 0.70
120 1 718 345 291 80 -1 -1 -1 -1 label : spot-2 0.67
121 1 722 345 306 86 -1 -1 -1 -1 label : spot-2 0.72
122 1 719 344 336 86 -1 -1 -1 -1 label : spot-2 0.71
123 1 725 344 345 86 -1 -1 -1 -1 label : spot-2 0.67
124 1 733 343 359 90 -1 -1 -1 -1 label : spot-2 0.69
125 1 737 341 381 94 -1 -1 -1 -1 label : spot-2 0.67
126 1 743 339 405 100 -1 -1 -1 -1 label : spot-2 0.68
127 1 744 339 435 105 -1 -1 -1 -1 label : spot-2 0.63
128 1 739 340 470 109 -1 -1 -1 -1 label : spot-2 0.55
134 1 767 354 480 123 -1 -1 -1 -1 label : spot-2 0.53
136 1 777 364 497 128 -1 -1 -1 -1 label : spot-2 0.50
137 1 794 367 485 132 -1 -1 -1 -1 label : spot-2 0.52
139 1 796 368 483 132 -1 -1 -1 -1 label : spot-2 0.51
333 7 1006 340 27 58 -1 -1 -1 -1 label : fireHydrant 0.61
334 7 1016 342 27 58 -1 -1 -1 -1 label : fireHydrant 0.58
335 7 1026 342 26 60 -1 -1 -1 -1 label : fireHydrant 0.66
336 7 1036 344 26 59 -1 -1 -1 -1 label : fireHydrant 0.58
341 7 1075 351 27 63 -1 -1 -1 -1 label : fireHydrant 0.59
350 7 1162 366 30 70 -1 -1 -1 -1 label : fireHydrant 0.61
351 7 1203 372 30 70 -1 -1 -1 -1 label : fireHydrant 0.75
352 7 1229 374 29 71 -1 -1 -1 -1 label : fireHydrant 0.63
353 7 1248 375 28 72 -1 -1 -1 -1 label : fireHydrant 0.59
