209 9 1094 425 44 113 -1 -1 -1 -1 label : fireHydrant 0.16
210 9 1096 424 45 115 -1 -1 -1 -1 label : fireHydrant 0.15
213 9 1110 425 44 115 -1 -1 -1 -1 label : fireHydrant 0.20
214 9 1115 425 43 116 -1 -1 -1 -1 label : fireHydrant 0.21
295 11 120 480 178 86 -1 -1 -1 -1 label : spot-1 0.18
296 11 120 481 177 86 -1 -1 -1 -1 label : spot-1 0.17
297 11 113 479 179 93 -1 -1 -1 -1 label : spot-1 0.15
298 11 109 479 182 95 -1 -1 -1 -1 label : spot-1 0.15
299 11 101 478 187 90 -1 -1 -1 -1 label : spot-1 0.13
300 11 97 478 189 91 -1 -1 -1 -1 label : spot-1 0.14
301 11 94 478 189 93 -1 -1 -1 -1 label : spot-1 0.18
301 12 99 461 93 83 -1 -1 -1 -1 label : spot-1 0.12
302 11 92 477 191 95 -1 -1 -1 -1 label : spot-1 0.18
302 12 96 460 97 87 -1 -1 -1 -1 label : spot-1 0.11
303 11 88 479 194 100 -1 -1 -1 -1 label : spot-1 0.20
303 12 89 460 102 93 -1 -1 -1 -1 label : spot-1 0.11
304 11 85 479 198 102 -1 -1 -1 -1 label : spot-1 0.20
304 12 86 460 105 94 -1 -1 -1 -1 label : spot-1 0.11
305 11 74 482 210 97 -1 -1 -1 -1 label : spot-1 0.25
306 11 73 483 209 95 -1 -1 -1 -1 label : spot-1 0.28
306 12 77 461 111 98 -1 -1 -1 -1 label : spot-1 0.11
307 11 67 486 214 97 -1 -1 -1 -1 label : spot-1 0.22
308 11 65 484 211 99 -1 -1 -1 -1 label : spot-1 0.23
309 11 66 483 156 91 -1 -1 -1 -1 label : spot-1 0.18
309 12 54 470 136 83 -1 -1 -1 -1 label : invalidspot-coloredCurb 0.10
310 11 59 481 149 89 -1 -1 -1 -1 label : spot-1 0.17
310 12 56 471 130 81 -1 -1 -1 -1 label : invalidspot-coloredCurb 0.11
311 11 50 482 162 91 -1 -1 -1 -1 label : spot-1 0.20
312 11 48 482 164 93 -1 -1 -1 -1 label : spot-1 0.21
313 11 39 484 177 101 -1 -1 -1 -1 label : spot-1 0.34
314 11 36 484 185 106 -1 -1 -1 -1 label : spot-1 0.35
315 11 0 488 298 87 -1 -1 -1 -1 label : spot-1 0.25
315 12 19 478 167 77 -1 -1 -1 -1 label : spot-1 0.10
316 11 0 489 304 86 -1 -1 -1 -1 label : spot-1 0.24
317 11 1 489 282 71 -1 -1 -1 -1 label : spot-1 0.22
317 12 0 487 281 63 -1 -1 -1 -1 label : invalidspot-coloredCurb 0.12
318 11 19 485 221 73 -1 -1 -1 -1 label : spot-1 0.21
318 12 3 490 279 57 -1 -1 -1 -1 label : invalidspot-coloredCurb 0.12
319 11 14 485 226 71 -1 -1 -1 -1 label : spot-1 0.31
320 12 6 493 276 85 -1 -1 -1 -1 label : spot-1 0.31
321 12 1 492 283 88 -1 -1 -1 -1 label : spot-1 0.35
322 12 0 492 284 89 -1 -1 -1 -1 label : spot-1 0.35
323 12 0 493 288 87 -1 -1 -1 -1 label : spot-1 0.45
324 12 0 493 287 86 -1 -1 -1 -1 label : spot-1 0.46
325 12 0 493 284 86 -1 -1 -1 -1 label : spot-1 0.46
326 12 0 493 283 86 -1 -1 -1 -1 label : spot-1 0.46
327 12 1 494 277 86 -1 -1 -1 -1 label : spot-1 0.41
328 12 0 494 277 88 -1 -1 -1 -1 label : spot-1 0.41
329 12 0 492 272 86 -1 -1 -1 -1 label : spot-1 0.37
330 12 0 491 270 85 -1 -1 -1 -1 label : spot-1 0.37
331 12 0 493 278 84 -1 -1 -1 -1 label : spot-1 0.39
332 12 0 492 273 85 -1 -1 -1 -1 label : spot-1 0.39
333 12 4 491 256 89 -1 -1 -1 -1 label : spot-1 0.37
334 12 1 491 260 90 -1 -1 -1 -1 label : spot-1 0.37
335 12 2 491 245 91 -1 -1 -1 -1 label : spot-1 0.36
336 12 0 491 245 92 -1 -1 -1 -1 label : spot-1 0.36
337 12 0 491 226 89 -1 -1 -1 -1 label : spot-1 0.26
338 12 0 491 220 87 -1 -1 -1 -1 label : spot-1 0.26
339 12 2 490 211 95 -1 -1 -1 -1 label : spot-1 0.33
340 12 0 491 216 96 -1 -1 -1 -1 label : spot-1 0.33
341 12 1 491 208 100 -1 -1 -1 -1 label : spot-1 0.23
342 12 0 491 207 101 -1 -1 -1 -1 label : spot-1 0.23
343 12 4 491 185 109 -1 -1 -1 -1 label : spot-1 0.21
344 12 0 491 191 112 -1 -1 -1 -1 label : spot-1 0.21
345 12 0 492 200 112 -1 -1 -1 -1 label : spot-1 0.27
346 12 0 492 202 112 -1 -1 -1 -1 label : spot-1 0.27
347 12 0 492 214 117 -1 -1 -1 -1 label : spot-1 0.26
348 12 0 492 218 119 -1 -1 -1 -1 label : spot-1 0.26
349 12 0 493 217 115 -1 -1 -1 -1 label : spot-1 0.22
350 12 0 493 214 113 -1 -1 -1 -1 label : spot-1 0.22
351 12 0 495 210 113 -1 -1 -1 -1 label : spot-1 0.22
352 12 0 495 209 114 -1 -1 -1 -1 label : spot-1 0.21
353 12 0 496 205 112 -1 -1 -1 -1 label : spot-1 0.21
354 12 0 496 205 112 -1 -1 -1 -1 label : spot-1 0.19
355 12 0 499 200 114 -1 -1 -1 -1 label : spot-1 0.15
356 12 0 500 201 115 -1 -1 -1 -1 label : spot-1 0.15
359 12 0 503 195 115 -1 -1 -1 -1 label : spot-1 0.10
360 12 0 503 195 116 -1 -1 -1 -1 label : spot-1 0.10
361 12 0 505 199 118 -1 -1 -1 -1 label : spot-1 0.11
362 12 0 506 206 119 -1 -1 -1 -1 label : spot-1 0.11
363 12 0 509 212 122 -1 -1 -1 -1 label : spot-1 0.17
364 12 0 510 213 123 -1 -1 -1 -1 label : spot-1 0.17
684 19 4 360 16 36 -1 -1 -1 -1 label : fireHydrant 0.34
685 19 3 360 16 36 -1 -1 -1 -1 label : fireHydrant 0.35
686 19 3 360 15 36 -1 -1 -1 -1 label : fireHydrant 0.43
687 19 2 360 15 35 -1 -1 -1 -1 label : fireHydrant 0.42
688 19 2 361 14 36 -1 -1 -1 -1 label : fireHydrant 0.43
689 19 1 361 15 36 -1 -1 -1 -1 label : fireHydrant 0.43
690 19 1 360 14 38 -1 -1 -1 -1 label : fireHydrant 0.40
691 19 0 360 15 39 -1 -1 -1 -1 label : fireHydrant 0.40
692 19 0 360 15 37 -1 -1 -1 -1 label : fireHydrant 0.14
693 19 0 359 14 38 -1 -1 -1 -1 label : fireHydrant 0.13
694 19 0 359 14 38 -1 -1 -1 -1 label : fireHydrant 0.30
695 19 0 359 13 38 -1 -1 -1 -1 label : fireHydrant 0.30
696 19 0 359 13 39 -1 -1 -1 -1 label : fireHydrant 0.39
697 19 0 359 13 39 -1 -1 -1 -1 label : fireHydrant 0.39
698 19 0 358 12 40 -1 -1 -1 -1 label : fireHydrant 0.27
699 19 0 358 12 40 -1 -1 -1 -1 label : fireHydrant 0.27
700 19 0 358 12 39 -1 -1 -1 -1 label : fireHydrant 0.29
701 19 0 358 11 39 -1 -1 -1 -1 label : fireHydrant 0.29
702 19 0 358 11 39 -1 -1 -1 -1 label : fireHydrant 0.23
703 19 0 358 10 38 -1 -1 -1 -1 label : fireHydrant 0.22
704 19 0 358 10 38 -1 -1 -1 -1 label : fireHydrant 0.20
705 19 0 358 9 38 -1 -1 -1 -1 label : fireHydrant 0.20
706 19 0 358 9 37 -1 -1 -1 -1 label : fireHydrant 0.16
707 19 0 358 8 37 -1 -1 -1 -1 label : fireHydrant 0.14
776 20 0 384 83 37 -1 -1 -1 -1 label : invalidspot-coloredCurb 0.24
777 20 0 384 82 36 -1 -1 -1 -1 label : invalidspot-coloredCurb 0.24
778 20 0 386 82 34 -1 -1 -1 -1 label : invalidspot-coloredCurb 0.19
779 20 0 386 81 34 -1 -1 -1 -1 label : invalidspot-coloredCurb 0.19
780 20 0 387 80 34 -1 -1 -1 -1 label : invalidspot-coloredCurb 0.16
781 20 0 388 81 33 -1 -1 -1 -1 label : invalidspot-coloredCurb 0.16
918 21 243 393 12 34 -1 -1 -1 -1 label : fireHydrant 0.14
919 21 242 392 14 35 -1 -1 -1 -1 label : fireHydrant 0.14
1102 22 1043 554 177 102 -1 -1 -1 -1 label : spot-1 0.17
1103 22 1047 555 176 100 -1 -1 -1 -1 label : spot-1 0.18
1104 22 973 553 267 101 -1 -1 -1 -1 label : spot-1 0.27
1105 22 962 553 268 101 -1 -1 -1 -1 label : spot-1 0.26
1106 22 954 550 283 105 -1 -1 -1 -1 label : spot-1 0.25
1107 22 948 550 292 104 -1 -1 -1 -1 label : spot-1 0.25
1108 22 944 547 307 109 -1 -1 -1 -1 label : spot-1 0.20
1109 22 942 546 313 111 -1 -1 -1 -1 label : spot-1 0.19
1110 22 937 546 329 111 -1 -1 -1 -1 label : spot-1 0.26
1111 22 937 545 332 112 -1 -1 -1 -1 label : spot-1 0.26
