105 1 795 417 109 53 -1 -1 -1 -1 label : spot-0.54
106 1 796 416 112 56 -1 -1 -1 -1 label : spot-0.54
107 1 790 416 130 54 -1 -1 -1 -1 label : spot-0.41
111 1 796 415 141 61 -1 -1 -1 -1 label : spot-0.46
112 1 796 414 147 63 -1 -1 -1 -1 label : spot-0.45
113 1 798 415 155 65 -1 -1 -1 -1 label : spot-0.49
114 1 799 415 157 66 -1 -1 -1 -1 label : spot-0.49
115 1 792 419 182 63 -1 -1 -1 -1 label : spot-0.51
116 1 795 420 180 62 -1 -1 -1 -1 label : spot-0.51
117 1 797 422 187 62 -1 -1 -1 -1 label : spot-0.48
118 1 799 423 186 63 -1 -1 -1 -1 label : spot-0.48
119 1 827 422 165 66 -1 -1 -1 -1 label : spot-0.48
120 1 832 420 167 69 -1 -1 -1 -1 label : spot-0.48
121 1 840 422 175 72 -1 -1 -1 -1 label : spot-0.51
122 1 842 422 179 74 -1 -1 -1 -1 label : spot-0.51
123 1 829 426 209 72 -1 -1 -1 -1 label : spot-0.48
124 1 830 427 206 71 -1 -1 -1 -1 label : spot-0.47
125 1 813 429 241 76 -1 -1 -1 -1 label : spot-0.51
126 1 805 430 251 77 -1 -1 -1 -1 label : spot-0.52
127 1 795 430 281 80 -1 -1 -1 -1 label : spot-0.56
128 1 794 431 287 79 -1 -1 -1 -1 label : spot-0.57
129 1 808 431 277 81 -1 -1 -1 -1 label : spot-0.46
130 1 810 432 278 81 -1 -1 -1 -1 label : spot-0.46
131 1 816 434 294 82 -1 -1 -1 -1 label : spot-0.46
132 1 822 435 293 82 -1 -1 -1 -1 label : spot-0.45
133 1 825 435 317 84 -1 -1 -1 -1 label : spot-0.48
134 1 831 435 316 85 -1 -1 -1 -1 label : spot-0.48
135 1 829 437 342 86 -1 -1 -1 -1 label : spot-0.53
136 1 836 438 339 86 -1 -1 -1 -1 label : spot-0.53
243 4 86 317 20 53 -1 -1 -1 -1 label : fireHydrant 0.47
244 4 84 316 21 56 -1 -1 -1 -1 label : fireHydrant 0.47
245 4 82 317 20 56 -1 -1 -1 -1 label : fireHydrant 0.41
246 4 81 317 20 56 -1 -1 -1 -1 label : fireHydrant 0.41
249 4 75 320 20 54 -1 -1 -1 -1 label : fireHydrant 0.46
250 4 73 321 19 54 -1 -1 -1 -1 label : fireHydrant 0.46
255 6 302 307 14 41 -1 -1 -1 -1 label : fireHydrant 0.43
256 6 303 308 14 41 -1 -1 -1 -1 label : fireHydrant 0.42
263 6 287 309 15 44 -1 -1 -1 -1 label : fireHydrant 0.66
264 6 282 310 15 44 -1 -1 -1 -1 label : fireHydrant 0.66
265 6 283 309 17 44 -1 -1 -1 -1 label : fireHydrant 0.47
266 6 284 309 17 44 -1 -1 -1 -1 label : fireHydrant 0.47
267 6 285 309 16 43 -1 -1 -1 -1 label : fireHydrant 0.52
268 6 285 309 17 43 -1 -1 -1 -1 label : fireHydrant 0.52
275 6 277 306 19 44 -1 -1 -1 -1 label : fireHydrant 0.41
276 6 275 305 19 44 -1 -1 -1 -1 label : fireHydrant 0.41
277 6 275 303 15 46 -1 -1 -1 -1 label : fireHydrant 0.49
278 6 275 302 15 47 -1 -1 -1 -1 label : fireHydrant 0.51
279 6 272 302 17 48 -1 -1 -1 -1 label : fireHydrant 0.55
280 6 272 302 17 48 -1 -1 -1 -1 label : fireHydrant 0.54
