68 5 194 495 230 45 -1 -1 -1 -1 label : invalidSpot-entrance 0.43
69 5 176 493 251 49 -1 -1 -1 -1 label : invalidSpot-entrance 0.46
70 5 152 498 265 47 -1 -1 -1 -1 label : invalidSpot-entrance 0.42
71 5 142 498 265 53 -1 -1 -1 -1 label : invalidSpot-entrance 0.46
72 5 119 496 285 64 -1 -1 -1 -1 label : invalidSpot-entrance 0.47
73 5 96 497 309 69 -1 -1 -1 -1 label : invalidSpot-entrance 0.49
90 6 0 519 326 141 -1 -1 -1 -1 label : spot-1 0.43
91 6 1 522 302 142 -1 -1 -1 -1 label : spot-1 0.43
92 6 0 524 293 138 -1 -1 -1 -1 label : spot-1 0.46
93 6 0 529 285 124 -1 -1 -1 -1 label : spot-1 0.43
136 7 761 481 210 102 -1 -1 -1 -1 label : spot-1 0.52
137 7 762 481 228 95 -1 -1 -1 -1 label : spot-1 0.45
139 7 774 485 241 99 -1 -1 -1 -1 label : spot-1 0.52
140 7 771 489 271 90 -1 -1 -1 -1 label : spot-1 0.46
141 7 776 491 283 82 -1 -1 -1 -1 label : spot-1 0.56
142 7 779 494 301 74 -1 -1 -1 -1 label : spot-1 0.59
143 7 789 496 306 69 -1 -1 -1 -1 label : spot-1 0.63
144 7 796 497 317 71 -1 -1 -1 -1 label : spot-1 0.65
145 7 801 500 335 77 -1 -1 -1 -1 label : spot-1 0.63
145 9 362 448 119 23 -1 -1 -1 -1 label : invalidSpot-entrance 0.44
146 7 805 501 361 81 -1 -1 -1 -1 label : spot-1 0.64
147 7 810 503 384 88 -1 -1 -1 -1 label : spot-1 0.66
148 7 808 507 424 92 -1 -1 -1 -1 label : spot-1 0.54
149 7 820 511 442 105 -1 -1 -1 -1 label : spot-1 0.48
150 7 854 514 413 117 -1 -1 -1 -1 label : spot-1 0.43
151 7 836 515 443 122 -1 -1 -1 -1 label : spot-1 0.50
152 7 840 517 439 120 -1 -1 -1 -1 label : spot-1 0.61
153 7 832 518 447 117 -1 -1 -1 -1 label : spot-1 0.67
154 7 842 521 437 112 -1 -1 -1 -1 label : spot-1 0.67
155 7 847 525 432 115 -1 -1 -1 -1 label : spot-1 0.70
156 7 850 526 429 115 -1 -1 -1 -1 label : spot-1 0.71
157 7 855 529 424 115 -1 -1 -1 -1 label : spot-1 0.68
157 9 292 457 174 38 -1 -1 -1 -1 label : invalidSpot-entrance 0.42
158 7 861 532 418 114 -1 -1 -1 -1 label : spot-1 0.64
159 7 871 532 408 117 -1 -1 -1 -1 label : spot-1 0.54
160 7 873 533 406 115 -1 -1 -1 -1 label : spot-1 0.55
161 7 879 535 400 111 -1 -1 -1 -1 label : spot-1 0.53
162 7 891 538 388 114 -1 -1 -1 -1 label : spot-1 0.58
163 7 893 540 386 115 -1 -1 -1 -1 label : spot-1 0.53
164 7 927 542 334 148 -1 -1 -1 -1 label : spot-1 0.42
165 7 921 544 353 162 -1 -1 -1 -1 label : spot-1 0.46
166 7 919 547 360 168 -1 -1 -1 -1 label : spot-1 0.47
168 7 924 550 355 168 -1 -1 -1 -1 label : spot-1 0.42
