33 1 187 400 98 32 -1 -1 -1 -1 label : spot-0.42
34 1 186 401 98 31 -1 -1 -1 -1 label : spot-0.42
35 1 178 401 102 31 -1 -1 -1 -1 label : spot-0.37
36 1 177 401 101 31 -1 -1 -1 -1 label : spot-0.37
41 2 1106 438 82 46 -1 -1 -1 -1 label : invalidSpot-entrance 0.48
42 2 1108 439 83 46 -1 -1 -1 -1 label : invalidSpot-entrance 0.47
43 2 1109 438 87 47 -1 -1 -1 -1 label : invalidSpot-entrance 0.44
44 2 1109 438 88 47 -1 -1 -1 -1 label : invalidSpot-entrance 0.44
45 2 1110 438 104 45 -1 -1 -1 -1 label : invalidSpot-entrance 0.40
46 2 1113 438 103 45 -1 -1 -1 -1 label : invalidSpot-entrance 0.41
47 2 1120 438 95 45 -1 -1 -1 -1 label : invalidSpot-entrance 0.45
48 2 1121 438 95 44 -1 -1 -1 -1 label : invalidSpot-entrance 0.44
49 2 1125 438 93 45 -1 -1 -1 -1 label : invalidSpot-entrance 0.40
50 2 1126 437 93 46 -1 -1 -1 -1 label : invalidSpot-entrance 0.40
51 2 1132 436 112 47 -1 -1 -1 -1 label : invalidSpot-entrance 0.44
52 2 1138 436 113 47 -1 -1 -1 -1 label : invalidSpot-entrance 0.45
53 2 1141 435 121 48 -1 -1 -1 -1 label : invalidSpot-entrance 0.49
54 2 1144 434 121 48 -1 -1 -1 -1 label : invalidSpot-entrance 0.49
55 2 1151 433 122 51 -1 -1 -1 -1 label : invalidSpot-entrance 0.40
56 2 1152 432 125 53 -1 -1 -1 -1 label : invalidSpot-entrance 0.40
57 1 65 400 144 36 -1 -1 -1 -1 label : spot-0.48
57 2 1163 430 114 55 -1 -1 -1 -1 label : invalidSpot-entrance 0.33
58 1 63 399 145 38 -1 -1 -1 -1 label : spot-0.47
58 2 1165 430 114 55 -1 -1 -1 -1 label : invalidSpot-entrance 0.34
59 1 58 399 147 38 -1 -1 -1 -1 label : spot-0.49
60 2 1176 431 103 57 -1 -1 -1 -1 label : invalidSpot-entrance 0.50
61 2 1186 431 93 56 -1 -1 -1 -1 label : invalidSpot-entrance 0.43
62 2 1188 430 91 57 -1 -1 -1 -1 label : invalidSpot-entrance 0.43
63 2 1195 432 84 58 -1 -1 -1 -1 label : invalidSpot-entrance 0.39
64 2 1196 433 83 59 -1 -1 -1 -1 label : invalidSpot-entrance 0.38
67 2 1223 437 53 58 -1 -1 -1 -1 label : invalidSpot-entrance 0.37
68 2 1227 439 52 56 -1 -1 -1 -1 label : invalidSpot-entrance 0.37
123 3 324 346 171 33 -1 -1 -1 -1 label : spot-2 0.33
124 3 323 345 173 35 -1 -1 -1 -1 label : spot-2 0.33
125 3 321 346 174 35 -1 -1 -1 -1 label : spot-2 0.38
126 3 319 346 176 36 -1 -1 -1 -1 label : spot-2 0.38
127 3 316 346 180 37 -1 -1 -1 -1 label : spot-2 0.48
128 3 316 346 179 38 -1 -1 -1 -1 label : spot-2 0.48
129 3 311 347 183 37 -1 -1 -1 -1 label : spot-2 0.41
130 3 310 347 179 37 -1 -1 -1 -1 label : spot-2 0.41
131 3 306 347 186 38 -1 -1 -1 -1 label : spot-2 0.49
132 3 304 347 190 39 -1 -1 -1 -1 label : spot-2 0.49
133 3 301 347 191 39 -1 -1 -1 -1 label : spot-2 0.38
134 3 300 347 191 40 -1 -1 -1 -1 label : spot-2 0.37
135 3 297 348 196 39 -1 -1 -1 -1 label : spot-2 0.39
136 3 297 348 196 39 -1 -1 -1 -1 label : spot-2 0.39
137 3 293 348 200 38 -1 -1 -1 -1 label : spot-2 0.37
138 3 294 348 196 38 -1 -1 -1 -1 label : spot-2 0.37
139 3 289 347 202 39 -1 -1 -1 -1 label : spot-2 0.37
140 3 288 347 203 39 -1 -1 -1 -1 label : spot-2 0.37
141 3 284 347 202 38 -1 -1 -1 -1 label : spot-2 0.38
142 3 283 347 201 38 -1 -1 -1 -1 label : spot-2 0.38
143 3 280 347 203 38 -1 -1 -1 -1 label : spot-2 0.37
144 3 279 348 204 37 -1 -1 -1 -1 label : spot-2 0.37
145 3 275 346 213 40 -1 -1 -1 -1 label : spot-2 0.42
146 3 275 345 213 41 -1 -1 -1 -1 label : spot-2 0.42
149 3 265 345 224 40 -1 -1 -1 -1 label : spot-2 0.34
150 3 263 344 224 41 -1 -1 -1 -1 label : spot-2 0.34
161 3 235 346 244 42 -1 -1 -1 -1 label : spot-2 0.30
163 3 223 346 256 44 -1 -1 -1 -1 label : spot-2 0.34
164 3 218 346 260 44 -1 -1 -1 -1 label : spot-2 0.34
165 3 211 345 268 46 -1 -1 -1 -1 label : spot-2 0.37
166 3 209 345 270 47 -1 -1 -1 -1 label : spot-2 0.37
171 3 195 345 281 53 -1 -1 -1 -1 label : spot-2 0.45
172 3 186 345 294 55 -1 -1 -1 -1 label : spot-2 0.45
173 3 178 345 304 56 -1 -1 -1 -1 label : spot-2 0.53
174 3 176 345 306 57 -1 -1 -1 -1 label : spot-2 0.53
175 3 169 347 312 54 -1 -1 -1 -1 label : spot-2 0.45
176 3 170 347 307 54 -1 -1 -1 -1 label : spot-2 0.46
177 3 166 347 310 56 -1 -1 -1 -1 label : spot-2 0.51
178 3 163 348 314 56 -1 -1 -1 -1 label : spot-2 0.51
179 3 158 348 320 57 -1 -1 -1 -1 label : spot-2 0.55
180 3 157 348 321 57 -1 -1 -1 -1 label : spot-2 0.57
181 3 150 347 327 60 -1 -1 -1 -1 label : spot-2 0.62
182 3 146 347 331 61 -1 -1 -1 -1 label : spot-2 0.63
183 3 139 347 340 62 -1 -1 -1 -1 label : spot-2 0.57
184 3 137 347 343 62 -1 -1 -1 -1 label : spot-2 0.57
185 3 120 347 363 61 -1 -1 -1 -1 label : spot-2 0.47
186 3 119 347 360 61 -1 -1 -1 -1 label : spot-2 0.48
187 3 112 349 366 60 -1 -1 -1 -1 label : spot-2 0.46
187 4 982 393 177 64 -1 -1 -1 -1 label : spot-1 0.36
188 3 111 349 365 60 -1 -1 -1 -1 label : spot-2 0.45
188 4 985 394 177 64 -1 -1 -1 -1 label : spot-1 0.35
189 3 107 350 369 61 -1 -1 -1 -1 label : spot-2 0.43
189 4 992 394 180 66 -1 -1 -1 -1 label : spot-1 0.41
190 3 104 350 373 62 -1 -1 -1 -1 label : spot-2 0.43
190 4 994 394 182 67 -1 -1 -1 -1 label : spot-1 0.40
191 3 91 352 386 61 -1 -1 -1 -1 label : spot-2 0.50
191 4 1001 395 181 67 -1 -1 -1 -1 label : spot-1 0.42
192 3 89 352 386 62 -1 -1 -1 -1 label : spot-2 0.50
192 4 1003 395 181 67 -1 -1 -1 -1 label : spot-1 0.42
193 3 79 352 396 62 -1 -1 -1 -1 label : spot-2 0.53
193 4 1010 395 188 68 -1 -1 -1 -1 label : spot-1 0.40
194 3 77 352 398 63 -1 -1 -1 -1 label : spot-2 0.52
194 4 1014 396 188 68 -1 -1 -1 -1 label : spot-1 0.39
195 3 64 352 411 63 -1 -1 -1 -1 label : spot-2 0.50
195 4 1052 397 154 66 -1 -1 -1 -1 label : spot-1 0.39
196 3 63 353 411 63 -1 -1 -1 -1 label : spot-2 0.51
196 4 1059 398 153 64 -1 -1 -1 -1 label : spot-1 0.40
197 3 48 353 426 62 -1 -1 -1 -1 label : spot-2 0.42
197 4 1099 398 122 65 -1 -1 -1 -1 label : spot-1 0.31
198 3 45 353 427 62 -1 -1 -1 -1 label : spot-2 0.41
198 4 1107 398 124 65 -1 -1 -1 -1 label : spot-1 0.33
199 3 39 353 432 62 -1 -1 -1 -1 label : spot-2 0.37
200 4 1105 402 146 67 -1 -1 -1 -1 label : spot-1 0.37
201 3 22 359 443 61 -1 -1 -1 -1 label : spot-2 0.48
201 4 1116 405 152 64 -1 -1 -1 -1 label : spot-1 0.33
202 3 22 359 440 62 -1 -1 -1 -1 label : spot-2 0.48
202 4 1121 406 151 63 -1 -1 -1 -1 label : spot-1 0.33
203 3 18 358 447 65 -1 -1 -1 -1 label : spot-2 0.38
203 4 1105 409 174 73 -1 -1 -1 -1 label : spot-1 0.34
204 3 12 358 458 66 -1 -1 -1 -1 label : spot-2 0.39
204 4 1099 411 180 75 -1 -1 -1 -1 label : spot-1 0.35
205 3 6 358 465 68 -1 -1 -1 -1 label : spot-2 0.43
206 4 1111 411 168 79 -1 -1 -1 -1 label : spot-1 0.43
207 4 1126 411 153 81 -1 -1 -1 -1 label : spot-1 0.40
208 4 1128 411 151 81 -1 -1 -1 -1 label : spot-1 0.40
209 4 1111 412 168 83 -1 -1 -1 -1 label : spot-1 0.32
210 4 1105 413 174 83 -1 -1 -1 -1 label : spot-1 0.33
211 3 2 355 472 68 -1 -1 -1 -1 label : spot-2 0.32
211 4 1095 414 184 88 -1 -1 -1 -1 label : spot-1 0.32
212 3 1 355 474 68 -1 -1 -1 -1 label : spot-2 0.32
212 4 1091 414 188 90 -1 -1 -1 -1 label : spot-1 0.32
213 3 5 352 476 67 -1 -1 -1 -1 label : spot-2 0.30
214 3 6 352 477 66 -1 -1 -1 -1 label : spot-2 0.31
215 3 5 353 474 67 -1 -1 -1 -1 label : spot-2 0.35
216 3 4 354 474 66 -1 -1 -1 -1 label : spot-2 0.35
223 3 2 355 476 66 -1 -1 -1 -1 label : spot-2 0.48
224 3 2 355 475 66 -1 -1 -1 -1 label : spot-2 0.48
225 3 1 355 476 66 -1 -1 -1 -1 label : spot-2 0.44
226 3 1 355 476 66 -1 -1 -1 -1 label : spot-2 0.45
227 3 1 355 474 65 -1 -1 -1 -1 label : spot-2 0.36
228 3 2 355 472 65 -1 -1 -1 -1 label : spot-2 0.36
229 3 4 355 468 67 -1 -1 -1 -1 label : spot-2 0.41
229 5 809 351 81 23 -1 -1 -1 -1 label : spot-1 0.34
230 3 2 354 472 68 -1 -1 -1 -1 label : spot-2 0.41
230 5 810 352 81 23 -1 -1 -1 -1 label : spot-1 0.34
231 3 1 356 476 68 -1 -1 -1 -1 label : spot-2 0.45
231 5 810 352 81 24 -1 -1 -1 -1 label : spot-1 0.34
232 3 1 356 476 68 -1 -1 -1 -1 label : spot-2 0.45
232 5 810 353 82 24 -1 -1 -1 -1 label : spot-1 0.34
233 3 0 355 478 68 -1 -1 -1 -1 label : spot-2 0.42
234 3 1 355 476 67 -1 -1 -1 -1 label : spot-2 0.42
235 3 3 354 469 67 -1 -1 -1 -1 label : spot-2 0.42
235 5 810 352 87 25 -1 -1 -1 -1 label : spot-1 0.32
236 3 3 354 469 67 -1 -1 -1 -1 label : spot-2 0.40
236 5 811 352 87 25 -1 -1 -1 -1 label : spot-1 0.32
237 3 6 353 461 70 -1 -1 -1 -1 label : spot-2 0.44
237 5 808 353 92 24 -1 -1 -1 -1 label : spot-1 0.31
238 3 2 354 468 70 -1 -1 -1 -1 label : spot-2 0.43
238 5 810 353 89 24 -1 -1 -1 -1 label : spot-1 0.31
239 3 0 353 469 69 -1 -1 -1 -1 label : spot-2 0.48
240 3 0 353 467 68 -1 -1 -1 -1 label : spot-2 0.49
241 3 5 354 458 70 -1 -1 -1 -1 label : spot-2 0.40
242 3 2 355 465 70 -1 -1 -1 -1 label : spot-2 0.40
243 3 2 355 463 70 -1 -1 -1 -1 label : spot-2 0.38
244 3 3 355 461 70 -1 -1 -1 -1 label : spot-2 0.38
245 3 9 355 451 70 -1 -1 -1 -1 label : spot-2 0.37
246 3 9 355 453 70 -1 -1 -1 -1 label : spot-2 0.37
247 3 53 354 401 69 -1 -1 -1 -1 label : spot-2 0.40
248 3 60 354 399 68 -1 -1 -1 -1 label : spot-2 0.40
249 3 19 354 448 71 -1 -1 -1 -1 label : spot-2 0.38
250 3 7 353 459 72 -1 -1 -1 -1 label : spot-2 0.37
251 3 2 353 463 71 -1 -1 -1 -1 label : spot-2 0.38
252 3 1 353 464 70 -1 -1 -1 -1 label : spot-2 0.39
253 3 5 352 453 73 -1 -1 -1 -1 label : spot-2 0.35
254 3 3 352 457 73 -1 -1 -1 -1 label : spot-2 0.34
255 3 2 353 453 74 -1 -1 -1 -1 label : spot-2 0.39
256 3 0 353 455 74 -1 -1 -1 -1 label : spot-2 0.39
257 3 0 354 451 72 -1 -1 -1 -1 label : spot-2 0.38
258 3 0 354 447 71 -1 -1 -1 -1 label : spot-2 0.38
259 3 0 354 448 70 -1 -1 -1 -1 label : spot-2 0.44
260 3 1 355 446 69 -1 -1 -1 -1 label : spot-2 0.44
261 3 5 355 434 70 -1 -1 -1 -1 label : spot-2 0.43
262 3 3 355 437 70 -1 -1 -1 -1 label : spot-2 0.43
263 3 3 355 436 70 -1 -1 -1 -1 label : spot-2 0.44
264 3 2 355 437 71 -1 -1 -1 -1 label : spot-2 0.44
265 3 3 355 434 72 -1 -1 -1 -1 label : spot-2 0.34
266 3 2 355 437 72 -1 -1 -1 -1 label : spot-2 0.35
267 3 0 356 436 71 -1 -1 -1 -1 label : spot-2 0.31
268 3 2 356 431 71 -1 -1 -1 -1 label : spot-2 0.32
269 3 7 355 419 73 -1 -1 -1 -1 label : spot-2 0.39
270 3 4 354 424 74 -1 -1 -1 -1 label : spot-2 0.39
271 3 0 356 433 71 -1 -1 -1 -1 label : spot-2 0.31
272 3 1 357 429 70 -1 -1 -1 -1 label : spot-2 0.31
273 3 6 356 420 73 -1 -1 -1 -1 label : spot-2 0.37
274 3 3 355 426 75 -1 -1 -1 -1 label : spot-2 0.36
275 3 4 354 426 78 -1 -1 -1 -1 label : spot-2 0.32
276 3 1 354 432 79 -1 -1 -1 -1 label : spot-2 0.32
277 3 1 353 432 81 -1 -1 -1 -1 label : spot-2 0.35
278 3 0 353 435 80 -1 -1 -1 -1 label : spot-2 0.35
281 3 6 354 410 83 -1 -1 -1 -1 label : spot-2 0.36
282 3 1 354 416 85 -1 -1 -1 -1 label : spot-2 0.36
283 3 0 354 424 81 -1 -1 -1 -1 label : spot-2 0.33
284 3 0 354 422 80 -1 -1 -1 -1 label : spot-2 0.34
285 3 2 354 418 84 -1 -1 -1 -1 label : spot-2 0.39
286 3 0 354 422 85 -1 -1 -1 -1 label : spot-2 0.37
287 3 0 353 422 84 -1 -1 -1 -1 label : spot-2 0.33
288 3 1 353 418 84 -1 -1 -1 -1 label : spot-2 0.35
289 3 0 352 422 85 -1 -1 -1 -1 label : spot-2 0.41
290 3 0 352 421 85 -1 -1 -1 -1 label : spot-2 0.41
291 3 0 352 430 81 -1 -1 -1 -1 label : spot-2 0.37
292 3 0 353 428 78 -1 -1 -1 -1 label : spot-2 0.37
293 3 5 355 408 79 -1 -1 -1 -1 label : spot-2 0.35
294 3 2 355 413 80 -1 -1 -1 -1 label : spot-2 0.35
295 3 2 355 409 79 -1 -1 -1 -1 label : spot-2 0.34
296 3 0 355 411 79 -1 -1 -1 -1 label : spot-2 0.35
297 3 4 358 392 80 -1 -1 -1 -1 label : spot-2 0.39
298 3 1 359 395 80 -1 -1 -1 -1 label : spot-2 0.39
299 3 2 360 395 83 -1 -1 -1 -1 label : spot-2 0.34
300 3 0 360 401 84 -1 -1 -1 -1 label : spot-2 0.35
301 3 2 355 406 89 -1 -1 -1 -1 label : spot-2 0.36
302 3 0 353 413 90 -1 -1 -1 -1 label : spot-2 0.36
303 3 0 357 411 85 -1 -1 -1 -1 label : spot-2 0.33
304 3 0 359 405 83 -1 -1 -1 -1 label : spot-2 0.33
307 3 0 354 408 83 -1 -1 -1 -1 label : spot-2 0.32
308 3 1 352 407 83 -1 -1 -1 -1 label : spot-2 0.32
311 3 5 351 388 85 -1 -1 -1 -1 label : spot-2 0.31
313 3 0 350 398 82 -1 -1 -1 -1 label : spot-2 0.41
314 3 0 349 396 82 -1 -1 -1 -1 label : spot-2 0.41
315 3 1 349 384 81 -1 -1 -1 -1 label : spot-2 0.35
316 3 0 349 384 81 -1 -1 -1 -1 label : spot-2 0.34
317 3 8 348 361 88 -1 -1 -1 -1 label : spot-2 0.35
318 3 1 347 372 91 -1 -1 -1 -1 label : spot-2 0.36
319 3 0 348 378 86 -1 -1 -1 -1 label : spot-2 0.41
320 3 0 348 375 84 -1 -1 -1 -1 label : spot-2 0.42
321 3 1 349 365 85 -1 -1 -1 -1 label : spot-2 0.37
322 3 0 349 366 86 -1 -1 -1 -1 label : spot-2 0.37
323 3 0 350 362 85 -1 -1 -1 -1 label : spot-2 0.41
324 3 0 350 361 83 -1 -1 -1 -1 label : spot-2 0.41
325 3 0 350 356 81 -1 -1 -1 -1 label : spot-2 0.34
326 3 0 350 353 79 -1 -1 -1 -1 label : spot-2 0.33
327 3 0 349 353 80 -1 -1 -1 -1 label : spot-2 0.44
328 3 0 349 353 80 -1 -1 -1 -1 label : spot-2 0.43
329 3 0 350 363 80 -1 -1 -1 -1 label : spot-2 0.38
330 3 0 350 367 80 -1 -1 -1 -1 label : spot-2 0.38
331 3 1 352 361 79 -1 -1 -1 -1 label : spot-2 0.38
332 3 0 352 363 80 -1 -1 -1 -1 label : spot-2 0.38
333 3 0 354 367 80 -1 -1 -1 -1 label : spot-2 0.51
334 3 0 354 369 80 -1 -1 -1 -1 label : spot-2 0.52
335 3 4 355 358 84 -1 -1 -1 -1 label : spot-2 0.49
335 9 860 363 359 85 -1 -1 -1 -1 label : spot-2 0.31
336 3 0 356 366 84 -1 -1 -1 -1 label : spot-2 0.48
336 9 859 362 363 87 -1 -1 -1 -1 label : spot-2 0.31
339 3 0 357 351 79 -1 -1 -1 -1 label : spot-2 0.33
339 9 860 363 388 87 -1 -1 -1 -1 label : spot-2 0.31
340 3 0 358 343 76 -1 -1 -1 -1 label : spot-2 0.34
340 9 864 363 389 89 -1 -1 -1 -1 label : spot-2 0.31
341 3 0 358 341 77 -1 -1 -1 -1 label : spot-2 0.34
342 9 867 361 412 95 -1 -1 -1 -1 label : spot-2 0.35
345 3 1 359 325 79 -1 -1 -1 -1 label : spot-2 0.41
345 9 878 361 397 103 -1 -1 -1 -1 label : spot-2 0.35
346 3 0 359 326 79 -1 -1 -1 -1 label : spot-2 0.40
346 9 872 360 407 107 -1 -1 -1 -1 label : spot-2 0.35
347 3 0 360 328 81 -1 -1 -1 -1 label : spot-2 0.33
348 3 0 361 328 80 -1 -1 -1 -1 label : spot-2 0.33
349 3 0 361 332 82 -1 -1 -1 -1 label : spot-2 0.39
349 9 873 361 406 103 -1 -1 -1 -1 label : spot-2 0.37
350 3 0 361 333 83 -1 -1 -1 -1 label : spot-2 0.38
350 9 875 361 404 103 -1 -1 -1 -1 label : spot-2 0.37
351 3 3 360 323 86 -1 -1 -1 -1 label : spot-2 0.39
351 9 878 364 401 100 -1 -1 -1 -1 label : spot-2 0.36
352 3 0 360 329 87 -1 -1 -1 -1 label : spot-2 0.39
352 9 881 365 398 99 -1 -1 -1 -1 label : spot-2 0.36
353 3 0 360 340 73 -1 -1 -1 -1 label : spot-2 0.33
354 3 0 360 327 68 -1 -1 -1 -1 label : spot-2 0.33
355 3 2 360 314 69 -1 -1 -1 -1 label : spot-2 0.31
356 3 0 360 320 68 -1 -1 -1 -1 label : spot-2 0.30
357 3 3 360 311 69 -1 -1 -1 -1 label : spot-2 0.31
358 3 0 360 318 70 -1 -1 -1 -1 label : spot-2 0.30
359 3 3 361 302 70 -1 -1 -1 -1 label : spot-2 0.32
360 3 0 361 305 71 -1 -1 -1 -1 label : spot-2 0.32
361 3 0 364 308 72 -1 -1 -1 -1 label : spot-2 0.32
362 3 0 364 309 73 -1 -1 -1 -1 label : spot-2 0.32
363 3 4 365 301 78 -1 -1 -1 -1 label : spot-2 0.31
363 9 891 370 388 90 -1 -1 -1 -1 label : spot-2 0.30
364 3 1 366 307 79 -1 -1 -1 -1 label : spot-2 0.33
364 9 892 371 387 89 -1 -1 -1 -1 label : spot-2 0.32
365 3 0 366 307 80 -1 -1 -1 -1 label : spot-2 0.34
366 9 899 374 380 84 -1 -1 -1 -1 label : spot-2 0.34
371 9 915 374 356 92 -1 -1 -1 -1 label : spot-2 0.36
372 9 917 375 356 97 -1 -1 -1 -1 label : spot-2 0.35
373 9 904 373 375 94 -1 -1 -1 -1 label : spot-2 0.48
374 9 907 373 372 92 -1 -1 -1 -1 label : spot-2 0.49
375 9 914 374 365 93 -1 -1 -1 -1 label : spot-2 0.42
376 9 914 375 365 92 -1 -1 -1 -1 label : spot-2 0.42
377 9 923 375 352 97 -1 -1 -1 -1 label : spot-2 0.40
378 9 920 376 359 97 -1 -1 -1 -1 label : spot-2 0.41
379 9 912 375 367 91 -1 -1 -1 -1 label : spot-2 0.40
380 9 917 375 362 88 -1 -1 -1 -1 label : spot-2 0.41
381 9 921 375 358 88 -1 -1 -1 -1 label : spot-2 0.54
382 9 920 375 359 88 -1 -1 -1 -1 label : spot-2 0.54
383 9 925 376 354 89 -1 -1 -1 -1 label : spot-2 0.50
384 9 926 376 353 90 -1 -1 -1 -1 label : spot-2 0.51
385 9 929 376 348 92 -1 -1 -1 -1 label : spot-2 0.52
386 9 928 375 350 95 -1 -1 -1 -1 label : spot-2 0.51
387 9 924 376 355 93 -1 -1 -1 -1 label : spot-2 0.38
388 9 925 376 354 91 -1 -1 -1 -1 label : spot-2 0.39
389 9 934 377 340 97 -1 -1 -1 -1 label : spot-2 0.47
390 9 930 377 348 100 -1 -1 -1 -1 label : spot-2 0.48
391 9 937 379 341 101 -1 -1 -1 -1 label : spot-2 0.44
392 9 937 379 342 101 -1 -1 -1 -1 label : spot-2 0.45
393 9 936 380 343 100 -1 -1 -1 -1 label : spot-2 0.40
394 9 937 381 342 99 -1 -1 -1 -1 label : spot-2 0.40
401 9 947 382 332 97 -1 -1 -1 -1 label : spot-2 0.38
402 9 950 383 329 96 -1 -1 -1 -1 label : spot-2 0.39
417 11 989 393 287 82 -1 -1 -1 -1 label : spot-1 0.39
418 11 987 394 292 82 -1 -1 -1 -1 label : spot-1 0.39
419 11 990 395 289 80 -1 -1 -1 -1 label : spot-1 0.42
420 11 992 396 287 79 -1 -1 -1 -1 label : spot-1 0.42
421 11 993 395 285 81 -1 -1 -1 -1 label : spot-1 0.43
