83 7 629 333 120 37 -1 -1 -1 -1 label : spot-2 0.47
84 7 631 335 122 39 -1 -1 -1 -1 label : spot-2 0.53
85 7 631 337 128 39 -1 -1 -1 -1 label : spot-2 0.46
86 7 632 338 133 38 -1 -1 -1 -1 label : spot-2 0.47
87 7 637 339 133 41 -1 -1 -1 -1 label : spot-2 0.50
88 7 637 340 142 42 -1 -1 -1 -1 label : spot-2 0.66
89 7 639 341 147 46 -1 -1 -1 -1 label : spot-2 0.72
90 7 636 342 160 45 -1 -1 -1 -1 label : spot-2 0.73
91 7 639 343 164 49 -1 -1 -1 -1 label : spot-2 0.75
92 7 640 344 171 53 -1 -1 -1 -1 label : spot-2 0.75
93 7 635 344 191 52 -1 -1 -1 -1 label : spot-2 0.71
94 7 638 344 199 53 -1 -1 -1 -1 label : spot-2 0.74
95 7 642 343 206 55 -1 -1 -1 -1 label : spot-2 0.74
96 7 643 341 217 59 -1 -1 -1 -1 label : spot-2 0.72
97 7 641 339 237 63 -1 -1 -1 -1 label : spot-2 0.67
98 7 644 338 247 65 -1 -1 -1 -1 label : spot-2 0.65
99 7 645 338 268 67 -1 -1 -1 -1 label : spot-2 0.67
100 7 646 338 286 70 -1 -1 -1 -1 label : spot-2 0.60
101 7 649 339 306 75 -1 -1 -1 -1 label : spot-2 0.61
102 7 651 339 326 81 -1 -1 -1 -1 label : spot-2 0.68
103 7 654 342 347 90 -1 -1 -1 -1 label : spot-2 0.66
104 7 662 344 368 105 -1 -1 -1 -1 label : spot-2 0.68
105 7 656 347 419 113 -1 -1 -1 -1 label : spot-2 0.63
106 7 660 349 463 124 -1 -1 -1 -1 label : spot-2 0.52
107 7 657 351 518 135 -1 -1 -1 -1 label : spot-2 0.57
108 7 659 351 564 149 -1 -1 -1 -1 label : spot-2 0.56
109 7 667 355 593 166 -1 -1 -1 -1 label : spot-2 0.48
110 7 669 355 607 177 -1 -1 -1 -1 label : spot-2 0.51
111 7 671 355 608 188 -1 -1 -1 -1 label : spot-2 0.52
112 7 665 355 614 190 -1 -1 -1 -1 label : spot-2 0.59
113 7 666 354 613 191 -1 -1 -1 -1 label : spot-2 0.57
114 7 662 354 617 187 -1 -1 -1 -1 label : spot-2 0.56
115 7 664 355 615 186 -1 -1 -1 -1 label : spot-2 0.58
116 7 672 355 607 191 -1 -1 -1 -1 label : spot-2 0.63
117 7 671 355 608 191 -1 -1 -1 -1 label : spot-2 0.65
118 7 673 355 606 192 -1 -1 -1 -1 label : spot-2 0.64
119 7 674 355 605 190 -1 -1 -1 -1 label : spot-2 0.66
120 7 680 355 599 194 -1 -1 -1 -1 label : spot-2 0.63
121 7 672 355 607 188 -1 -1 -1 -1 label : spot-2 0.62
122 7 678 355 601 183 -1 -1 -1 -1 label : spot-2 0.58
123 7 683 353 596 184 -1 -1 -1 -1 label : spot-2 0.64
124 7 688 354 591 185 -1 -1 -1 -1 label : spot-2 0.65
125 7 686 353 593 183 -1 -1 -1 -1 label : spot-2 0.52
126 7 687 355 592 174 -1 -1 -1 -1 label : spot-2 0.60
127 7 697 358 582 171 -1 -1 -1 -1 label : spot-2 0.60
128 7 693 359 586 162 -1 -1 -1 -1 label : spot-2 0.64
129 7 704 361 575 161 -1 -1 -1 -1 label : spot-2 0.66
130 7 710 364 566 162 -1 -1 -1 -1 label : spot-2 0.64
131 7 715 366 563 163 -1 -1 -1 -1 label : spot-2 0.66
132 7 718 368 560 165 -1 -1 -1 -1 label : spot-2 0.67
133 7 717 369 562 166 -1 -1 -1 -1 label : spot-2 0.71
134 7 721 371 558 167 -1 -1 -1 -1 label : spot-2 0.72
135 7 720 372 559 161 -1 -1 -1 -1 label : spot-2 0.71
136 7 730 373 549 160 -1 -1 -1 -1 label : spot-2 0.70
137 7 733 374 546 157 -1 -1 -1 -1 label : spot-2 0.73
138 7 737 374 542 151 -1 -1 -1 -1 label : spot-2 0.69
139 7 744 375 533 148 -1 -1 -1 -1 label : spot-2 0.70
140 7 753 376 522 148 -1 -1 -1 -1 label : spot-2 0.69
141 7 757 378 518 150 -1 -1 -1 -1 label : spot-2 0.68
142 7 767 381 505 154 -1 -1 -1 -1 label : spot-2 0.65
143 7 763 383 516 155 -1 -1 -1 -1 label : spot-2 0.65
144 7 773 386 506 154 -1 -1 -1 -1 label : spot-2 0.61
145 7 785 390 494 151 -1 -1 -1 -1 label : spot-2 0.59
146 7 795 394 483 151 -1 -1 -1 -1 label : spot-2 0.59
147 7 803 397 474 153 -1 -1 -1 -1 label : spot-2 0.57
148 7 812 401 467 152 -1 -1 -1 -1 label : spot-2 0.56
149 7 823 404 452 157 -1 -1 -1 -1 label : spot-2 0.51
154 7 841 418 438 128 -1 -1 -1 -1 label : spot-1 0.44
163 10 669 333 82 39 -1 -1 -1 -1 label : spot-1 0.46
164 10 676 332 80 41 -1 -1 -1 -1 label : spot-1 0.51
165 10 673 331 89 42 -1 -1 -1 -1 label : spot-1 0.53
166 10 676 332 90 42 -1 -1 -1 -1 label : spot-1 0.47
169 10 671 336 114 42 -1 -1 -1 -1 label : spot-1 0.47
177 10 678 348 162 44 -1 -1 -1 -1 label : spot-2 0.46
178 10 690 352 171 49 -1 -1 -1 -1 label : spot-2 0.56
179 7 705 356 185 75 -1 -1 -1 -1 label : spot-2 0.51
180 7 688 354 205 73 -1 -1 -1 -1 label : spot-2 0.57
181 7 689 355 214 68 -1 -1 -1 -1 label : spot-2 0.64
182 7 688 355 229 68 -1 -1 -1 -1 label : spot-2 0.70
183 7 691 355 240 71 -1 -1 -1 -1 label : spot-2 0.68
184 7 701 356 254 72 -1 -1 -1 -1 label : spot-2 0.68
185 7 710 356 268 82 -1 -1 -1 -1 label : spot-2 0.68
186 7 711 355 296 89 -1 -1 -1 -1 label : spot-2 0.67
187 7 709 356 324 103 -1 -1 -1 -1 label : spot-2 0.70
188 7 704 356 365 112 -1 -1 -1 -1 label : spot-2 0.58
189 7 701 356 416 114 -1 -1 -1 -1 label : spot-2 0.65
190 7 705 357 455 121 -1 -1 -1 -1 label : spot-2 0.60
191 7 715 359 490 134 -1 -1 -1 -1 label : spot-2 0.45
192 7 710 361 556 137 -1 -1 -1 -1 label : spot-2 0.48
193 7 720 364 556 144 -1 -1 -1 -1 label : spot-2 0.65
194 7 715 367 564 142 -1 -1 -1 -1 label : spot-2 0.67
195 7 733 370 544 152 -1 -1 -1 -1 label : spot-2 0.66
196 7 732 374 547 157 -1 -1 -1 -1 label : spot-2 0.65
197 7 731 377 548 159 -1 -1 -1 -1 label : spot-2 0.68
198 7 733 379 546 163 -1 -1 -1 -1 label : spot-2 0.69
199 7 726 381 553 161 -1 -1 -1 -1 label : spot-2 0.69
200 7 734 382 545 163 -1 -1 -1 -1 label : spot-2 0.70
201 7 731 384 548 158 -1 -1 -1 -1 label : spot-2 0.70
202 7 744 382 534 165 -1 -1 -1 -1 label : spot-2 0.71
203 7 742 381 537 164 -1 -1 -1 -1 label : spot-2 0.69
204 7 748 381 531 162 -1 -1 -1 -1 label : spot-2 0.65
205 7 750 382 529 154 -1 -1 -1 -1 label : spot-2 0.66
206 7 768 384 509 158 -1 -1 -1 -1 label : spot-2 0.66
207 7 768 387 511 156 -1 -1 -1 -1 label : spot-2 0.64
208 7 772 390 507 157 -1 -1 -1 -1 label : spot-2 0.62
209 7 778 394 501 154 -1 -1 -1 -1 label : spot-2 0.60
210 7 784 398 495 150 -1 -1 -1 -1 label : spot-2 0.62
211 7 792 401 487 149 -1 -1 -1 -1 label : spot-2 0.65
212 7 800 403 479 148 -1 -1 -1 -1 label : spot-2 0.59
213 7 809 407 470 148 -1 -1 -1 -1 label : spot-2 0.57
217 7 825 417 454 137 -1 -1 -1 -1 label : spot-1 0.54
218 7 844 422 435 134 -1 -1 -1 -1 label : spot-1 0.51
219 7 857 426 422 132 -1 -1 -1 -1 label : spot-1 0.50
220 7 863 429 416 131 -1 -1 -1 -1 label : spot-1 0.51
221 7 915 433 352 137 -1 -1 -1 -1 label : spot-1 0.51
222 7 943 438 330 138 -1 -1 -1 -1 label : spot-1 0.52
223 7 989 443 283 136 -1 -1 -1 -1 label : spot-1 0.49
258 12 657 378 399 103 -1 -1 -1 -1 label : invalidspot-coloredCurb 0.47
259 12 641 382 443 114 -1 -1 -1 -1 label : invalidspot-coloredCurb 0.48
272 15 974 334 49 90 -1 -1 -1 -1 label : fireHydrant 0.46
273 15 987 335 49 96 -1 -1 -1 -1 label : fireHydrant 0.52
274 15 999 338 53 99 -1 -1 -1 -1 label : fireHydrant 0.48
275 15 1012 340 54 99 -1 -1 -1 -1 label : fireHydrant 0.57
276 15 1023 338 57 105 -1 -1 -1 -1 label : fireHydrant 0.55
277 15 1036 342 59 105 -1 -1 -1 -1 label : fireHydrant 0.59
278 15 1050 343 61 108 -1 -1 -1 -1 label : fireHydrant 0.56
279 15 1068 344 56 109 -1 -1 -1 -1 label : fireHydrant 0.57
280 15 1081 346 61 113 -1 -1 -1 -1 label : fireHydrant 0.55
281 15 1094 347 66 118 -1 -1 -1 -1 label : fireHydrant 0.57
282 15 1113 351 64 114 -1 -1 -1 -1 label : fireHydrant 0.57
283 15 1127 352 69 120 -1 -1 -1 -1 label : fireHydrant 0.52
284 15 1143 354 73 124 -1 -1 -1 -1 label : fireHydrant 0.48
285 15 1157 356 74 126 -1 -1 -1 -1 label : fireHydrant 0.44
286 15 1185 357 70 130 -1 -1 -1 -1 label : fireHydrant 0.48
287 15 1200 358 71 133 -1 -1 -1 -1 label : fireHydrant 0.46
291 19 920 430 359 176 -1 -1 -1 -1 label : invalidspot-coloredCurb 0.52
292 19 929 434 350 167 -1 -1 -1 -1 label : invalidspot-coloredCurb 0.57
293 19 928 434 351 160 -1 -1 -1 -1 label : invalidspot-coloredCurb 0.60
294 19 937 436 339 163 -1 -1 -1 -1 label : invalidspot-coloredCurb 0.55
295 19 942 440 337 157 -1 -1 -1 -1 label : invalidspot-coloredCurb 0.55
296 19 948 440 328 163 -1 -1 -1 -1 label : invalidspot-coloredCurb 0.44
299 19 958 446 321 151 -1 -1 -1 -1 label : invalidspot-coloredCurb 0.50
300 19 971 451 308 142 -1 -1 -1 -1 label : invalidspot-coloredCurb 0.53
301 19 984 455 294 137 -1 -1 -1 -1 label : invalidspot-coloredCurb 0.60
302 19 995 459 283 134 -1 -1 -1 -1 label : invalidspot-coloredCurb 0.52
303 19 1009 462 265 138 -1 -1 -1 -1 label : invalidspot-coloredCurb 0.50
304 19 1016 465 263 136 -1 -1 -1 -1 label : invalidspot-coloredCurb 0.49
305 19 1028 470 251 133 -1 -1 -1 -1 label : invalidspot-coloredCurb 0.44
306 19 1038 471 240 133 -1 -1 -1 -1 label : invalidspot-coloredCurb 0.45
307 19 1052 476 226 131 -1 -1 -1 -1 label : invalidspot-coloredCurb 0.46
308 19 1053 480 226 119 -1 -1 -1 -1 label : invalidspot-coloredCurb 0.44
309 19 1067 484 212 113 -1 -1 -1 -1 label : invalidspot-coloredCurb 0.48
310 19 1078 489 200 112 -1 -1 -1 -1 label : invalidspot-coloredCurb 0.45
