143 3 788 496 306 69 -1 -1 -1 -1 label : spot-1 0.63
144 3 792 497 322 72 -1 -1 -1 -1 label : spot-1 0.65
145 3 797 500 341 78 -1 -1 -1 -1 label : spot-1 0.63
146 3 801 501 368 83 -1 -1 -1 -1 label : spot-1 0.64
147 3 807 503 390 90 -1 -1 -1 -1 label : spot-1 0.66
148 3 805 507 430 94 -1 -1 -1 -1 label : spot-1 0.54
151 3 836 513 421 113 -1 -1 -1 -1 label : spot-1 0.50
152 3 840 517 439 118 -1 -1 -1 -1 label : spot-1 0.61
153 3 831 518 448 117 -1 -1 -1 -1 label : spot-1 0.67
154 3 840 521 439 113 -1 -1 -1 -1 label : spot-1 0.67
155 3 846 525 433 116 -1 -1 -1 -1 label : spot-1 0.70
156 3 849 526 430 116 -1 -1 -1 -1 label : spot-1 0.71
157 3 854 529 425 116 -1 -1 -1 -1 label : spot-1 0.68
158 3 860 532 419 115 -1 -1 -1 -1 label : spot-1 0.64
159 3 870 533 409 117 -1 -1 -1 -1 label : spot-1 0.54
160 3 872 533 407 116 -1 -1 -1 -1 label : spot-1 0.55
161 3 878 535 401 112 -1 -1 -1 -1 label : spot-1 0.53
162 3 891 538 388 115 -1 -1 -1 -1 label : spot-1 0.58
163 3 893 540 386 115 -1 -1 -1 -1 label : spot-1 0.53
