3 1 981 439 63 110 -1 -1 -1 -1 label : fireHydrant 0.47
4 1 983 439 63 111 -1 -1 -1 -1 label : fireHydrant 0.47
5 1 989 441 64 108 -1 -1 -1 -1 label : fireHydrant 0.31
6 1 991 441 64 108 -1 -1 -1 -1 label : fireHydrant 0.33
7 1 997 439 66 113 -1 -1 -1 -1 label : fireHydrant 0.32
8 1 999 438 67 115 -1 -1 -1 -1 label : fireHydrant 0.35
9 1 1006 440 68 115 -1 -1 -1 -1 label : fireHydrant 0.39
10 1 1008 441 68 115 -1 -1 -1 -1 label : fireHydrant 0.39
13 1 1021 435 68 120 -1 -1 -1 -1 label : fireHydrant 0.44
14 1 1025 433 69 122 -1 -1 -1 -1 label : fireHydrant 0.43
17 1 1038 432 77 120 -1 -1 -1 -1 label : fireHydrant 0.46
18 1 1044 432 77 118 -1 -1 -1 -1 label : fireHydrant 0.48
23 1 1069 427 78 133 -1 -1 -1 -1 label : fireHydrant 0.42
24 1 1077 426 81 137 -1 -1 -1 -1 label : fireHydrant 0.43
25 1 1089 426 78 138 -1 -1 -1 -1 label : fireHydrant 0.35
26 1 1093 426 78 138 -1 -1 -1 -1 label : fireHydrant 0.36
32 2 690 448 243 75 -1 -1 -1 -1 label : spot-0.36
35 2 690 447 273 77 -1 -1 -1 -1 label : spot-0.31
36 2 694 446 273 78 -1 -1 -1 -1 label : spot-0.31
40 2 698 443 294 86 -1 -1 -1 -1 label : spot-0.30
53 2 702 435 322 94 -1 -1 -1 -1 label : spot-0.34
54 2 702 432 333 97 -1 -1 -1 -1 label : spot-0.34
77 2 725 431 500 147 -1 -1 -1 -1 label : spot-0.33
78 2 727 431 514 152 -1 -1 -1 -1 label : spot-0.33
101 6 742 437 382 104 -1 -1 -1 -1 label : spot-2 0.49
102 6 743 436 373 104 -1 -1 -1 -1 label : spot-2 0.47
103 6 741 436 373 104 -1 -1 -1 -1 label : spot-2 0.31
104 6 740 436 375 105 -1 -1 -1 -1 label : spot-2 0.31
117 6 751 438 485 133 -1 -1 -1 -1 label : spot-2 0.43
118 6 753 438 496 136 -1 -1 -1 -1 label : spot-2 0.42
119 6 748 439 522 137 -1 -1 -1 -1 label : spot-2 0.38
120 6 750 439 520 137 -1 -1 -1 -1 label : spot-2 0.38
121 6 754 440 521 138 -1 -1 -1 -1 label : spot-2 0.43
122 6 753 441 526 137 -1 -1 -1 -1 label : spot-2 0.42
123 6 759 443 500 135 -1 -1 -1 -1 label : spot-2 0.43
124 6 759 444 496 133 -1 -1 -1 -1 label : spot-2 0.43
125 6 762 446 454 128 -1 -1 -1 -1 label : spot-2 0.48
126 6 759 447 440 124 -1 -1 -1 -1 label : spot-2 0.48
127 6 757 446 446 127 -1 -1 -1 -1 label : spot-2 0.33
128 6 757 446 442 127 -1 -1 -1 -1 label : spot-2 0.33
129 6 757 447 399 116 -1 -1 -1 -1 label : spot-1 0.36
130 6 757 448 383 111 -1 -1 -1 -1 label : spot-1 0.38
133 6 758 450 457 124 -1 -1 -1 -1 label : spot-2 0.30
137 6 769 452 430 122 -1 -1 -1 -1 label : spot-1 0.37
138 6 769 453 430 122 -1 -1 -1 -1 label : spot-1 0.38
139 6 764 453 446 123 -1 -1 -1 -1 label : spot-1 0.32
140 6 766 454 434 120 -1 -1 -1 -1 label : spot-1 0.35
141 6 770 455 426 118 -1 -1 -1 -1 label : spot-1 0.42
142 6 771 456 423 116 -1 -1 -1 -1 label : spot-1 0.42
143 6 775 455 422 120 -1 -1 -1 -1 label : spot-1 0.34
144 6 774 455 424 121 -1 -1 -1 -1 label : spot-1 0.35
145 6 777 455 418 122 -1 -1 -1 -1 label : spot-1 0.50
146 6 777 455 418 123 -1 -1 -1 -1 label : spot-1 0.53
147 6 777 454 416 123 -1 -1 -1 -1 label : spot-1 0.41
148 6 777 454 415 121 -1 -1 -1 -1 label : spot-1 0.43
149 6 769 455 466 125 -1 -1 -1 -1 label : spot-1 0.34
150 6 773 455 472 127 -1 -1 -1 -1 label : spot-1 0.34
151 6 772 456 485 123 -1 -1 -1 -1 label : spot-1 0.45
152 6 777 456 485 124 -1 -1 -1 -1 label : spot-1 0.44
153 6 779 456 484 122 -1 -1 -1 -1 label : spot-1 0.53
154 6 781 457 477 119 -1 -1 -1 -1 label : spot-1 0.53
155 6 786 457 448 115 -1 -1 -1 -1 label : spot-1 0.54
156 6 787 458 433 112 -1 -1 -1 -1 label : spot-1 0.53
157 6 796 459 414 111 -1 -1 -1 -1 label : spot-1 0.56
158 6 796 459 414 111 -1 -1 -1 -1 label : spot-1 0.56
159 6 792 460 427 112 -1 -1 -1 -1 label : spot-1 0.63
160 6 793 461 427 112 -1 -1 -1 -1 label : spot-1 0.64
161 6 798 462 426 114 -1 -1 -1 -1 label : spot-1 0.58
162 6 798 463 431 114 -1 -1 -1 -1 label : spot-1 0.57
163 6 799 465 414 107 -1 -1 -1 -1 label : spot-1 0.59
164 6 801 466 405 104 -1 -1 -1 -1 label : spot-1 0.60
165 6 799 466 450 113 -1 -1 -1 -1 label : spot-1 0.58
166 6 801 467 462 115 -1 -1 -1 -1 label : spot-1 0.59
167 6 807 467 410 109 -1 -1 -1 -1 label : spot-1 0.41
168 6 804 468 414 108 -1 -1 -1 -1 label : spot-1 0.41
169 6 809 469 446 117 -1 -1 -1 -1 label : spot-1 0.37
170 6 810 470 459 120 -1 -1 -1 -1 label : spot-1 0.38
171 6 814 469 371 104 -1 -1 -1 -1 label : spot-1 0.43
172 6 812 469 343 96 -1 -1 -1 -1 label : spot-1 0.43
173 6 808 470 400 104 -1 -1 -1 -1 label : spot-1 0.49
174 6 811 470 410 108 -1 -1 -1 -1 label : spot-1 0.50
175 6 811 472 431 111 -1 -1 -1 -1 label : spot-1 0.56
176 6 813 472 434 112 -1 -1 -1 -1 label : spot-1 0.55
177 6 822 475 408 108 -1 -1 -1 -1 label : spot-1 0.55
178 6 824 475 401 107 -1 -1 -1 -1 label : spot-1 0.54
179 6 820 475 432 108 -1 -1 -1 -1 label : spot-1 0.55
180 6 823 475 437 109 -1 -1 -1 -1 label : spot-1 0.54
181 6 832 475 430 112 -1 -1 -1 -1 label : spot-1 0.52
182 6 833 476 429 112 -1 -1 -1 -1 label : spot-1 0.52
183 6 834 477 436 117 -1 -1 -1 -1 label : spot-1 0.57
184 6 832 478 442 118 -1 -1 -1 -1 label : spot-1 0.56
185 6 825 478 454 112 -1 -1 -1 -1 label : spot-1 0.53
186 6 830 479 445 108 -1 -1 -1 -1 label : spot-1 0.52
187 6 840 482 431 113 -1 -1 -1 -1 label : spot-1 0.36
188 6 837 483 440 114 -1 -1 -1 -1 label : spot-1 0.38
189 6 844 485 429 119 -1 -1 -1 -1 label : spot-1 0.35
190 6 840 486 438 120 -1 -1 -1 -1 label : spot-1 0.35
193 6 851 487 424 122 -1 -1 -1 -1 label : spot-1 0.34
194 6 852 488 426 121 -1 -1 -1 -1 label : spot-1 0.33
