73 2 95 497 314 70 -1 -1 -1 -1 label : invalidSpot-entrance 0.49
137 5 762 481 227 94 -1 -1 -1 -1 label : spot-1 0.45
139 5 774 485 240 98 -1 -1 -1 -1 label : spot-1 0.52
140 5 773 489 268 90 -1 -1 -1 -1 label : spot-1 0.46
141 5 778 491 280 82 -1 -1 -1 -1 label : spot-1 0.56
142 5 781 494 297 73 -1 -1 -1 -1 label : spot-1 0.59
143 5 791 497 303 67 -1 -1 -1 -1 label : spot-1 0.63
144 5 796 497 317 71 -1 -1 -1 -1 label : spot-1 0.65
145 5 802 500 334 77 -1 -1 -1 -1 label : spot-1 0.63
146 5 805 501 361 81 -1 -1 -1 -1 label : spot-1 0.64
147 5 811 503 383 88 -1 -1 -1 -1 label : spot-1 0.66
148 5 808 507 423 92 -1 -1 -1 -1 label : spot-1 0.54
149 5 821 511 441 105 -1 -1 -1 -1 label : spot-1 0.48
151 5 838 514 432 117 -1 -1 -1 -1 label : spot-1 0.50
152 5 842 517 437 118 -1 -1 -1 -1 label : spot-1 0.61
153 5 833 518 446 117 -1 -1 -1 -1 label : spot-1 0.67
154 5 842 521 437 112 -1 -1 -1 -1 label : spot-1 0.67
155 5 848 525 431 115 -1 -1 -1 -1 label : spot-1 0.70
156 5 851 526 428 115 -1 -1 -1 -1 label : spot-1 0.71
157 5 855 529 424 115 -1 -1 -1 -1 label : spot-1 0.68
158 5 861 532 418 114 -1 -1 -1 -1 label : spot-1 0.64
159 5 871 533 408 116 -1 -1 -1 -1 label : spot-1 0.54
160 5 873 533 406 115 -1 -1 -1 -1 label : spot-1 0.55
161 5 879 535 400 111 -1 -1 -1 -1 label : spot-1 0.53
162 5 891 538 388 115 -1 -1 -1 -1 label : spot-1 0.58
163 5 893 540 386 115 -1 -1 -1 -1 label : spot-1 0.53
