761 3 760 411 107 50 -1 -1 -1 -1 label : spot-1 0.46
762 3 761 412 107 50 -1 -1 -1 -1 label : spot-1 0.44
765 3 769 412 112 51 -1 -1 -1 -1 label : spot-1 0.46
766 3 773 412 112 52 -1 -1 -1 -1 label : spot-1 0.46
771 3 786 413 119 56 -1 -1 -1 -1 label : spot-1 0.49
772 3 791 413 122 58 -1 -1 -1 -1 label : spot-1 0.49
773 3 794 414 127 59 -1 -1 -1 -1 label : spot-1 0.55
774 3 795 415 128 59 -1 -1 -1 -1 label : spot-1 0.55
775 3 799 415 131 63 -1 -1 -1 -1 label : spot-1 0.58
776 3 798 416 135 63 -1 -1 -1 -1 label : spot-1 0.58
777 3 805 416 133 67 -1 -1 -1 -1 label : spot-1 0.54
778 3 806 417 135 67 -1 -1 -1 -1 label : spot-1 0.55
779 3 809 416 142 67 -1 -1 -1 -1 label : spot-1 0.53
780 3 812 416 142 67 -1 -1 -1 -1 label : spot-1 0.54
781 3 818 415 139 69 -1 -1 -1 -1 label : spot-1 0.52
782 3 818 415 141 70 -1 -1 -1 -1 label : spot-1 0.52
783 3 824 416 146 71 -1 -1 -1 -1 label : spot-1 0.63
784 3 826 416 147 73 -1 -1 -1 -1 label : spot-1 0.63
785 3 833 416 147 74 -1 -1 -1 -1 label : spot-1 0.67
786 3 834 416 150 75 -1 -1 -1 -1 label : spot-1 0.67
787 3 841 417 152 75 -1 -1 -1 -1 label : spot-1 0.61
788 3 844 417 152 75 -1 -1 -1 -1 label : spot-1 0.60
789 3 851 416 157 79 -1 -1 -1 -1 label : spot-1 0.56
790 3 854 416 158 80 -1 -1 -1 -1 label : spot-1 0.57
791 3 858 419 170 82 -1 -1 -1 -1 label : spot-1 0.66
792 3 860 420 172 83 -1 -1 -1 -1 label : spot-1 0.67
793 3 867 422 173 86 -1 -1 -1 -1 label : spot-1 0.67
794 3 868 422 177 89 -1 -1 -1 -1 label : spot-1 0.67
795 3 875 424 176 93 -1 -1 -1 -1 label : spot-1 0.65
796 3 876 425 180 95 -1 -1 -1 -1 label : spot-1 0.66
797 3 878 427 191 93 -1 -1 -1 -1 label : spot-1 0.63
798 3 882 428 188 92 -1 -1 -1 -1 label : spot-1 0.63
799 3 890 428 197 97 -1 -1 -1 -1 label : spot-1 0.69
800 3 894 429 199 97 -1 -1 -1 -1 label : spot-1 0.69
801 3 900 430 207 99 -1 -1 -1 -1 label : spot-1 0.69
802 3 903 431 208 99 -1 -1 -1 -1 label : spot-1 0.69
803 3 907 432 223 98 -1 -1 -1 -1 label : spot-1 0.60
804 3 912 432 221 98 -1 -1 -1 -1 label : spot-1 0.60
805 3 920 433 224 101 -1 -1 -1 -1 label : spot-1 0.64
806 3 922 434 227 102 -1 -1 -1 -1 label : spot-1 0.64
807 3 931 435 234 106 -1 -1 -1 -1 label : spot-1 0.55
808 3 934 435 238 108 -1 -1 -1 -1 label : spot-1 0.55
809 3 936 436 306 126 -1 -1 -1 -1 label : spot-1 0.47
810 3 943 437 316 132 -1 -1 -1 -1 label : spot-1 0.48
811 3 953 438 292 124 -1 -1 -1 -1 label : spot-1 0.59
812 3 956 439 284 121 -1 -1 -1 -1 label : spot-1 0.58
813 3 960 439 294 119 -1 -1 -1 -1 label : spot-1 0.60
814 3 965 440 290 117 -1 -1 -1 -1 label : spot-1 0.60
891 4 21 364 17 37 -1 -1 -1 -1 label : fireHydrant 0.48
892 4 20 363 17 39 -1 -1 -1 -1 label : fireHydrant 0.48
893 4 20 366 17 36 -1 -1 -1 -1 label : fireHydrant 0.49
894 4 20 366 16 37 -1 -1 -1 -1 label : fireHydrant 0.50
895 4 19 367 17 36 -1 -1 -1 -1 label : fireHydrant 0.48
896 4 18 368 17 36 -1 -1 -1 -1 label : fireHydrant 0.47
989 7 2 376 17 35 -1 -1 -1 -1 label : fireHydrant 0.45
990 7 2 376 17 35 -1 -1 -1 -1 label : fireHydrant 0.45
991 7 1 376 18 34 -1 -1 -1 -1 label : fireHydrant 0.50
992 7 1 376 19 34 -1 -1 -1 -1 label : fireHydrant 0.50
993 7 2 376 17 33 -1 -1 -1 -1 label : fireHydrant 0.48
994 7 2 376 17 33 -1 -1 -1 -1 label : fireHydrant 0.49
995 7 1 376 19 33 -1 -1 -1 -1 label : fireHydrant 0.50
996 7 2 376 18 33 -1 -1 -1 -1 label : fireHydrant 0.49
997 7 2 377 18 32 -1 -1 -1 -1 label : fireHydrant 0.53
998 7 2 377 18 32 -1 -1 -1 -1 label : fireHydrant 0.53
999 7 1 377 19 32 -1 -1 -1 -1 label : fireHydrant 0.56
1000 7 1 377 19 32 -1 -1 -1 -1 label : fireHydrant 0.56
1001 7 1 377 18 32 -1 -1 -1 -1 label : fireHydrant 0.53
1002 7 1 377 18 32 -1 -1 -1 -1 label : fireHydrant 0.54
1003 7 1 377 19 32 -1 -1 -1 -1 label : fireHydrant 0.49
1004 7 1 377 19 32 -1 -1 -1 -1 label : fireHydrant 0.48
1005 7 1 377 18 33 -1 -1 -1 -1 label : fireHydrant 0.47
1006 7 1 377 18 33 -1 -1 -1 -1 label : fireHydrant 0.46
1011 7 0 377 20 33 -1 -1 -1 -1 label : fireHydrant 0.44
1012 7 0 377 20 34 -1 -1 -1 -1 label : fireHydrant 0.44
1563 9 827 374 18 46 -1 -1 -1 -1 label : fireHydrant 0.61
1564 9 828 373 18 46 -1 -1 -1 -1 label : fireHydrant 0.62
1583 9 831 372 16 46 -1 -1 -1 -1 label : fireHydrant 0.49
1584 9 832 371 16 46 -1 -1 -1 -1 label : fireHydrant 0.49
1585 9 833 373 19 46 -1 -1 -1 -1 label : fireHydrant 0.52
1586 9 834 374 19 46 -1 -1 -1 -1 label : fireHydrant 0.52
