76 1 814 385 208 86 -1 -1 -1 -1 label : spot-0.45
77 1 802 388 234 91 -1 -1 -1 -1 label : spot-0.53
78 1 821 389 230 93 -1 -1 -1 -1 label : spot-0.48
79 1 810 391 268 95 -1 -1 -1 -1 label : spot-0.46
80 1 813 393 284 100 -1 -1 -1 -1 label : spot-0.56
81 1 828 395 298 97 -1 -1 -1 -1 label : spot-0.57
82 1 823 397 331 97 -1 -1 -1 -1 label : spot-0.55
83 1 821 406 362 92 -1 -1 -1 -1 label : spot-0.51
84 1 820 407 386 98 -1 -1 -1 -1 label : spot-0.50
85 1 824 408 417 114 -1 -1 -1 -1 label : spot-0.48
90 1 848 416 419 120 -1 -1 -1 -1 label : spot-0.47
