718 1 1030 328 247 116 -1 -1 -1 -1 label : invalidspot-coloredCurb 0.43
719 1 1029 328 250 118 -1 -1 -1 -1 label : invalidspot-coloredCurb 0.43
762 2 268 330 149 44 -1 -1 -1 -1 label : spot-1 0.45
763 2 267 330 149 44 -1 -1 -1 -1 label : spot-1 0.45
764 2 264 331 150 45 -1 -1 -1 -1 label : spot-1 0.41
765 2 262 331 152 46 -1 -1 -1 -1 label : spot-1 0.41
766 2 255 332 159 47 -1 -1 -1 -1 label : spot-1 0.48
767 2 253 332 160 48 -1 -1 -1 -1 label : spot-1 0.48
768 2 244 332 173 48 -1 -1 -1 -1 label : spot-1 0.49
769 2 243 333 174 47 -1 -1 -1 -1 label : spot-1 0.50
816 3 0 354 356 107 -1 -1 -1 -1 label : spot-2 0.43
817 3 0 355 354 107 -1 -1 -1 -1 label : spot-2 0.44
820 3 0 354 354 100 -1 -1 -1 -1 label : spot-2 0.42
821 3 0 354 350 97 -1 -1 -1 -1 label : spot-2 0.44
822 3 0 355 357 95 -1 -1 -1 -1 label : spot-2 0.45
823 3 0 355 357 95 -1 -1 -1 -1 label : spot-2 0.45
824 3 3 357 350 97 -1 -1 -1 -1 label : spot-2 0.46
825 3 1 357 354 98 -1 -1 -1 -1 label : spot-2 0.47
910 4 854 303 12 31 -1 -1 -1 -1 label : fireHydrant 0.50
911 4 854 303 12 31 -1 -1 -1 -1 label : fireHydrant 0.42
912 4 854 304 12 29 -1 -1 -1 -1 label : fireHydrant 0.44
