4 1 848 399 383 81 -1 -1 -1 -1 label : spot-2 0.42
5 1 848 398 395 84 -1 -1 -1 -1 label : spot-2 0.42
6 1 835 398 438 85 -1 -1 -1 -1 label : spot-2 0.41
7 1 837 398 439 86 -1 -1 -1 -1 label : spot-2 0.42
8 1 858 398 414 89 -1 -1 -1 -1 label : spot-2 0.52
9 1 858 397 420 91 -1 -1 -1 -1 label : spot-2 0.51
10 1 845 396 434 89 -1 -1 -1 -1 label : spot-2 0.47
11 1 844 395 435 88 -1 -1 -1 -1 label : spot-2 0.47
14 1 851 391 423 86 -1 -1 -1 -1 label : spot-2 0.40
15 1 852 390 421 85 -1 -1 -1 -1 label : spot-2 0.40
20 2 1092 297 43 99 -1 -1 -1 -1 label : fireHydrant 0.41
21 2 1095 295 43 99 -1 -1 -1 -1 label : fireHydrant 0.43
278 3 102 322 153 54 -1 -1 -1 -1 label : spot-1 0.48
279 3 103 321 150 53 -1 -1 -1 -1 label : spot-1 0.45
280 3 103 321 147 54 -1 -1 -1 -1 label : spot-1 0.40
281 3 102 320 149 56 -1 -1 -1 -1 label : spot-1 0.42
286 3 102 318 148 59 -1 -1 -1 -1 label : spot-1 0.45
287 3 100 317 151 60 -1 -1 -1 -1 label : spot-1 0.49
288 3 98 317 153 60 -1 -1 -1 -1 label : spot-1 0.50
289 3 98 317 153 60 -1 -1 -1 -1 label : spot-1 0.50
290 3 97 318 155 59 -1 -1 -1 -1 label : spot-1 0.46
291 3 97 318 155 59 -1 -1 -1 -1 label : spot-1 0.46
292 3 96 319 157 60 -1 -1 -1 -1 label : spot-1 0.45
293 3 96 319 157 60 -1 -1 -1 -1 label : spot-1 0.45
298 3 90 325 161 60 -1 -1 -1 -1 label : spot-1 0.51
299 3 89 327 160 60 -1 -1 -1 -1 label : spot-1 0.50
312 3 75 345 172 60 -1 -1 -1 -1 label : spot-1 0.53
313 3 72 351 174 61 -1 -1 -1 -1 label : spot-1 0.52
314 3 70 354 175 60 -1 -1 -1 -1 label : spot-1 0.45
315 3 70 355 174 60 -1 -1 -1 -1 label : spot-1 0.45
670 5 777 332 96 28 -1 -1 -1 -1 label : spot-1 0.51
671 5 779 333 95 28 -1 -1 -1 -1 label : spot-1 0.52
672 5 779 333 98 27 -1 -1 -1 -1 label : spot-1 0.45
673 5 781 333 96 27 -1 -1 -1 -1 label : spot-1 0.46
738 8 906 304 20 49 -1 -1 -1 -1 label : fireHydrant 0.58
739 8 905 302 22 52 -1 -1 -1 -1 label : fireHydrant 0.56
756 8 971 325 21 46 -1 -1 -1 -1 label : fireHydrant 0.41
757 8 993 332 20 44 -1 -1 -1 -1 label : fireHydrant 0.40
765 8 1010 332 19 44 -1 -1 -1 -1 label : fireHydrant 0.50
766 8 1015 332 22 44 -1 -1 -1 -1 label : fireHydrant 0.43
767 8 1017 331 22 44 -1 -1 -1 -1 label : fireHydrant 0.42
792 8 1046 330 23 49 -1 -1 -1 -1 label : fireHydrant 0.46
793 8 1056 329 24 51 -1 -1 -1 -1 label : fireHydrant 0.47
800 8 1069 329 26 52 -1 -1 -1 -1 label : fireHydrant 0.58
801 8 1073 328 27 54 -1 -1 -1 -1 label : fireHydrant 0.58
802 8 1051 316 19 58 -1 -1 -1 -1 label : fireHydrant 0.53
803 8 1040 312 19 59 -1 -1 -1 -1 label : fireHydrant 0.53
804 8 1065 322 29 56 -1 -1 -1 -1 label : fireHydrant 0.54
805 8 1076 326 28 54 -1 -1 -1 -1 label : fireHydrant 0.53
806 8 1084 327 29 55 -1 -1 -1 -1 label : fireHydrant 0.73
807 8 1086 327 30 56 -1 -1 -1 -1 label : fireHydrant 0.72
808 8 1091 330 26 54 -1 -1 -1 -1 label : fireHydrant 0.57
809 8 1091 331 27 53 -1 -1 -1 -1 label : fireHydrant 0.58
810 8 1093 330 30 54 -1 -1 -1 -1 label : fireHydrant 0.57
811 8 1095 330 30 54 -1 -1 -1 -1 label : fireHydrant 0.60
812 8 1099 331 28 54 -1 -1 -1 -1 label : fireHydrant 0.46
813 8 1100 331 28 55 -1 -1 -1 -1 label : fireHydrant 0.49
814 8 1103 333 27 54 -1 -1 -1 -1 label : fireHydrant 0.69
815 8 1104 334 27 53 -1 -1 -1 -1 label : fireHydrant 0.69
820 8 1116 336 29 54 -1 -1 -1 -1 label : fireHydrant 0.41
821 8 1120 337 30 54 -1 -1 -1 -1 label : fireHydrant 0.42
822 8 1125 338 32 55 -1 -1 -1 -1 label : fireHydrant 0.43
823 8 1126 338 32 56 -1 -1 -1 -1 label : fireHydrant 0.43
837 9 853 352 413 93 -1 -1 -1 -1 label : spot-2 0.42
838 9 850 352 423 94 -1 -1 -1 -1 label : spot-2 0.41
839 9 850 352 425 95 -1 -1 -1 -1 label : spot-2 0.41
844 9 857 352 334 80 -1 -1 -1 -1 label : spot-2 0.42
845 9 854 353 312 74 -1 -1 -1 -1 label : spot-2 0.44
846 9 856 353 304 70 -1 -1 -1 -1 label : spot-2 0.46
847 9 859 353 299 69 -1 -1 -1 -1 label : spot-2 0.46
848 9 864 352 295 71 -1 -1 -1 -1 label : spot-2 0.49
849 9 862 353 301 70 -1 -1 -1 -1 label : spot-2 0.48
