3 1 454 423 318 158 -1 -1 -1 -1 label : spot-0.60
4 1 453 422 318 159 -1 -1 -1 -1 label : spot-0.61
5 1 458 422 313 159 -1 -1 -1 -1 label : spot-0.59
6 1 461 421 312 160 -1 -1 -1 -1 label : spot-0.54
7 1 462 420 312 161 -1 -1 -1 -1 label : spot-0.56
8 1 461 420 313 161 -1 -1 -1 -1 label : spot-0.57
9 1 459 420 316 161 -1 -1 -1 -1 label : spot-0.58
10 1 458 420 316 161 -1 -1 -1 -1 label : spot-0.59
11 1 458 420 316 161 -1 -1 -1 -1 label : spot-0.58
12 1 457 420 317 161 -1 -1 -1 -1 label : spot-0.57
13 1 457 420 317 161 -1 -1 -1 -1 label : spot-0.58
14 1 459 420 314 161 -1 -1 -1 -1 label : spot-0.58
15 1 458 420 315 162 -1 -1 -1 -1 label : spot-0.58
16 1 460 420 312 162 -1 -1 -1 -1 label : spot-0.61
17 1 459 420 313 161 -1 -1 -1 -1 label : spot-0.61
18 1 459 421 313 160 -1 -1 -1 -1 label : spot-0.60
19 1 459 421 312 160 -1 -1 -1 -1 label : spot-0.60
20 1 460 421 309 159 -1 -1 -1 -1 label : spot-0.60
21 1 461 423 308 157 -1 -1 -1 -1 label : spot-0.57
22 1 464 425 306 155 -1 -1 -1 -1 label : spot-0.57
23 1 463 426 308 155 -1 -1 -1 -1 label : spot-0.54
24 1 462 427 309 154 -1 -1 -1 -1 label : spot-0.59
25 1 463 427 305 154 -1 -1 -1 -1 label : spot-0.61
26 1 466 427 299 154 -1 -1 -1 -1 label : spot-0.59
27 1 466 427 301 154 -1 -1 -1 -1 label : spot-0.57
28 1 468 427 298 153 -1 -1 -1 -1 label : spot-0.54
29 1 463 426 307 154 -1 -1 -1 -1 label : spot-0.50
30 1 462 427 308 154 -1 -1 -1 -1 label : spot-0.49
31 1 462 427 306 154 -1 -1 -1 -1 label : spot-0.56
32 1 464 427 305 154 -1 -1 -1 -1 label : spot-0.46
33 1 463 427 307 154 -1 -1 -1 -1 label : spot-0.52
34 1 464 427 307 155 -1 -1 -1 -1 label : spot-0.51
35 1 463 428 307 154 -1 -1 -1 -1 label : spot-0.50
36 1 461 428 312 154 -1 -1 -1 -1 label : spot-0.52
37 1 464 427 306 156 -1 -1 -1 -1 label : spot-0.56
38 1 463 429 311 154 -1 -1 -1 -1 label : spot-0.56
39 1 466 429 308 154 -1 -1 -1 -1 label : spot-0.56
40 1 470 430 305 153 -1 -1 -1 -1 label : spot-0.50
42 1 479 432 301 150 -1 -1 -1 -1 label : spot-0.45
48 1 493 428 307 154 -1 -1 -1 -1 label : spot-0.44
54 1 506 431 325 151 -1 -1 -1 -1 label : spot-0.49
55 1 520 432 323 150 -1 -1 -1 -1 label : spot-0.49
56 1 532 433 320 149 -1 -1 -1 -1 label : spot-0.50
57 1 538 433 323 147 -1 -1 -1 -1 label : spot-0.51
58 1 553 431 319 148 -1 -1 -1 -1 label : spot-0.51
59 1 557 431 331 146 -1 -1 -1 -1 label : spot-0.54
60 1 561 431 340 148 -1 -1 -1 -1 label : spot-0.53
61 1 566 429 354 151 -1 -1 -1 -1 label : spot-0.49
62 1 577 429 346 152 -1 -1 -1 -1 label : spot-0.54
63 1 582 429 370 152 -1 -1 -1 -1 label : spot-0.50
66 1 619 429 353 151 -1 -1 -1 -1 label : spot-0.45
128 3 954 398 231 102 -1 -1 -1 -1 label : spot-1 0.54
129 3 929 400 296 91 -1 -1 -1 -1 label : spot-1 0.54
130 3 931 402 332 90 -1 -1 -1 -1 label : spot-1 0.55
131 3 931 405 346 91 -1 -1 -1 -1 label : spot-1 0.55
132 3 940 407 336 97 -1 -1 -1 -1 label : spot-1 0.52
133 3 939 408 339 103 -1 -1 -1 -1 label : spot-1 0.53
134 3 938 409 339 111 -1 -1 -1 -1 label : spot-1 0.51
135 3 935 410 344 114 -1 -1 -1 -1 label : spot-1 0.52
137 3 935 409 344 112 -1 -1 -1 -1 label : spot-1 0.44
138 3 935 409 344 111 -1 -1 -1 -1 label : spot-1 0.44
139 3 934 410 345 107 -1 -1 -1 -1 label : spot-1 0.48
141 3 944 414 331 117 -1 -1 -1 -1 label : spot-1 0.46
142 3 939 419 338 123 -1 -1 -1 -1 label : spot-1 0.49
236 4 958 326 30 57 -1 -1 -1 -1 label : fireHydrant 0.53
238 4 976 326 30 59 -1 -1 -1 -1 label : fireHydrant 0.68
239 4 989 325 32 61 -1 -1 -1 -1 label : fireHydrant 0.68
242 4 1016 323 38 67 -1 -1 -1 -1 label : fireHydrant 0.51
243 4 1038 322 37 73 -1 -1 -1 -1 label : fireHydrant 0.45
244 4 1053 322 40 74 -1 -1 -1 -1 label : fireHydrant 0.44
