169 2 1034 455 33 93 -1 -1 -1 -1 label : fireHydrant 0.55
170 2 1037 454 32 93 -1 -1 -1 -1 label : fireHydrant 0.53
171 2 1043 454 32 93 -1 -1 -1 -1 label : fireHydrant 0.36
172 2 1045 453 32 95 -1 -1 -1 -1 label : fireHydrant 0.42
281 3 156 469 142 77 -1 -1 -1 -1 label : spot-1 0.48
282 3 154 470 143 78 -1 -1 -1 -1 label : spot-1 0.48
283 3 148 470 154 81 -1 -1 -1 -1 label : spot-1 0.43
284 3 147 470 155 82 -1 -1 -1 -1 label : spot-1 0.44
285 3 144 470 158 84 -1 -1 -1 -1 label : spot-1 0.43
286 3 143 471 159 84 -1 -1 -1 -1 label : spot-1 0.43
287 3 137 473 165 82 -1 -1 -1 -1 label : spot-1 0.41
288 3 137 473 163 82 -1 -1 -1 -1 label : spot-1 0.40
289 3 135 474 160 85 -1 -1 -1 -1 label : spot-1 0.46
290 3 132 475 163 86 -1 -1 -1 -1 label : spot-1 0.45
291 3 125 476 173 88 -1 -1 -1 -1 label : spot-1 0.44
292 3 123 477 176 89 -1 -1 -1 -1 label : spot-1 0.44
293 3 122 476 175 93 -1 -1 -1 -1 label : spot-1 0.42
294 3 120 476 177 94 -1 -1 -1 -1 label : spot-1 0.42
295 3 113 476 175 91 -1 -1 -1 -1 label : spot-1 0.45
296 3 111 477 173 88 -1 -1 -1 -1 label : spot-1 0.44
297 3 105 478 179 85 -1 -1 -1 -1 label : spot-1 0.47
298 3 105 479 177 83 -1 -1 -1 -1 label : spot-1 0.46
299 3 102 479 177 83 -1 -1 -1 -1 label : spot-1 0.41
300 3 101 479 177 84 -1 -1 -1 -1 label : spot-1 0.42
301 3 97 478 179 95 -1 -1 -1 -1 label : spot-1 0.49
302 3 92 478 186 98 -1 -1 -1 -1 label : spot-1 0.48
303 3 84 478 197 100 -1 -1 -1 -1 label : spot-1 0.39
304 3 83 479 197 98 -1 -1 -1 -1 label : spot-1 0.39
305 3 61 482 232 79 -1 -1 -1 -1 label : spot-1 0.36
306 3 71 483 209 71 -1 -1 -1 -1 label : spot-1 0.36
307 3 61 484 222 65 -1 -1 -1 -1 label : spot-1 0.44
308 3 64 485 214 62 -1 -1 -1 -1 label : spot-1 0.44
309 3 63 485 212 72 -1 -1 -1 -1 label : spot-1 0.46
310 3 57 486 222 74 -1 -1 -1 -1 label : spot-1 0.46
311 3 33 486 254 60 -1 -1 -1 -1 label : spot-1 0.43
312 3 44 486 227 54 -1 -1 -1 -1 label : spot-1 0.44
313 3 39 487 230 55 -1 -1 -1 -1 label : spot-1 0.47
314 3 37 487 231 55 -1 -1 -1 -1 label : spot-1 0.48
315 3 25 488 247 53 -1 -1 -1 -1 label : spot-1 0.49
316 3 23 488 248 52 -1 -1 -1 -1 label : spot-1 0.49
317 3 16 489 258 55 -1 -1 -1 -1 label : spot-1 0.57
318 3 14 490 262 56 -1 -1 -1 -1 label : spot-1 0.57
319 3 15 493 256 72 -1 -1 -1 -1 label : spot-1 0.32
320 3 5 494 274 78 -1 -1 -1 -1 label : spot-1 0.32
321 3 0 494 285 77 -1 -1 -1 -1 label : spot-1 0.45
322 3 0 494 284 77 -1 -1 -1 -1 label : spot-1 0.43
323 3 3 495 278 83 -1 -1 -1 -1 label : spot-1 0.48
324 3 0 495 286 86 -1 -1 -1 -1 label : spot-1 0.48
325 3 0 493 282 86 -1 -1 -1 -1 label : spot-1 0.49
326 3 0 492 282 87 -1 -1 -1 -1 label : spot-1 0.49
327 3 0 492 278 88 -1 -1 -1 -1 label : spot-1 0.49
328 3 0 492 278 89 -1 -1 -1 -1 label : spot-1 0.49
329 3 0 491 283 84 -1 -1 -1 -1 label : spot-1 0.51
330 3 0 491 279 83 -1 -1 -1 -1 label : spot-1 0.51
331 3 0 491 277 84 -1 -1 -1 -1 label : spot-1 0.47
332 3 0 491 277 85 -1 -1 -1 -1 label : spot-1 0.48
333 3 1 492 270 86 -1 -1 -1 -1 label : spot-1 0.42
334 3 0 492 272 87 -1 -1 -1 -1 label : spot-1 0.43
335 3 0 493 269 89 -1 -1 -1 -1 label : spot-1 0.41
336 3 0 493 269 91 -1 -1 -1 -1 label : spot-1 0.41
337 3 0 492 270 81 -1 -1 -1 -1 label : spot-1 0.47
338 3 0 492 260 77 -1 -1 -1 -1 label : spot-1 0.47
339 3 4 491 240 81 -1 -1 -1 -1 label : spot-1 0.46
340 3 0 491 245 82 -1 -1 -1 -1 label : spot-1 0.45
341 3 1 492 236 84 -1 -1 -1 -1 label : spot-1 0.40
342 3 0 493 236 84 -1 -1 -1 -1 label : spot-1 0.39
343 3 2 494 226 88 -1 -1 -1 -1 label : spot-1 0.42
344 3 0 494 230 89 -1 -1 -1 -1 label : spot-1 0.43
345 3 0 493 228 86 -1 -1 -1 -1 label : spot-1 0.48
346 3 0 492 225 86 -1 -1 -1 -1 label : spot-1 0.48
347 3 0 492 225 88 -1 -1 -1 -1 label : spot-1 0.44
348 3 0 491 226 89 -1 -1 -1 -1 label : spot-1 0.44
349 3 0 492 222 91 -1 -1 -1 -1 label : spot-1 0.40
350 3 0 492 221 91 -1 -1 -1 -1 label : spot-1 0.40
351 3 0 492 223 88 -1 -1 -1 -1 label : spot-1 0.44
352 3 0 493 220 87 -1 -1 -1 -1 label : spot-1 0.44
353 3 0 494 219 86 -1 -1 -1 -1 label : spot-1 0.41
354 3 0 494 217 87 -1 -1 -1 -1 label : spot-1 0.40
355 3 2 498 212 91 -1 -1 -1 -1 label : spot-1 0.41
356 3 0 499 216 93 -1 -1 -1 -1 label : spot-1 0.40
357 3 0 501 213 94 -1 -1 -1 -1 label : spot-1 0.35
358 3 0 502 213 94 -1 -1 -1 -1 label : spot-1 0.35
359 3 1 506 214 99 -1 -1 -1 -1 label : spot-1 0.33
360 3 0 508 218 101 -1 -1 -1 -1 label : spot-1 0.33
361 3 2 509 205 101 -1 -1 -1 -1 label : spot-1 0.35
362 3 0 510 208 101 -1 -1 -1 -1 label : spot-1 0.35
363 3 0 512 211 101 -1 -1 -1 -1 label : spot-1 0.33
364 3 0 513 211 102 -1 -1 -1 -1 label : spot-1 0.33
