140 2 736 505 185 44 -1 -1 -1 -1 label : invalidSpot-entrance 0.50
141 2 733 503 189 45 -1 -1 -1 -1 label : invalidSpot-entrance 0.51
151 2 689 484 177 46 -1 -1 -1 -1 label : invalidSpot-entrance 0.50
152 2 665 475 173 48 -1 -1 -1 -1 label : invalidSpot-entrance 0.53
153 2 656 473 176 48 -1 -1 -1 -1 label : invalidSpot-entrance 0.53
156 2 634 468 187 46 -1 -1 -1 -1 label : invalidSpot-entrance 0.50
157 2 631 467 183 45 -1 -1 -1 -1 label : invalidSpot-entrance 0.50
160 2 613 462 178 47 -1 -1 -1 -1 label : invalidSpot-entrance 0.51
161 2 605 460 181 48 -1 -1 -1 -1 label : invalidSpot-entrance 0.51
168 2 571 450 180 50 -1 -1 -1 -1 label : invalidSpot-entrance 0.51
169 2 558 447 182 51 -1 -1 -1 -1 label : invalidSpot-entrance 0.51
170 2 545 444 182 51 -1 -1 -1 -1 label : invalidSpot-entrance 0.61
171 2 541 443 183 52 -1 -1 -1 -1 label : invalidSpot-entrance 0.61
172 2 530 440 185 54 -1 -1 -1 -1 label : invalidSpot-entrance 0.58
173 2 526 438 187 56 -1 -1 -1 -1 label : invalidSpot-entrance 0.58
174 2 513 439 184 53 -1 -1 -1 -1 label : invalidSpot-entrance 0.51
175 2 510 440 180 51 -1 -1 -1 -1 label : invalidSpot-entrance 0.51
176 2 500 438 180 53 -1 -1 -1 -1 label : invalidSpot-entrance 0.56
177 2 497 437 180 53 -1 -1 -1 -1 label : invalidSpot-entrance 0.56
178 2 488 437 176 51 -1 -1 -1 -1 label : invalidSpot-entrance 0.52
179 2 485 436 174 51 -1 -1 -1 -1 label : invalidSpot-entrance 0.52
180 2 473 436 181 51 -1 -1 -1 -1 label : invalidSpot-entrance 0.51
181 2 470 436 181 51 -1 -1 -1 -1 label : invalidSpot-entrance 0.51
182 2 459 434 186 54 -1 -1 -1 -1 label : invalidSpot-entrance 0.51
183 2 454 434 189 55 -1 -1 -1 -1 label : invalidSpot-entrance 0.52
192 2 397 434 194 57 -1 -1 -1 -1 label : invalidSpot-entrance 0.52
193 2 375 435 198 58 -1 -1 -1 -1 label : invalidSpot-entrance 0.52
228 3 120 411 282 83 -1 -1 -1 -1 label : invalidSpot-entrance 0.55
229 3 116 412 287 84 -1 -1 -1 -1 label : invalidSpot-entrance 0.55
230 3 101 419 301 81 -1 -1 -1 -1 label : invalidSpot-entrance 0.54
231 3 101 421 296 80 -1 -1 -1 -1 label : invalidSpot-entrance 0.54
232 3 93 424 297 81 -1 -1 -1 -1 label : invalidSpot-entrance 0.55
233 3 90 425 299 81 -1 -1 -1 -1 label : invalidSpot-entrance 0.55
238 3 69 430 313 83 -1 -1 -1 -1 label : invalidSpot-entrance 0.51
239 3 62 432 318 84 -1 -1 -1 -1 label : invalidSpot-entrance 0.50
1438 5 0 445 304 94 -1 -1 -1 -1 label : spot-2 0.60
1439 5 1 444 301 93 -1 -1 -1 -1 label : spot-2 0.60
1440 5 3 444 301 95 -1 -1 -1 -1 label : spot-2 0.60
1441 5 2 444 304 96 -1 -1 -1 -1 label : spot-2 0.60
1442 5 4 443 301 100 -1 -1 -1 -1 label : spot-2 0.59
1443 5 2 443 305 102 -1 -1 -1 -1 label : spot-2 0.60
1444 5 2 441 307 106 -1 -1 -1 -1 label : spot-2 0.58
1445 5 0 440 312 108 -1 -1 -1 -1 label : spot-2 0.58
1446 5 1 441 309 109 -1 -1 -1 -1 label : spot-2 0.60
1447 5 0 441 311 111 -1 -1 -1 -1 label : spot-2 0.60
1448 5 0 442 303 110 -1 -1 -1 -1 label : spot-2 0.62
1449 5 0 442 300 110 -1 -1 -1 -1 label : spot-2 0.62
1450 5 0 442 308 110 -1 -1 -1 -1 label : spot-2 0.61
1451 5 0 441 310 111 -1 -1 -1 -1 label : spot-2 0.61
1452 5 0 442 301 109 -1 -1 -1 -1 label : spot-2 0.63
1453 5 0 442 299 109 -1 -1 -1 -1 label : spot-2 0.63
1454 5 0 442 300 106 -1 -1 -1 -1 label : spot-2 0.61
1455 5 0 442 298 105 -1 -1 -1 -1 label : spot-2 0.61
1456 5 0 441 300 104 -1 -1 -1 -1 label : spot-2 0.63
1457 5 0 441 301 104 -1 -1 -1 -1 label : spot-2 0.63
1458 5 0 440 302 102 -1 -1 -1 -1 label : spot-2 0.62
1459 5 0 440 302 102 -1 -1 -1 -1 label : spot-2 0.63
1460 5 4 440 296 109 -1 -1 -1 -1 label : spot-2 0.61
1461 5 1 439 303 112 -1 -1 -1 -1 label : spot-2 0.61
1462 5 1 438 311 118 -1 -1 -1 -1 label : spot-2 0.59
1463 5 0 438 316 119 -1 -1 -1 -1 label : spot-2 0.59
1464 5 0 437 321 116 -1 -1 -1 -1 label : spot-2 0.56
1465 5 0 437 320 114 -1 -1 -1 -1 label : spot-2 0.55
1466 5 0 437 322 108 -1 -1 -1 -1 label : spot-2 0.52
1467 5 0 437 318 106 -1 -1 -1 -1 label : spot-2 0.52
1468 5 3 437 319 113 -1 -1 -1 -1 label : spot-2 0.52
1469 5 1 436 326 117 -1 -1 -1 -1 label : spot-2 0.52
1470 5 1 436 324 118 -1 -1 -1 -1 label : spot-2 0.52
1471 5 0 435 325 120 -1 -1 -1 -1 label : spot-2 0.52
1472 5 2 434 326 126 -1 -1 -1 -1 label : spot-2 0.55
1473 5 0 434 333 128 -1 -1 -1 -1 label : spot-2 0.55
1474 5 0 434 337 128 -1 -1 -1 -1 label : spot-2 0.54
1475 5 0 434 334 128 -1 -1 -1 -1 label : spot-2 0.54
1476 5 0 433 334 127 -1 -1 -1 -1 label : spot-2 0.51
1477 5 0 433 332 126 -1 -1 -1 -1 label : spot-2 0.51
1478 5 0 433 346 128 -1 -1 -1 -1 label : spot-2 0.52
1479 5 0 432 349 130 -1 -1 -1 -1 label : spot-2 0.52
1480 5 0 432 357 130 -1 -1 -1 -1 label : spot-2 0.52
1481 5 0 431 359 132 -1 -1 -1 -1 label : spot-2 0.52
1482 5 0 431 369 133 -1 -1 -1 -1 label : spot-2 0.51
1483 5 0 430 370 134 -1 -1 -1 -1 label : spot-2 0.50
1484 5 0 430 371 133 -1 -1 -1 -1 label : spot-2 0.51
1485 5 0 430 372 133 -1 -1 -1 -1 label : spot-2 0.51
1486 5 0 431 370 130 -1 -1 -1 -1 label : spot-2 0.50
1488 5 1 431 372 134 -1 -1 -1 -1 label : spot-2 0.54
1489 5 0 430 377 137 -1 -1 -1 -1 label : spot-2 0.54
1498 5 0 430 383 135 -1 -1 -1 -1 label : spot-2 0.50
1499 5 0 430 383 134 -1 -1 -1 -1 label : spot-2 0.50
1506 5 0 427 401 130 -1 -1 -1 -1 label : spot-2 0.55
1507 5 0 426 401 129 -1 -1 -1 -1 label : spot-2 0.55
1508 5 4 425 364 120 -1 -1 -1 -1 label : spot-2 0.57
1509 5 4 425 353 116 -1 -1 -1 -1 label : spot-2 0.58
1510 5 0 426 394 120 -1 -1 -1 -1 label : spot-2 0.57
1511 5 0 426 402 122 -1 -1 -1 -1 label : spot-2 0.57
1512 5 2 426 400 125 -1 -1 -1 -1 label : spot-2 0.57
1513 5 1 426 403 127 -1 -1 -1 -1 label : spot-2 0.57
1514 5 1 426 402 127 -1 -1 -1 -1 label : spot-2 0.56
1515 5 0 426 403 127 -1 -1 -1 -1 label : spot-2 0.55
1516 5 0 426 407 125 -1 -1 -1 -1 label : spot-2 0.56
1517 5 0 426 406 125 -1 -1 -1 -1 label : spot-2 0.56
1518 5 4 426 399 130 -1 -1 -1 -1 label : spot-2 0.59
1519 5 1 426 406 132 -1 -1 -1 -1 label : spot-2 0.59
1520 5 0 425 409 133 -1 -1 -1 -1 label : spot-2 0.62
1521 5 0 425 409 134 -1 -1 -1 -1 label : spot-2 0.63
1522 5 0 424 412 134 -1 -1 -1 -1 label : spot-2 0.62
1523 5 0 424 413 134 -1 -1 -1 -1 label : spot-2 0.62
1524 5 0 422 412 135 -1 -1 -1 -1 label : spot-2 0.59
1525 5 0 422 412 135 -1 -1 -1 -1 label : spot-2 0.59
1526 5 0 420 407 130 -1 -1 -1 -1 label : spot-2 0.52
1527 5 0 419 402 128 -1 -1 -1 -1 label : spot-2 0.52
1528 5 0 419 409 127 -1 -1 -1 -1 label : spot-2 0.59
1529 5 0 419 410 126 -1 -1 -1 -1 label : spot-2 0.59
1530 5 0 419 411 124 -1 -1 -1 -1 label : spot-2 0.57
1531 5 0 418 406 124 -1 -1 -1 -1 label : spot-2 0.56
1532 5 0 418 407 123 -1 -1 -1 -1 label : spot-2 0.57
1533 5 0 418 407 122 -1 -1 -1 -1 label : spot-2 0.57
1534 5 1 418 408 124 -1 -1 -1 -1 label : spot-2 0.58
1535 5 0 418 411 125 -1 -1 -1 -1 label : spot-2 0.58
1536 5 0 418 414 122 -1 -1 -1 -1 label : spot-2 0.59
1537 5 0 417 413 123 -1 -1 -1 -1 label : spot-2 0.59
1538 5 0 418 413 122 -1 -1 -1 -1 label : spot-2 0.61
1539 5 0 418 412 122 -1 -1 -1 -1 label : spot-2 0.61
1540 5 2 419 410 126 -1 -1 -1 -1 label : spot-2 0.62
1541 5 1 419 413 128 -1 -1 -1 -1 label : spot-2 0.63
1542 5 0 419 418 129 -1 -1 -1 -1 label : spot-2 0.64
1543 5 0 419 419 129 -1 -1 -1 -1 label : spot-2 0.64
1544 5 1 420 418 131 -1 -1 -1 -1 label : spot-2 0.63
1545 5 0 420 420 131 -1 -1 -1 -1 label : spot-2 0.63
1546 5 0 422 419 132 -1 -1 -1 -1 label : spot-2 0.61
1547 5 0 423 420 132 -1 -1 -1 -1 label : spot-2 0.61
1548 5 0 425 420 131 -1 -1 -1 -1 label : spot-2 0.63
1549 5 0 425 419 131 -1 -1 -1 -1 label : spot-2 0.64
1550 5 1 426 418 133 -1 -1 -1 -1 label : spot-2 0.63
1551 5 0 427 420 132 -1 -1 -1 -1 label : spot-2 0.62
1552 5 1 429 413 134 -1 -1 -1 -1 label : spot-2 0.59
1553 5 0 430 413 134 -1 -1 -1 -1 label : spot-2 0.59
1554 5 0 432 402 132 -1 -1 -1 -1 label : spot-2 0.56
1555 5 0 433 399 131 -1 -1 -1 -1 label : spot-2 0.56
1556 5 3 434 385 135 -1 -1 -1 -1 label : spot-2 0.56
1557 5 0 435 386 135 -1 -1 -1 -1 label : spot-2 0.56
1558 5 0 435 391 135 -1 -1 -1 -1 label : spot-2 0.55
1559 5 0 435 392 135 -1 -1 -1 -1 label : spot-2 0.56
1560 5 0 434 404 134 -1 -1 -1 -1 label : spot-2 0.58
1561 5 0 434 407 133 -1 -1 -1 -1 label : spot-2 0.58
1562 5 2 434 391 134 -1 -1 -1 -1 label : spot-2 0.57
1563 5 0 434 390 134 -1 -1 -1 -1 label : spot-2 0.57
1564 5 0 434 385 130 -1 -1 -1 -1 label : spot-2 0.56
1565 5 0 433 381 130 -1 -1 -1 -1 label : spot-2 0.56
1566 5 0 432 389 128 -1 -1 -1 -1 label : spot-2 0.54
1567 5 0 432 390 127 -1 -1 -1 -1 label : spot-2 0.54
1568 5 0 431 386 127 -1 -1 -1 -1 label : spot-2 0.51
1569 5 0 431 386 127 -1 -1 -1 -1 label : spot-2 0.51
1570 5 0 431 390 125 -1 -1 -1 -1 label : spot-2 0.54
1571 5 0 430 392 125 -1 -1 -1 -1 label : spot-2 0.55
1572 5 8 430 354 128 -1 -1 -1 -1 label : spot-2 0.55
1573 5 2 430 357 130 -1 -1 -1 -1 label : spot-2 0.55
1574 5 0 429 401 126 -1 -1 -1 -1 label : spot-2 0.56
1575 5 0 429 405 124 -1 -1 -1 -1 label : spot-2 0.57
1576 5 0 427 424 123 -1 -1 -1 -1 label : spot-2 0.61
1577 5 0 427 427 122 -1 -1 -1 -1 label : spot-2 0.62
1578 5 0 425 434 119 -1 -1 -1 -1 label : spot-2 0.61
1579 5 1 425 432 118 -1 -1 -1 -1 label : spot-2 0.61
1580 5 5 424 423 122 -1 -1 -1 -1 label : spot-2 0.61
1581 5 2 423 428 124 -1 -1 -1 -1 label : spot-2 0.61
1582 5 4 423 424 128 -1 -1 -1 -1 label : spot-2 0.61
1583 5 1 422 430 131 -1 -1 -1 -1 label : spot-2 0.62
1584 5 0 421 436 130 -1 -1 -1 -1 label : spot-2 0.64
1585 5 0 420 437 130 -1 -1 -1 -1 label : spot-2 0.64
1586 5 2 418 437 130 -1 -1 -1 -1 label : spot-2 0.64
1587 5 2 417 439 131 -1 -1 -1 -1 label : spot-2 0.64
1588 5 2 414 436 131 -1 -1 -1 -1 label : spot-2 0.60
1589 5 2 413 435 132 -1 -1 -1 -1 label : spot-2 0.61
1590 5 0 412 440 131 -1 -1 -1 -1 label : spot-2 0.62
1591 5 0 411 440 132 -1 -1 -1 -1 label : spot-2 0.62
1592 5 0 411 440 131 -1 -1 -1 -1 label : spot-2 0.63
1593 5 1 411 439 131 -1 -1 -1 -1 label : spot-2 0.63
1594 5 0 410 442 131 -1 -1 -1 -1 label : spot-2 0.64
1595 5 0 410 442 130 -1 -1 -1 -1 label : spot-2 0.64
1596 5 0 410 444 131 -1 -1 -1 -1 label : spot-2 0.66
1597 5 0 411 444 130 -1 -1 -1 -1 label : spot-2 0.66
1598 5 0 412 445 131 -1 -1 -1 -1 label : spot-2 0.67
1599 5 0 412 446 131 -1 -1 -1 -1 label : spot-2 0.67
1600 5 0 414 447 129 -1 -1 -1 -1 label : spot-2 0.68
1601 5 0 414 446 129 -1 -1 -1 -1 label : spot-2 0.68
1602 5 0 414 447 129 -1 -1 -1 -1 label : spot-2 0.68
1603 5 0 414 447 129 -1 -1 -1 -1 label : spot-2 0.68
1604 5 0 414 448 128 -1 -1 -1 -1 label : spot-2 0.69
1605 5 0 414 448 128 -1 -1 -1 -1 label : spot-2 0.69
1606 5 0 414 454 122 -1 -1 -1 -1 label : spot-2 0.67
1607 5 0 413 449 120 -1 -1 -1 -1 label : spot-2 0.67
1608 5 3 412 441 122 -1 -1 -1 -1 label : spot-2 0.68
1609 5 1 412 444 123 -1 -1 -1 -1 label : spot-2 0.68
1610 5 2 410 443 126 -1 -1 -1 -1 label : spot-2 0.66
1611 5 1 410 446 127 -1 -1 -1 -1 label : spot-2 0.66
1612 5 2 409 445 130 -1 -1 -1 -1 label : spot-2 0.64
1613 5 0 408 448 131 -1 -1 -1 -1 label : spot-2 0.64
1614 5 0 407 452 130 -1 -1 -1 -1 label : spot-2 0.66
1615 5 0 406 452 131 -1 -1 -1 -1 label : spot-2 0.66
1616 5 3 405 444 133 -1 -1 -1 -1 label : spot-2 0.65
1617 5 0 404 448 135 -1 -1 -1 -1 label : spot-2 0.65
1618 5 0 404 451 133 -1 -1 -1 -1 label : spot-2 0.63
1619 5 0 403 450 133 -1 -1 -1 -1 label : spot-2 0.63
1620 5 1 402 446 134 -1 -1 -1 -1 label : spot-2 0.63
1621 5 0 401 447 136 -1 -1 -1 -1 label : spot-2 0.63
1622 5 0 401 450 134 -1 -1 -1 -1 label : spot-2 0.56
1623 5 0 400 449 135 -1 -1 -1 -1 label : spot-2 0.57
1624 5 0 402 448 132 -1 -1 -1 -1 label : spot-2 0.54
1625 5 0 403 446 130 -1 -1 -1 -1 label : spot-2 0.55
