16 1 905 372 374 179 -1 -1 -1 -1 label : spot-2 0.67
17 1 897 375 381 184 -1 -1 -1 -1 label : spot-2 0.48
18 1 878 376 401 186 -1 -1 -1 -1 label : spot-2 0.61
19 1 867 378 412 188 -1 -1 -1 -1 label : spot-2 0.67
20 1 857 379 422 189 -1 -1 -1 -1 label : spot-2 0.67
21 1 844 381 435 188 -1 -1 -1 -1 label : spot-2 0.67
22 1 837 384 441 188 -1 -1 -1 -1 label : spot-2 0.65
23 1 827 386 452 186 -1 -1 -1 -1 label : spot-2 0.68
24 1 820 388 459 184 -1 -1 -1 -1 label : spot-2 0.68
25 1 811 390 468 182 -1 -1 -1 -1 label : spot-2 0.68
26 1 804 393 475 179 -1 -1 -1 -1 label : spot-2 0.69
27 1 799 395 480 175 -1 -1 -1 -1 label : spot-2 0.66
28 1 796 396 482 171 -1 -1 -1 -1 label : spot-2 0.68
29 1 795 396 480 173 -1 -1 -1 -1 label : spot-2 0.68
30 1 789 397 488 172 -1 -1 -1 -1 label : spot-2 0.65
31 1 786 397 491 171 -1 -1 -1 -1 label : spot-2 0.67
32 1 784 396 492 173 -1 -1 -1 -1 label : spot-2 0.65
33 1 780 396 497 171 -1 -1 -1 -1 label : spot-2 0.65
34 1 777 396 500 171 -1 -1 -1 -1 label : spot-2 0.56
35 1 777 397 499 171 -1 -1 -1 -1 label : spot-2 0.50
36 1 772 398 507 168 -1 -1 -1 -1 label : spot-2 0.45
40 1 772 409 492 151 -1 -1 -1 -1 label : spot-0.52
41 1 772 414 495 154 -1 -1 -1 -1 label : spot-0.51
42 1 774 416 494 158 -1 -1 -1 -1 label : spot-0.47
43 1 771 419 503 157 -1 -1 -1 -1 label : spot-0.51
45 1 771 422 507 151 -1 -1 -1 -1 label : spot-0.50
49 1 788 427 487 148 -1 -1 -1 -1 label : spot-0.59
50 1 796 431 480 146 -1 -1 -1 -1 label : spot-0.56
51 1 804 434 472 144 -1 -1 -1 -1 label : spot-0.56
52 1 805 437 473 141 -1 -1 -1 -1 label : spot-0.50
53 1 813 440 463 142 -1 -1 -1 -1 label : spot-0.46
54 1 819 444 458 139 -1 -1 -1 -1 label : spot-0.54
55 1 822 447 457 138 -1 -1 -1 -1 label : spot-0.52
56 1 825 450 454 134 -1 -1 -1 -1 label : spot-0.62
57 1 832 453 447 130 -1 -1 -1 -1 label : spot-0.55
58 1 834 456 445 126 -1 -1 -1 -1 label : spot-0.60
59 1 849 458 426 128 -1 -1 -1 -1 label : spot-0.62
60 1 852 462 427 123 -1 -1 -1 -1 label : spot-0.53
61 1 874 467 400 124 -1 -1 -1 -1 label : spot-0.51
62 1 885 470 393 120 -1 -1 -1 -1 label : spot-0.48
88 4 684 351 137 35 -1 -1 -1 -1 label : spot-1 0.46
89 4 683 352 140 36 -1 -1 -1 -1 label : spot-1 0.51
90 4 682 352 141 36 -1 -1 -1 -1 label : spot-1 0.54
91 4 682 353 144 36 -1 -1 -1 -1 label : spot-1 0.55
92 4 683 353 143 36 -1 -1 -1 -1 label : spot-1 0.54
93 4 683 353 143 36 -1 -1 -1 -1 label : spot-1 0.48
94 4 683 354 144 37 -1 -1 -1 -1 label : spot-1 0.55
96 4 684 355 155 40 -1 -1 -1 -1 label : spot-1 0.45
97 4 688 356 142 39 -1 -1 -1 -1 label : spot-1 0.48
98 4 685 356 155 41 -1 -1 -1 -1 label : spot-1 0.44
104 4 684 356 167 42 -1 -1 -1 -1 label : spot-1 0.45
105 4 684 357 170 43 -1 -1 -1 -1 label : spot-1 0.43
114 4 684 357 159 37 -1 -1 -1 -1 label : invalidSpot-entrance 0.45
116 4 687 358 156 37 -1 -1 -1 -1 label : invalidSpot-entrance 0.45
117 4 687 358 161 39 -1 -1 -1 -1 label : invalidSpot-entrance 0.51
118 4 687 360 165 38 -1 -1 -1 -1 label : invalidSpot-entrance 0.47
119 4 688 361 165 38 -1 -1 -1 -1 label : invalidSpot-entrance 0.50
120 4 690 362 165 39 -1 -1 -1 -1 label : invalidSpot-entrance 0.45
