83 1 637 309 80 27 -1 -1 -1 -1 label : spot-0.59
83 2 942 399 332 116 -1 -1 -1 -1 label : spot-1 0.47
84 1 640 307 80 26 -1 -1 -1 -1 label : spot-0.61
84 2 989 400 284 109 -1 -1 -1 -1 label : spot-1 0.57
85 1 641 307 81 27 -1 -1 -1 -1 label : spot-0.58
85 2 993 404 286 109 -1 -1 -1 -1 label : spot-1 0.57
86 1 643 307 83 28 -1 -1 -1 -1 label : spot-0.57
86 2 1015 409 264 102 -1 -1 -1 -1 label : spot-1 0.53
87 1 644 307 87 29 -1 -1 -1 -1 label : spot-0.60
87 2 1008 414 271 94 -1 -1 -1 -1 label : spot-1 0.55
88 1 644 309 91 28 -1 -1 -1 -1 label : spot-0.53
88 2 1057 420 217 94 -1 -1 -1 -1 label : spot-1 0.51
89 1 648 313 90 27 -1 -1 -1 -1 label : spot-0.53
90 1 652 315 88 32 -1 -1 -1 -1 label : spot-0.52
91 1 649 321 98 31 -1 -1 -1 -1 label : spot-0.53
92 1 651 328 99 33 -1 -1 -1 -1 label : spot-0.57
93 1 652 335 102 32 -1 -1 -1 -1 label : spot-0.57
94 1 653 341 107 32 -1 -1 -1 -1 label : spot-0.47
95 1 655 346 110 32 -1 -1 -1 -1 label : spot-0.54
96 1 657 349 114 33 -1 -1 -1 -1 label : spot-0.57
97 1 659 351 118 33 -1 -1 -1 -1 label : spot-0.48
98 1 662 350 118 36 -1 -1 -1 -1 label : spot-0.56
99 1 665 349 119 39 -1 -1 -1 -1 label : spot-2 0.49
100 1 669 348 126 40 -1 -1 -1 -1 label : spot-2 0.51
101 1 672 347 130 40 -1 -1 -1 -1 label : spot-2 0.59
103 1 672 343 139 45 -1 -1 -1 -1 label : spot-2 0.51
104 1 676 341 142 48 -1 -1 -1 -1 label : spot-2 0.46
105 1 676 339 153 50 -1 -1 -1 -1 label : spot-2 0.51
106 1 678 338 160 52 -1 -1 -1 -1 label : spot-2 0.53
107 1 679 339 167 53 -1 -1 -1 -1 label : spot-2 0.60
109 1 685 338 175 56 -1 -1 -1 -1 label : spot-2 0.54
111 1 692 336 186 61 -1 -1 -1 -1 label : spot-2 0.53
112 1 695 336 201 63 -1 -1 -1 -1 label : spot-2 0.68
113 1 698 337 209 65 -1 -1 -1 -1 label : spot-2 0.64
114 1 698 337 224 65 -1 -1 -1 -1 label : spot-2 0.68
115 1 704 337 227 69 -1 -1 -1 -1 label : spot-2 0.70
116 1 702 339 243 69 -1 -1 -1 -1 label : spot-2 0.69
117 1 708 341 251 70 -1 -1 -1 -1 label : spot-2 0.70
118 1 712 343 264 71 -1 -1 -1 -1 label : spot-2 0.68
119 1 718 344 272 78 -1 -1 -1 -1 label : spot-2 0.70
120 1 717 345 292 80 -1 -1 -1 -1 label : spot-2 0.67
121 1 722 345 306 86 -1 -1 -1 -1 label : spot-2 0.72
122 1 718 344 337 86 -1 -1 -1 -1 label : spot-2 0.71
123 1 725 344 345 86 -1 -1 -1 -1 label : spot-2 0.67
124 1 733 342 358 90 -1 -1 -1 -1 label : spot-2 0.69
125 1 737 341 381 94 -1 -1 -1 -1 label : spot-2 0.67
126 1 743 339 405 100 -1 -1 -1 -1 label : spot-2 0.68
127 1 744 339 435 105 -1 -1 -1 -1 label : spot-2 0.63
128 1 739 340 470 109 -1 -1 -1 -1 label : spot-2 0.55
133 1 763 351 487 126 -1 -1 -1 -1 label : spot-2 0.48
134 1 766 358 506 130 -1 -1 -1 -1 label : spot-2 0.53
135 1 781 363 496 138 -1 -1 -1 -1 label : spot-2 0.48
136 1 774 367 505 134 -1 -1 -1 -1 label : spot-2 0.50
137 1 792 368 487 134 -1 -1 -1 -1 label : spot-2 0.52
138 1 795 368 484 132 -1 -1 -1 -1 label : spot-2 0.49
139 1 798 368 481 131 -1 -1 -1 -1 label : spot-2 0.51
140 1 799 368 480 128 -1 -1 -1 -1 label : spot-2 0.48
333 8 1006 340 27 58 -1 -1 -1 -1 label : fireHydrant 0.61
334 8 1016 342 27 58 -1 -1 -1 -1 label : fireHydrant 0.58
335 8 1026 342 26 60 -1 -1 -1 -1 label : fireHydrant 0.66
336 8 1036 344 26 59 -1 -1 -1 -1 label : fireHydrant 0.58
341 8 1075 351 27 63 -1 -1 -1 -1 label : fireHydrant 0.59
343 8 1103 356 30 67 -1 -1 -1 -1 label : fireHydrant 0.49
350 8 1172 367 30 72 -1 -1 -1 -1 label : fireHydrant 0.61
351 8 1205 372 31 71 -1 -1 -1 -1 label : fireHydrant 0.75
352 8 1228 374 30 71 -1 -1 -1 -1 label : fireHydrant 0.63
353 8 1247 375 28 71 -1 -1 -1 -1 label : fireHydrant 0.59
