3 1 818 402 412 75 -1 -1 -1 -1 label : spot-2 0.43
4 1 848 399 382 81 -1 -1 -1 -1 label : spot-2 0.42
5 1 848 398 394 83 -1 -1 -1 -1 label : spot-2 0.42
6 1 835 398 436 84 -1 -1 -1 -1 label : spot-2 0.41
7 1 837 398 438 85 -1 -1 -1 -1 label : spot-2 0.42
8 1 858 398 414 89 -1 -1 -1 -1 label : spot-2 0.52
9 1 858 397 419 91 -1 -1 -1 -1 label : spot-2 0.51
10 1 845 396 434 89 -1 -1 -1 -1 label : spot-2 0.47
11 1 844 395 435 88 -1 -1 -1 -1 label : spot-2 0.47
12 1 845 395 433 86 -1 -1 -1 -1 label : spot-2 0.38
12 3 1060 303 37 100 -1 -1 -1 -1 label : fireHydrant 0.13
13 1 845 394 432 86 -1 -1 -1 -1 label : spot-2 0.40
13 3 1062 302 38 102 -1 -1 -1 -1 label : fireHydrant 0.14
14 1 852 391 419 85 -1 -1 -1 -1 label : spot-2 0.40
14 3 1068 298 38 105 -1 -1 -1 -1 label : fireHydrant 0.21
15 1 852 390 419 85 -1 -1 -1 -1 label : spot-2 0.40
15 3 1070 297 38 106 -1 -1 -1 -1 label : fireHydrant 0.18
16 1 892 389 354 84 -1 -1 -1 -1 label : invalidSpot-fireHydrant 0.34
16 3 1075 297 40 104 -1 -1 -1 -1 label : fireHydrant 0.10
17 1 896 388 352 84 -1 -1 -1 -1 label : invalidSpot-fireHydrant 0.34
17 3 1077 297 40 103 -1 -1 -1 -1 label : fireHydrant 0.11
18 1 893 392 367 79 -1 -1 -1 -1 label : invalidSpot-fireHydrant 0.52
18 3 1081 302 42 99 -1 -1 -1 -1 label : fireHydrant 0.18
19 1 900 394 358 77 -1 -1 -1 -1 label : invalidSpot-fireHydrant 0.52
19 3 1083 304 42 97 -1 -1 -1 -1 label : fireHydrant 0.18
20 1 906 389 345 86 -1 -1 -1 -1 label : invalidSpot-fireHydrant 0.41
20 3 1092 298 43 99 -1 -1 -1 -1 label : fireHydrant 0.12
21 1 900 387 356 88 -1 -1 -1 -1 label : invalidSpot-fireHydrant 0.43
21 3 1095 296 43 99 -1 -1 -1 -1 label : fireHydrant 0.12
22 1 875 388 404 85 -1 -1 -1 -1 label : spot-2 0.18
22 3 1099 295 45 102 -1 -1 -1 -1 label : fireHydrant 0.15
22 6 862 384 232 52 -1 -1 -1 -1 label : spot-1 0.13
23 1 874 388 403 85 -1 -1 -1 -1 label : spot-2 0.17
23 3 1101 294 46 104 -1 -1 -1 -1 label : fireHydrant 0.16
23 6 861 383 235 54 -1 -1 -1 -1 label : spot-1 0.13
24 1 880 387 394 85 -1 -1 -1 -1 label : spot-2 0.23
24 3 1110 295 40 104 -1 -1 -1 -1 label : fireHydrant 0.15
24 6 859 383 242 52 -1 -1 -1 -1 label : spot-1 0.14
25 1 879 386 396 85 -1 -1 -1 -1 label : spot-2 0.22
25 3 1113 295 40 104 -1 -1 -1 -1 label : fireHydrant 0.17
25 6 861 383 240 52 -1 -1 -1 -1 label : spot-1 0.14
26 1 884 386 389 85 -1 -1 -1 -1 label : spot-2 0.15
26 3 1117 293 49 108 -1 -1 -1 -1 label : fireHydrant 0.12
27 1 885 386 389 84 -1 -1 -1 -1 label : spot-2 0.16
27 3 1122 292 49 109 -1 -1 -1 -1 label : fireHydrant 0.10
28 1 886 386 390 84 -1 -1 -1 -1 label : spot-2 0.28
28 3 1131 298 44 104 -1 -1 -1 -1 label : fireHydrant 0.12
29 3 1133 299 44 103 -1 -1 -1 -1 label : fireHydrant 0.27
29 6 871 386 263 58 -1 -1 -1 -1 label : spot-1 0.12
30 3 1142 295 40 112 -1 -1 -1 -1 label : fireHydrant 0.16
30 6 886 387 239 59 -1 -1 -1 -1 label : spot-1 0.10
31 3 1144 293 41 116 -1 -1 -1 -1 label : fireHydrant 0.17
31 6 884 387 244 60 -1 -1 -1 -1 label : spot-1 0.10
32 1 938 390 333 89 -1 -1 -1 -1 label : spot-2 0.12
32 3 1148 293 41 117 -1 -1 -1 -1 label : fireHydrant 0.10
33 1 940 390 334 89 -1 -1 -1 -1 label : spot-2 0.12
33 6 875 389 280 59 -1 -1 -1 -1 label : spot-1 0.11
34 1 944 390 331 90 -1 -1 -1 -1 label : spot-2 0.12
36 6 896 382 300 64 -1 -1 -1 -1 label : spot-1 0.13
36 7 1 385 136 119 -1 -1 -1 -1 label : spot-1 0.12
37 6 899 381 304 64 -1 -1 -1 -1 label : spot-1 0.14
37 7 0 384 135 119 -1 -1 -1 -1 label : spot-1 0.13
38 1 937 385 342 87 -1 -1 -1 -1 label : spot-2 0.14
38 6 896 382 312 66 -1 -1 -1 -1 label : spot-1 0.11
39 1 937 385 342 86 -1 -1 -1 -1 label : spot-2 0.14
39 6 894 383 317 66 -1 -1 -1 -1 label : spot-1 0.12
40 1 938 385 341 85 -1 -1 -1 -1 label : spot-2 0.12
41 6 895 382 316 65 -1 -1 -1 -1 label : spot-1 0.12
42 1 950 380 328 87 -1 -1 -1 -1 label : spot-2 0.11
43 1 949 379 330 87 -1 -1 -1 -1 label : spot-2 0.11
44 1 951 379 328 87 -1 -1 -1 -1 label : spot-2 0.11
45 7 0 388 91 110 -1 -1 -1 -1 label : spot-1 0.11
46 1 903 378 369 76 -1 -1 -1 -1 label : spot-0.17
46 6 980 381 289 85 -1 -1 -1 -1 label : spot-2 0.11
47 1 904 378 359 75 -1 -1 -1 -1 label : spot-0.17
47 6 984 381 294 87 -1 -1 -1 -1 label : spot-2 0.10
48 1 893 378 373 72 -1 -1 -1 -1 label : spot-0.15
48 6 986 381 293 88 -1 -1 -1 -1 label : invalidspot-coloredCurb 0.13
49 1 895 378 366 70 -1 -1 -1 -1 label : spot-0.15
49 6 986 381 293 88 -1 -1 -1 -1 label : invalidspot-coloredCurb 0.12
50 1 901 381 368 66 -1 -1 -1 -1 label : spot-0.15
51 1 907 382 361 65 -1 -1 -1 -1 label : spot-0.15
52 1 914 380 354 66 -1 -1 -1 -1 label : spot-0.16
53 1 915 380 356 66 -1 -1 -1 -1 label : spot-0.16
54 1 941 379 323 76 -1 -1 -1 -1 label : spot-0.18
54 6 985 383 294 94 -1 -1 -1 -1 label : spot-2 0.18
55 1 937 379 337 80 -1 -1 -1 -1 label : spot-0.18
55 6 983 383 296 94 -1 -1 -1 -1 label : spot-2 0.18
56 1 938 379 340 81 -1 -1 -1 -1 label : spot-0.19
56 6 987 382 289 100 -1 -1 -1 -1 label : spot-2 0.16
57 1 938 378 341 82 -1 -1 -1 -1 label : spot-0.19
57 6 983 382 296 102 -1 -1 -1 -1 label : spot-2 0.16
58 1 944 380 330 89 -1 -1 -1 -1 label : spot-0.19
59 1 940 381 339 91 -1 -1 -1 -1 label : spot-0.19
60 1 965 381 314 85 -1 -1 -1 -1 label : spot-0.19
61 1 970 381 309 83 -1 -1 -1 -1 label : spot-0.19
62 1 1035 382 228 94 -1 -1 -1 -1 label : invalidspot-coloredCurb 0.14
62 6 1015 384 264 96 -1 -1 -1 -1 label : spot-1 0.12
63 1 1040 383 236 97 -1 -1 -1 -1 label : invalidspot-coloredCurb 0.14
63 6 1018 385 261 94 -1 -1 -1 -1 label : spot-1 0.13
64 1 1053 382 224 100 -1 -1 -1 -1 label : invalidspot-coloredCurb 0.15
64 6 968 384 311 93 -1 -1 -1 -1 label : spot-1 0.13
65 1 1055 381 224 102 -1 -1 -1 -1 label : invalidspot-coloredCurb 0.15
65 6 961 384 318 93 -1 -1 -1 -1 label : spot-1 0.13
66 1 1065 381 214 104 -1 -1 -1 -1 label : invalidspot-coloredCurb 0.19
67 6 1001 379 276 81 -1 -1 -1 -1 label : spot-1 0.19
68 6 1029 378 244 79 -1 -1 -1 -1 label : spot-1 0.26
69 6 1036 377 240 79 -1 -1 -1 -1 label : spot-1 0.27
70 6 1069 377 201 82 -1 -1 -1 -1 label : spot-1 0.23
70 8 333 310 49 28 -1 -1 -1 -1 label : spot-1 0.14
71 6 1073 376 204 84 -1 -1 -1 -1 label : spot-1 0.23
71 8 331 311 49 28 -1 -1 -1 -1 label : spot-1 0.14
72 6 1080 376 198 80 -1 -1 -1 -1 label : spot-1 0.28
72 8 331 308 49 29 -1 -1 -1 -1 label : spot-1 0.12
73 6 1083 376 195 79 -1 -1 -1 -1 label : spot-1 0.28
73 8 330 307 50 30 -1 -1 -1 -1 label : spot-1 0.12
74 1 993 387 286 102 -1 -1 -1 -1 label : spot-0.16
74 6 1096 377 180 82 -1 -1 -1 -1 label : spot-1 0.11
75 1 992 388 287 101 -1 -1 -1 -1 label : spot-0.16
75 6 1096 377 183 83 -1 -1 -1 -1 label : spot-1 0.11
76 1 1089 384 173 95 -1 -1 -1 -1 label : invalidspot-coloredCurb 0.22
76 6 1103 376 176 85 -1 -1 -1 -1 label : spot-1 0.13
76 8 326 308 50 29 -1 -1 -1 -1 label : spot-1 0.11
77 1 1107 382 168 93 -1 -1 -1 -1 label : invalidspot-coloredCurb 0.22
77 6 1103 376 176 85 -1 -1 -1 -1 label : spot-1 0.13
77 8 326 308 49 29 -1 -1 -1 -1 label : spot-1 0.11
78 1 1119 384 158 95 -1 -1 -1 -1 label : invalidspot-coloredCurb 0.17
78 6 1098 379 181 84 -1 -1 -1 -1 label : spot-1 0.17
78 8 325 308 49 30 -1 -1 -1 -1 label : spot-1 0.11
79 1 1121 384 158 96 -1 -1 -1 -1 label : invalidspot-coloredCurb 0.18
79 6 1097 380 182 83 -1 -1 -1 -1 label : spot-1 0.17
79 8 325 308 48 30 -1 -1 -1 -1 label : spot-1 0.11
80 1 1119 387 160 92 -1 -1 -1 -1 label : invalidspot-coloredCurb 0.20
80 6 1101 380 178 83 -1 -1 -1 -1 label : spot-1 0.10
81 1 1120 388 159 91 -1 -1 -1 -1 label : invalidspot-coloredCurb 0.21
81 8 324 308 48 30 -1 -1 -1 -1 label : spot-1 0.10
82 1 1135 391 143 91 -1 -1 -1 -1 label : invalidspot-coloredCurb 0.17
83 1 1136 392 143 91 -1 -1 -1 -1 label : invalidspot-coloredCurb 0.18
84 1 1139 391 140 92 -1 -1 -1 -1 label : invalidspot-coloredCurb 0.15
85 1 1139 391 140 92 -1 -1 -1 -1 label : invalidspot-coloredCurb 0.16
86 1 1154 388 125 89 -1 -1 -1 -1 label : invalidspot-coloredCurb 0.13
86 6 1148 380 131 87 -1 -1 -1 -1 label : spot-1 0.11
87 1 1157 386 122 89 -1 -1 -1 -1 label : invalidspot-coloredCurb 0.13
87 6 1149 380 130 88 -1 -1 -1 -1 label : spot-1 0.11
88 1 1156 391 123 87 -1 -1 -1 -1 label : invalidspot-coloredCurb 0.23
89 1 1156 393 123 86 -1 -1 -1 -1 label : invalidspot-coloredCurb 0.23
90 1 1169 389 109 89 -1 -1 -1 -1 label : invalidspot-coloredCurb 0.13
91 1 1171 388 108 90 -1 -1 -1 -1 label : invalidspot-coloredCurb 0.13
92 1 1173 388 106 89 -1 -1 -1 -1 label : invalidspot-coloredCurb 0.16
93 1 1174 388 105 89 -1 -1 -1 -1 label : invalidspot-coloredCurb 0.16
94 1 1088 396 191 89 -1 -1 -1 -1 label : spot-0.14
95 1 1074 400 205 88 -1 -1 -1 -1 label : spot-0.14
162 11 252 296 12 38 -1 -1 -1 -1 label : fireHydrant 0.10
163 11 251 295 12 39 -1 -1 -1 -1 label : fireHydrant 0.10
224 12 157 327 104 47 -1 -1 -1 -1 label : spot-1 0.16
225 12 156 326 106 49 -1 -1 -1 -1 label : spot-1 0.16
226 12 157 327 104 48 -1 -1 -1 -1 label : spot-1 0.12
227 12 156 326 106 50 -1 -1 -1 -1 label : spot-1 0.13
234 12 146 323 125 50 -1 -1 -1 -1 label : spot-1 0.15
235 12 145 322 127 50 -1 -1 -1 -1 label : spot-1 0.16
240 12 135 323 134 47 -1 -1 -1 -1 label : spot-1 0.16
241 12 134 323 132 47 -1 -1 -1 -1 label : spot-1 0.15
242 12 135 324 130 47 -1 -1 -1 -1 label : spot-1 0.32
243 12 136 324 129 49 -1 -1 -1 -1 label : spot-1 0.33
244 12 133 324 131 49 -1 -1 -1 -1 label : spot-1 0.22
245 12 132 324 131 49 -1 -1 -1 -1 label : spot-1 0.22
246 12 131 325 132 49 -1 -1 -1 -1 label : spot-1 0.30
247 12 132 325 130 50 -1 -1 -1 -1 label : spot-1 0.30
248 12 130 325 134 50 -1 -1 -1 -1 label : spot-1 0.33
249 12 131 325 134 51 -1 -1 -1 -1 label : spot-1 0.34
250 12 130 326 136 50 -1 -1 -1 -1 label : spot-1 0.28
251 12 130 326 135 50 -1 -1 -1 -1 label : spot-1 0.28
252 12 128 327 136 49 -1 -1 -1 -1 label : spot-1 0.29
253 12 127 327 137 49 -1 -1 -1 -1 label : spot-1 0.29
254 12 126 326 135 51 -1 -1 -1 -1 label : spot-1 0.23
255 12 123 326 139 51 -1 -1 -1 -1 label : spot-1 0.18
256 12 122 326 139 51 -1 -1 -1 -1 label : spot-1 0.23
257 12 122 326 139 52 -1 -1 -1 -1 label : spot-1 0.24
258 12 122 326 138 52 -1 -1 -1 -1 label : spot-1 0.29
259 12 121 326 139 51 -1 -1 -1 -1 label : spot-1 0.29
260 12 120 326 139 52 -1 -1 -1 -1 label : spot-1 0.27
261 12 120 326 138 53 -1 -1 -1 -1 label : spot-1 0.27
262 12 117 327 137 51 -1 -1 -1 -1 label : spot-1 0.23
263 12 117 327 136 51 -1 -1 -1 -1 label : spot-1 0.22
264 12 117 327 137 53 -1 -1 -1 -1 label : spot-1 0.33
265 12 116 327 141 53 -1 -1 -1 -1 label : spot-1 0.33
266 12 115 327 141 54 -1 -1 -1 -1 label : spot-1 0.31
267 12 115 327 141 54 -1 -1 -1 -1 label : spot-1 0.31
268 12 114 327 137 55 -1 -1 -1 -1 label : spot-1 0.30
269 12 112 327 138 55 -1 -1 -1 -1 label : spot-1 0.30
270 12 111 327 138 56 -1 -1 -1 -1 label : spot-1 0.27
271 12 110 327 138 56 -1 -1 -1 -1 label : spot-1 0.26
272 12 106 326 150 57 -1 -1 -1 -1 label : spot-1 0.34
273 12 106 326 150 57 -1 -1 -1 -1 label : spot-1 0.32
274 12 107 324 149 59 -1 -1 -1 -1 label : spot-1 0.33
275 12 107 324 151 59 -1 -1 -1 -1 label : spot-1 0.34
276 12 103 324 159 58 -1 -1 -1 -1 label : spot-1 0.41
277 12 106 324 150 58 -1 -1 -1 -1 label : spot-1 0.41
278 12 102 322 155 55 -1 -1 -1 -1 label : spot-1 0.48
279 12 103 322 151 53 -1 -1 -1 -1 label : spot-1 0.45
280 12 103 321 148 55 -1 -1 -1 -1 label : spot-1 0.40
281 12 102 320 149 56 -1 -1 -1 -1 label : spot-1 0.42
282 12 99 321 158 56 -1 -1 -1 -1 label : spot-1 0.39
283 12 99 321 159 56 -1 -1 -1 -1 label : spot-1 0.39
284 12 99 321 159 56 -1 -1 -1 -1 label : spot-1 0.30
285 12 99 320 159 56 -1 -1 -1 -1 label : spot-1 0.29
286 12 103 318 148 59 -1 -1 -1 -1 label : spot-1 0.45
287 12 100 318 151 59 -1 -1 -1 -1 label : spot-1 0.49
288 12 99 317 153 60 -1 -1 -1 -1 label : spot-1 0.50
289 12 98 317 153 60 -1 -1 -1 -1 label : spot-1 0.50
290 12 97 318 156 59 -1 -1 -1 -1 label : spot-1 0.46
291 12 97 318 155 59 -1 -1 -1 -1 label : spot-1 0.46
292 12 96 319 157 60 -1 -1 -1 -1 label : spot-1 0.45
293 12 96 319 157 60 -1 -1 -1 -1 label : spot-1 0.45
294 12 95 320 159 61 -1 -1 -1 -1 label : spot-1 0.37
295 12 95 320 159 61 -1 -1 -1 -1 label : spot-1 0.37
296 12 93 323 151 60 -1 -1 -1 -1 label : spot-1 0.29
297 12 92 324 149 59 -1 -1 -1 -1 label : spot-1 0.28
298 12 88 326 159 60 -1 -1 -1 -1 label : spot-1 0.51
299 12 88 327 160 60 -1 -1 -1 -1 label : spot-1 0.50
300 12 85 331 166 56 -1 -1 -1 -1 label : spot-1 0.34
301 12 87 332 161 55 -1 -1 -1 -1 label : spot-1 0.34
302 12 82 337 173 51 -1 -1 -1 -1 label : spot-1 0.39
303 12 84 339 169 50 -1 -1 -1 -1 label : spot-1 0.38
304 12 82 343 171 46 -1 -1 -1 -1 label : spot-1 0.25
305 12 83 344 169 46 -1 -1 -1 -1 label : spot-1 0.25
306 12 87 346 156 50 -1 -1 -1 -1 label : spot-1 0.19
307 12 83 347 162 52 -1 -1 -1 -1 label : spot-1 0.18
308 12 82 349 162 53 -1 -1 -1 -1 label : spot-1 0.29
309 12 81 350 164 53 -1 -1 -1 -1 label : spot-1 0.28
310 12 81 352 163 56 -1 -1 -1 -1 label : spot-1 0.37
311 12 79 353 166 57 -1 -1 -1 -1 label : spot-1 0.37
312 12 75 354 169 59 -1 -1 -1 -1 label : spot-1 0.53
313 12 72 354 173 61 -1 -1 -1 -1 label : spot-1 0.52
314 12 70 354 175 61 -1 -1 -1 -1 label : spot-1 0.45
315 12 70 354 175 61 -1 -1 -1 -1 label : spot-1 0.45
316 12 65 354 182 57 -1 -1 -1 -1 label : spot-1 0.37
317 12 68 354 176 56 -1 -1 -1 -1 label : spot-1 0.39
318 12 68 353 171 54 -1 -1 -1 -1 label : spot-1 0.27
319 12 68 352 170 54 -1 -1 -1 -1 label : spot-1 0.30
320 12 68 351 170 53 -1 -1 -1 -1 label : invalidspot-coloredCurb 0.16
321 12 69 350 163 52 -1 -1 -1 -1 label : invalidspot-coloredCurb 0.16
322 12 69 349 163 54 -1 -1 -1 -1 label : spot-1 0.22
323 12 66 349 169 54 -1 -1 -1 -1 label : spot-1 0.23
324 12 65 347 173 51 -1 -1 -1 -1 label : spot-1 0.15
325 12 67 346 170 50 -1 -1 -1 -1 label : spot-1 0.16
326 12 62 344 178 50 -1 -1 -1 -1 label : spot-1 0.17
327 12 62 344 179 49 -1 -1 -1 -1 label : spot-1 0.17
328 12 58 343 183 53 -1 -1 -1 -1 label : spot-1 0.31
329 12 55 342 188 55 -1 -1 -1 -1 label : spot-1 0.31
330 12 51 342 192 54 -1 -1 -1 -1 label : spot-1 0.22
331 12 50 341 192 55 -1 -1 -1 -1 label : spot-1 0.20
332 12 51 341 188 58 -1 -1 -1 -1 label : spot-1 0.28
333 12 49 340 192 60 -1 -1 -1 -1 label : spot-1 0.24
334 12 43 341 201 57 -1 -1 -1 -1 label : spot-1 0.24
335 12 44 341 198 57 -1 -1 -1 -1 label : spot-1 0.25
336 12 44 341 196 58 -1 -1 -1 -1 label : spot-1 0.28
337 12 44 341 196 59 -1 -1 -1 -1 label : spot-1 0.29
338 12 41 342 201 57 -1 -1 -1 -1 label : spot-1 0.25
339 12 41 342 200 57 -1 -1 -1 -1 label : spot-1 0.27
340 12 37 343 202 57 -1 -1 -1 -1 label : spot-1 0.29
341 12 36 343 202 57 -1 -1 -1 -1 label : spot-1 0.31
342 12 35 344 200 59 -1 -1 -1 -1 label : spot-1 0.20
343 12 34 344 202 60 -1 -1 -1 -1 label : spot-1 0.19
344 12 28 346 212 58 -1 -1 -1 -1 label : invalidspot-coloredCurb 0.26
345 12 29 346 209 58 -1 -1 -1 -1 label : invalidspot-coloredCurb 0.26
346 12 33 346 194 63 -1 -1 -1 -1 label : spot-1 0.23
347 12 26 347 207 63 -1 -1 -1 -1 label : spot-1 0.22
348 12 26 347 201 65 -1 -1 -1 -1 label : spot-1 0.20
349 12 24 347 203 66 -1 -1 -1 -1 label : spot-1 0.20
350 12 17 348 204 64 -1 -1 -1 -1 label : invalidspot-coloredCurb 0.19
351 12 16 348 201 63 -1 -1 -1 -1 label : invalidspot-coloredCurb 0.20
352 12 10 350 207 59 -1 -1 -1 -1 label : invalidspot-coloredCurb 0.18
352 18 10 352 218 56 -1 -1 -1 -1 label : spot-1 0.11
353 12 8 350 208 59 -1 -1 -1 -1 label : invalidspot-coloredCurb 0.19
354 18 9 353 218 53 -1 -1 -1 -1 label : spot-1 0.17
355 12 9 351 209 56 -1 -1 -1 -1 label : invalidspot-coloredCurb 0.15
355 18 10 353 216 52 -1 -1 -1 -1 label : spot-1 0.12
356 12 7 351 210 56 -1 -1 -1 -1 label : invalidspot-coloredCurb 0.20
357 18 3 353 221 60 -1 -1 -1 -1 label : spot-1 0.21
358 18 0 353 225 61 -1 -1 -1 -1 label : invalidspot-coloredCurb 0.13
359 18 0 353 225 62 -1 -1 -1 -1 label : invalidspot-coloredCurb 0.13
360 18 1 353 221 64 -1 -1 -1 -1 label : spot-1 0.14
361 18 0 353 223 65 -1 -1 -1 -1 label : spot-1 0.13
362 12 0 352 221 63 -1 -1 -1 -1 label : spot-1 0.11
362 18 5 352 210 71 -1 -1 -1 -1 label : invalidspot-coloredCurb 0.11
363 12 0 352 222 64 -1 -1 -1 -1 label : spot-1 0.11
364 18 1 352 217 72 -1 -1 -1 -1 label : invalidspot-coloredCurb 0.13
365 18 0 352 227 65 -1 -1 -1 -1 label : invalidspot-coloredCurb 0.14
366 18 0 353 222 65 -1 -1 -1 -1 label : spot-1 0.18
367 18 0 353 220 67 -1 -1 -1 -1 label : spot-1 0.17
370 18 1 354 217 69 -1 -1 -1 -1 label : spot-1 0.20
371 18 0 354 219 70 -1 -1 -1 -1 label : spot-1 0.21
372 12 0 353 211 68 -1 -1 -1 -1 label : invalidspot-coloredCurb 0.11
372 18 0 355 221 66 -1 -1 -1 -1 label : spot-1 0.10
373 12 0 354 211 68 -1 -1 -1 -1 label : invalidspot-coloredCurb 0.11
373 18 0 355 219 65 -1 -1 -1 -1 label : spot-1 0.10
374 12 0 354 212 66 -1 -1 -1 -1 label : invalidspot-coloredCurb 0.12
374 18 0 355 219 64 -1 -1 -1 -1 label : spot-1 0.10
375 12 0 355 211 66 -1 -1 -1 -1 label : invalidspot-coloredCurb 0.12
376 18 1 356 214 63 -1 -1 -1 -1 label : spot-1 0.11
377 18 0 356 217 63 -1 -1 -1 -1 label : spot-1 0.12
378 18 1 356 214 64 -1 -1 -1 -1 label : spot-1 0.13
379 18 0 356 215 64 -1 -1 -1 -1 label : spot-1 0.13
380 18 0 355 218 64 -1 -1 -1 -1 label : spot-2 0.10
381 18 0 354 220 60 -1 -1 -1 -1 label : invalidspot-coloredCurb 0.10
382 18 0 352 216 59 -1 -1 -1 -1 label : invalidspot-coloredCurb 0.16
383 18 1 351 214 59 -1 -1 -1 -1 label : invalidspot-coloredCurb 0.14
384 18 5 348 200 66 -1 -1 -1 -1 label : invalidspot-coloredCurb 0.14
385 18 1 348 205 67 -1 -1 -1 -1 label : invalidspot-coloredCurb 0.15
386 18 0 347 214 66 -1 -1 -1 -1 label : invalidspot-coloredCurb 0.11
387 18 0 347 213 65 -1 -1 -1 -1 label : invalidspot-coloredCurb 0.11
388 18 6 347 195 74 -1 -1 -1 -1 label : invalidspot-coloredCurb 0.15
389 18 1 346 203 77 -1 -1 -1 -1 label : invalidspot-coloredCurb 0.15
390 18 0 346 209 73 -1 -1 -1 -1 label : invalidspot-coloredCurb 0.13
391 18 0 346 206 72 -1 -1 -1 -1 label : invalidspot-coloredCurb 0.12
392 12 1 347 198 91 -1 -1 -1 -1 label : invalidspot-coloredCurb 0.17
392 18 0 354 271 90 -1 -1 -1 -1 label : spot-1 0.10
393 12 0 346 201 93 -1 -1 -1 -1 label : invalidspot-coloredCurb 0.17
393 18 0 357 292 97 -1 -1 -1 -1 label : spot-1 0.11
394 12 1 347 196 94 -1 -1 -1 -1 label : invalidspot-coloredCurb 0.18
395 12 0 347 196 95 -1 -1 -1 -1 label : invalidspot-coloredCurb 0.19
396 12 0 347 196 92 -1 -1 -1 -1 label : invalidspot-coloredCurb 0.20
397 12 0 346 195 92 -1 -1 -1 -1 label : invalidspot-coloredCurb 0.20
398 12 0 348 197 90 -1 -1 -1 -1 label : invalidspot-coloredCurb 0.19
399 12 0 348 195 90 -1 -1 -1 -1 label : invalidspot-coloredCurb 0.20
400 12 1 348 192 90 -1 -1 -1 -1 label : invalidspot-coloredCurb 0.13
400 18 0 356 268 94 -1 -1 -1 -1 label : spot-1 0.11
401 12 0 348 192 91 -1 -1 -1 -1 label : invalidspot-coloredCurb 0.13
401 18 0 356 262 93 -1 -1 -1 -1 label : spot-1 0.11
402 12 0 348 191 92 -1 -1 -1 -1 label : invalidspot-coloredCurb 0.18
403 18 0 361 294 91 -1 -1 -1 -1 label : spot-1 0.18
404 18 1 362 293 92 -1 -1 -1 -1 label : spot-1 0.22
405 18 0 362 296 93 -1 -1 -1 -1 label : spot-1 0.21
406 18 7 360 258 94 -1 -1 -1 -1 label : spot-1 0.18
407 18 3 358 256 96 -1 -1 -1 -1 label : spot-1 0.18
408 12 1 351 185 96 -1 -1 -1 -1 label : spot-1 0.20
408 18 0 361 283 104 -1 -1 -1 -1 label : spot-1 0.14
409 12 0 352 187 95 -1 -1 -1 -1 label : spot-1 0.21
409 18 0 362 292 106 -1 -1 -1 -1 label : spot-1 0.14
410 12 0 352 186 96 -1 -1 -1 -1 label : spot-1 0.24
411 18 0 362 286 100 -1 -1 -1 -1 label : spot-1 0.23
412 18 0 364 293 99 -1 -1 -1 -1 label : spot-1 0.23
413 18 1 365 292 98 -1 -1 -1 -1 label : spot-1 0.24
414 12 0 353 171 97 -1 -1 -1 -1 label : spot-1 0.27
414 18 0 365 293 95 -1 -1 -1 -1 label : spot-1 0.12
415 12 0 354 172 95 -1 -1 -1 -1 label : spot-1 0.26
415 18 0 365 291 94 -1 -1 -1 -1 label : spot-1 0.13
416 12 0 352 170 92 -1 -1 -1 -1 label : spot-1 0.28
416 18 1 364 288 93 -1 -1 -1 -1 label : spot-1 0.15
417 12 0 353 170 93 -1 -1 -1 -1 label : spot-1 0.28
417 18 2 364 286 92 -1 -1 -1 -1 label : spot-1 0.17
418 12 1 353 166 97 -1 -1 -1 -1 label : spot-1 0.30
418 18 3 365 283 94 -1 -1 -1 -1 label : spot-1 0.20
419 12 0 354 167 96 -1 -1 -1 -1 label : spot-1 0.31
419 18 3 365 284 96 -1 -1 -1 -1 label : spot-1 0.21
420 12 0 356 175 97 -1 -1 -1 -1 label : spot-1 0.29
420 18 6 366 274 103 -1 -1 -1 -1 label : spot-1 0.20
421 12 0 356 174 99 -1 -1 -1 -1 label : spot-1 0.28
421 18 3 366 278 108 -1 -1 -1 -1 label : spot-1 0.19
422 12 0 357 173 96 -1 -1 -1 -1 label : spot-1 0.28
422 18 0 366 292 101 -1 -1 -1 -1 label : spot-1 0.22
423 12 0 358 172 94 -1 -1 -1 -1 label : spot-1 0.28
423 18 0 366 287 98 -1 -1 -1 -1 label : spot-1 0.22
424 12 3 356 161 97 -1 -1 -1 -1 label : spot-1 0.32
424 18 2 366 285 97 -1 -1 -1 -1 label : spot-1 0.22
425 12 0 357 172 95 -1 -1 -1 -1 label : spot-1 0.31
425 18 3 366 283 97 -1 -1 -1 -1 label : spot-1 0.31
426 12 0 357 170 94 -1 -1 -1 -1 label : spot-1 0.34
426 18 5 367 278 96 -1 -1 -1 -1 label : spot-1 0.25
427 12 0 358 169 93 -1 -1 -1 -1 label : spot-1 0.34
427 18 5 367 279 97 -1 -1 -1 -1 label : spot-1 0.25
428 12 4 357 155 98 -1 -1 -1 -1 label : spot-1 0.36
428 18 6 367 272 104 -1 -1 -1 -1 label : spot-1 0.14
429 12 1 357 158 99 -1 -1 -1 -1 label : spot-1 0.35
429 18 3 368 277 106 -1 -1 -1 -1 label : spot-1 0.14
430 12 0 357 160 99 -1 -1 -1 -1 label : spot-1 0.32
430 18 4 369 273 112 -1 -1 -1 -1 label : spot-1 0.13
431 12 0 358 159 98 -1 -1 -1 -1 label : spot-1 0.34
431 18 0 369 280 114 -1 -1 -1 -1 label : spot-1 0.13
432 12 0 363 173 107 -1 -1 -1 -1 label : spot-1 0.21
433 12 0 362 175 101 -1 -1 -1 -1 label : spot-1 0.24
433 18 0 370 277 114 -1 -1 -1 -1 label : spot-1 0.20
434 12 0 363 166 97 -1 -1 -1 -1 label : spot-1 0.28
434 18 7 368 263 124 -1 -1 -1 -1 label : spot-1 0.26
435 12 0 360 163 82 -1 -1 -1 -1 label : spot-1 0.28
435 18 12 367 186 116 -1 -1 -1 -1 label : spot-1 0.11
436 12 2 361 159 94 -1 -1 -1 -1 label : spot-1 0.26
436 18 0 368 260 122 -1 -1 -1 -1 label : spot-1 0.23
437 12 0 363 167 97 -1 -1 -1 -1 label : spot-1 0.26
437 18 0 368 269 124 -1 -1 -1 -1 label : spot-1 0.23
438 12 0 364 171 99 -1 -1 -1 -1 label : spot-1 0.29
438 18 0 370 274 119 -1 -1 -1 -1 label : spot-1 0.24
439 12 2 367 168 106 -1 -1 -1 -1 label : spot-1 0.26
440 12 0 365 169 103 -1 -1 -1 -1 label : spot-1 0.25
440 18 2 370 268 120 -1 -1 -1 -1 label : spot-1 0.23
441 12 0 365 167 100 -1 -1 -1 -1 label : spot-1 0.25
441 18 2 370 268 120 -1 -1 -1 -1 label : spot-1 0.23
442 12 0 369 177 107 -1 -1 -1 -1 label : spot-1 0.25
442 18 14 362 157 101 -1 -1 -1 -1 label : spot-1 0.16
443 12 0 370 183 110 -1 -1 -1 -1 label : spot-1 0.24
443 18 2 359 144 93 -1 -1 -1 -1 label : spot-1 0.15
444 12 0 371 246 113 -1 -1 -1 -1 label : spot-1 0.28
444 18 2 361 136 99 -1 -1 -1 -1 label : spot-1 0.13
445 12 0 372 257 115 -1 -1 -1 -1 label : spot-1 0.29
445 18 0 362 139 100 -1 -1 -1 -1 label : spot-1 0.12
446 12 0 372 263 111 -1 -1 -1 -1 label : spot-1 0.27
446 18 0 360 137 99 -1 -1 -1 -1 label : spot-1 0.12
447 12 0 372 262 111 -1 -1 -1 -1 label : spot-1 0.27
447 18 0 359 137 99 -1 -1 -1 -1 label : spot-1 0.12
448 12 1 369 243 103 -1 -1 -1 -1 label : spot-1 0.27
448 18 0 355 134 94 -1 -1 -1 -1 label : spot-1 0.12
449 12 2 367 233 101 -1 -1 -1 -1 label : spot-1 0.27
449 18 0 353 133 92 -1 -1 -1 -1 label : spot-1 0.12
450 12 0 369 247 99 -1 -1 -1 -1 label : spot-1 0.31
450 18 1 359 129 96 -1 -1 -1 -1 label : spot-1 0.15
451 12 0 370 247 98 -1 -1 -1 -1 label : spot-1 0.31
451 18 0 361 131 98 -1 -1 -1 -1 label : spot-1 0.15
452 12 8 370 226 109 -1 -1 -1 -1 label : spot-1 0.29
452 18 0 360 132 100 -1 -1 -1 -1 label : spot-1 0.13
453 12 2 370 235 113 -1 -1 -1 -1 label : spot-1 0.29
453 18 0 360 133 100 -1 -1 -1 -1 label : spot-1 0.13
454 12 2 370 237 118 -1 -1 -1 -1 label : spot-1 0.26
455 12 0 370 241 119 -1 -1 -1 -1 label : spot-1 0.27
456 12 2 370 235 122 -1 -1 -1 -1 label : spot-1 0.28
457 12 0 371 239 123 -1 -1 -1 -1 label : spot-1 0.29
458 12 0 371 238 124 -1 -1 -1 -1 label : spot-1 0.28
458 18 0 357 118 92 -1 -1 -1 -1 label : spot-1 0.11
459 12 0 372 238 122 -1 -1 -1 -1 label : spot-1 0.27
459 18 0 356 117 92 -1 -1 -1 -1 label : spot-1 0.11
460 12 0 372 240 120 -1 -1 -1 -1 label : spot-1 0.35
460 18 0 358 114 89 -1 -1 -1 -1 label : spot-1 0.13
461 12 0 373 239 119 -1 -1 -1 -1 label : spot-1 0.35
461 18 0 358 113 88 -1 -1 -1 -1 label : spot-1 0.13
462 12 0 373 239 121 -1 -1 -1 -1 label : spot-1 0.32
463 12 0 374 240 122 -1 -1 -1 -1 label : spot-1 0.32
464 12 0 376 240 121 -1 -1 -1 -1 label : spot-1 0.41
465 12 0 376 240 121 -1 -1 -1 -1 label : spot-1 0.41
466 12 1 377 234 122 -1 -1 -1 -1 label : spot-1 0.33
467 12 0 378 235 122 -1 -1 -1 -1 label : spot-1 0.33
468 12 0 378 231 121 -1 -1 -1 -1 label : spot-1 0.30
469 12 0 378 231 120 -1 -1 -1 -1 label : spot-1 0.29
470 12 1 378 226 123 -1 -1 -1 -1 label : spot-1 0.31
471 12 0 379 229 123 -1 -1 -1 -1 label : spot-1 0.29
472 12 0 379 225 124 -1 -1 -1 -1 label : spot-1 0.35
473 12 0 379 225 124 -1 -1 -1 -1 label : spot-1 0.36
474 12 0 380 223 124 -1 -1 -1 -1 label : spot-1 0.36
475 12 0 380 224 124 -1 -1 -1 -1 label : spot-1 0.36
476 12 1 380 218 127 -1 -1 -1 -1 label : spot-1 0.33
477 12 0 380 219 128 -1 -1 -1 -1 label : spot-1 0.33
478 12 0 381 218 126 -1 -1 -1 -1 label : spot-1 0.37
479 12 0 381 217 124 -1 -1 -1 -1 label : spot-1 0.38
480 12 0 382 215 124 -1 -1 -1 -1 label : spot-1 0.38
481 12 0 382 215 125 -1 -1 -1 -1 label : spot-1 0.38
482 12 1 381 210 126 -1 -1 -1 -1 label : spot-1 0.32
483 12 0 381 210 127 -1 -1 -1 -1 label : spot-1 0.31
484 12 0 381 211 128 -1 -1 -1 -1 label : spot-1 0.26
485 12 0 382 212 126 -1 -1 -1 -1 label : spot-1 0.27
486 12 0 382 208 123 -1 -1 -1 -1 label : spot-1 0.31
487 12 0 382 206 122 -1 -1 -1 -1 label : spot-1 0.31
488 12 0 382 201 118 -1 -1 -1 -1 label : spot-1 0.31
489 12 0 383 199 116 -1 -1 -1 -1 label : spot-1 0.31
490 12 2 385 192 121 -1 -1 -1 -1 label : spot-1 0.33
491 12 0 386 196 123 -1 -1 -1 -1 label : spot-1 0.33
492 12 1 388 192 126 -1 -1 -1 -1 label : spot-1 0.31
493 12 0 389 194 127 -1 -1 -1 -1 label : spot-1 0.31
494 12 0 388 190 127 -1 -1 -1 -1 label : spot-1 0.31
494 20 738 348 140 44 -1 -1 -1 -1 label : spot-1 0.13
495 12 0 388 190 127 -1 -1 -1 -1 label : spot-1 0.32
495 20 742 347 137 45 -1 -1 -1 -1 label : spot-1 0.13
496 12 0 389 188 129 -1 -1 -1 -1 label : spot-1 0.26
497 12 0 390 189 130 -1 -1 -1 -1 label : spot-1 0.27
498 12 0 391 185 130 -1 -1 -1 -1 label : spot-1 0.26
499 12 0 392 185 129 -1 -1 -1 -1 label : spot-1 0.26
500 12 0 393 186 127 -1 -1 -1 -1 label : spot-1 0.21
501 12 0 394 186 125 -1 -1 -1 -1 label : spot-1 0.21
502 12 1 395 180 128 -1 -1 -1 -1 label : spot-1 0.14
503 12 0 396 181 128 -1 -1 -1 -1 label : spot-1 0.14
504 12 1 396 174 130 -1 -1 -1 -1 label : spot-1 0.18
505 12 0 396 174 131 -1 -1 -1 -1 label : spot-1 0.17
511 12 1 397 159 127 -1 -1 -1 -1 label : spot-1 0.10
626 22 733 325 75 28 -1 -1 -1 -1 label : spot-1 0.14
627 22 735 326 74 26 -1 -1 -1 -1 label : spot-1 0.14
628 22 736 325 75 27 -1 -1 -1 -1 label : spot-1 0.16
629 22 736 325 76 27 -1 -1 -1 -1 label : spot-1 0.15
630 22 737 325 77 27 -1 -1 -1 -1 label : spot-1 0.17
631 22 738 325 76 26 -1 -1 -1 -1 label : spot-1 0.17
632 22 741 326 74 25 -1 -1 -1 -1 label : spot-1 0.16
633 22 741 326 76 25 -1 -1 -1 -1 label : spot-1 0.16
634 22 748 326 71 23 -1 -1 -1 -1 label : spot-1 0.14
635 22 750 326 70 23 -1 -1 -1 -1 label : spot-1 0.14
642 22 756 330 70 24 -1 -1 -1 -1 label : spot-1 0.26
643 22 757 331 72 26 -1 -1 -1 -1 label : spot-1 0.25
644 22 756 332 77 25 -1 -1 -1 -1 label : spot-1 0.24
645 22 756 332 77 26 -1 -1 -1 -1 label : spot-1 0.24
646 22 755 332 79 27 -1 -1 -1 -1 label : spot-1 0.31
647 22 754 333 80 27 -1 -1 -1 -1 label : spot-1 0.31
648 22 755 333 83 27 -1 -1 -1 -1 label : spot-1 0.32
649 22 757 334 82 26 -1 -1 -1 -1 label : spot-1 0.31
650 22 762 331 76 27 -1 -1 -1 -1 label : spot-1 0.32
651 22 761 330 79 28 -1 -1 -1 -1 label : spot-1 0.32
652 22 765 326 80 26 -1 -1 -1 -1 label : spot-1 0.33
653 22 767 325 78 25 -1 -1 -1 -1 label : spot-1 0.33
654 22 770 325 78 24 -1 -1 -1 -1 label : spot-1 0.35
655 22 772 324 77 24 -1 -1 -1 -1 label : spot-1 0.35
656 22 770 324 82 25 -1 -1 -1 -1 label : spot-1 0.36
657 22 770 324 82 25 -1 -1 -1 -1 label : spot-1 0.36
658 22 772 325 80 26 -1 -1 -1 -1 label : spot-1 0.33
659 22 772 325 81 26 -1 -1 -1 -1 label : spot-1 0.34
660 22 773 325 83 26 -1 -1 -1 -1 label : spot-1 0.37
661 22 775 325 82 25 -1 -1 -1 -1 label : spot-1 0.37
662 22 772 327 88 25 -1 -1 -1 -1 label : spot-1 0.35
663 22 772 327 89 26 -1 -1 -1 -1 label : spot-1 0.35
664 22 779 327 82 26 -1 -1 -1 -1 label : spot-1 0.36
665 22 782 327 80 27 -1 -1 -1 -1 label : spot-1 0.36
666 22 773 327 94 27 -1 -1 -1 -1 label : spot-1 0.37
667 22 772 327 94 27 -1 -1 -1 -1 label : spot-1 0.37
668 22 772 329 97 28 -1 -1 -1 -1 label : spot-1 0.46
669 22 771 330 100 28 -1 -1 -1 -1 label : spot-1 0.46
670 22 777 332 96 28 -1 -1 -1 -1 label : spot-1 0.51
671 22 778 332 96 29 -1 -1 -1 -1 label : spot-1 0.52
672 22 778 333 99 27 -1 -1 -1 -1 label : spot-1 0.45
673 22 780 333 97 27 -1 -1 -1 -1 label : spot-1 0.46
674 22 775 334 106 27 -1 -1 -1 -1 label : spot-1 0.40
675 22 776 335 104 27 -1 -1 -1 -1 label : spot-1 0.39
676 22 769 335 115 28 -1 -1 -1 -1 label : spot-1 0.33
677 22 769 335 115 28 -1 -1 -1 -1 label : spot-1 0.33
678 22 767 336 120 28 -1 -1 -1 -1 label : spot-1 0.40
679 22 768 337 119 28 -1 -1 -1 -1 label : spot-1 0.39
680 22 772 340 115 30 -1 -1 -1 -1 label : spot-1 0.21
681 22 771 341 118 31 -1 -1 -1 -1 label : spot-1 0.21
682 22 771 350 107 28 -1 -1 -1 -1 label : spot-1 0.19
683 22 771 353 103 27 -1 -1 -1 -1 label : spot-1 0.18
684 22 772 353 95 28 -1 -1 -1 -1 label : spot-1 0.23
685 22 771 353 95 28 -1 -1 -1 -1 label : spot-1 0.23
689 22 773 339 129 34 -1 -1 -1 -1 label : spot-1 0.33
690 22 760 338 156 31 -1 -1 -1 -1 label : spot-1 0.17
691 22 763 337 151 31 -1 -1 -1 -1 label : spot-1 0.17
692 22 769 337 126 30 -1 -1 -1 -1 label : spot-1 0.27
692 28 869 315 12 34 -1 -1 -1 -1 label : fireHydrant 0.15
692 29 789 336 130 34 -1 -1 -1 -1 label : invalidSpot-fireHydrant 0.12
693 22 766 336 127 31 -1 -1 -1 -1 label : spot-1 0.27
693 28 870 316 11 32 -1 -1 -1 -1 label : fireHydrant 0.15
693 29 788 335 133 36 -1 -1 -1 -1 label : invalidSpot-fireHydrant 0.12
694 22 776 336 134 34 -1 -1 -1 -1 label : spot-1 0.23
695 22 778 335 140 37 -1 -1 -1 -1 label : spot-1 0.24
696 22 773 339 123 32 -1 -1 -1 -1 label : spot-1 0.42
696 28 874 318 12 36 -1 -1 -1 -1 label : fireHydrant 0.16
696 29 782 342 138 34 -1 -1 -1 -1 label : invalidSpot-fireHydrant 0.14
697 22 771 340 116 30 -1 -1 -1 -1 label : spot-1 0.42
697 28 875 319 12 36 -1 -1 -1 -1 label : fireHydrant 0.15
697 29 782 343 137 34 -1 -1 -1 -1 label : invalidSpot-fireHydrant 0.14
698 22 771 339 116 28 -1 -1 -1 -1 label : spot-1 0.31
698 28 876 317 12 36 -1 -1 -1 -1 label : fireHydrant 0.20
699 22 773 339 113 27 -1 -1 -1 -1 label : spot-1 0.30
699 28 877 316 12 36 -1 -1 -1 -1 label : fireHydrant 0.19
700 22 772 339 114 27 -1 -1 -1 -1 label : spot-1 0.22
701 29 777 333 159 36 -1 -1 -1 -1 label : spot-2 0.21
702 29 774 330 154 35 -1 -1 -1 -1 label : spot-1 0.21
703 29 771 330 157 34 -1 -1 -1 -1 label : spot-1 0.25
704 29 774 327 167 36 -1 -1 -1 -1 label : spot-1 0.20
705 29 777 326 169 37 -1 -1 -1 -1 label : spot-1 0.20
706 29 784 326 141 35 -1 -1 -1 -1 label : spot-1 0.14
707 29 784 326 134 34 -1 -1 -1 -1 label : spot-1 0.13
710 29 789 325 109 35 -1 -1 -1 -1 label : spot-1 0.16
711 29 786 325 111 35 -1 -1 -1 -1 label : spot-1 0.17
712 29 790 324 101 35 -1 -1 -1 -1 label : spot-1 0.20
713 29 789 324 101 35 -1 -1 -1 -1 label : spot-1 0.20
714 29 791 325 101 36 -1 -1 -1 -1 label : spot-1 0.17
715 29 792 324 100 37 -1 -1 -1 -1 label : spot-1 0.17
716 29 798 326 91 37 -1 -1 -1 -1 label : spot-1 0.23
717 29 798 326 91 37 -1 -1 -1 -1 label : spot-1 0.23
718 29 779 329 126 37 -1 -1 -1 -1 label : spot-1 0.14
719 29 779 330 124 37 -1 -1 -1 -1 label : spot-1 0.14
720 29 781 332 130 37 -1 -1 -1 -1 label : spot-1 0.15
721 29 782 332 132 37 -1 -1 -1 -1 label : spot-1 0.15
724 29 786 331 111 35 -1 -1 -1 -1 label : spot-1 0.12
725 29 786 331 108 33 -1 -1 -1 -1 label : spot-1 0.12
726 29 799 331 98 35 -1 -1 -1 -1 label : spot-1 0.13
727 29 801 332 100 35 -1 -1 -1 -1 label : spot-1 0.13
728 29 806 332 96 36 -1 -1 -1 -1 label : spot-1 0.11
729 29 806 332 97 36 -1 -1 -1 -1 label : spot-1 0.11
730 29 811 334 85 35 -1 -1 -1 -1 label : spot-1 0.39
731 29 811 334 84 35 -1 -1 -1 -1 label : spot-1 0.39
732 29 813 334 81 34 -1 -1 -1 -1 label : spot-1 0.40
732 30 902 318 12 34 -1 -1 -1 -1 label : fireHydrant 0.12
733 29 813 334 81 34 -1 -1 -1 -1 label : spot-1 0.40
733 30 903 317 11 36 -1 -1 -1 -1 label : fireHydrant 0.12
734 29 812 333 80 33 -1 -1 -1 -1 label : spot-1 0.40
734 30 904 314 14 38 -1 -1 -1 -1 label : fireHydrant 0.16
735 29 812 333 79 32 -1 -1 -1 -1 label : spot-1 0.38
735 30 905 313 14 39 -1 -1 -1 -1 label : fireHydrant 0.17
736 29 820 335 124 35 -1 -1 -1 -1 label : invalidSpot-fireHydrant 0.52
736 30 906 309 17 42 -1 -1 -1 -1 label : fireHydrant 0.11
737 29 829 336 130 36 -1 -1 -1 -1 label : invalidSpot-fireHydrant 0.52
737 30 907 307 16 44 -1 -1 -1 -1 label : fireHydrant 0.11
738 29 828 334 81 35 -1 -1 -1 -1 label : spot-1 0.58
738 30 906 304 20 48 -1 -1 -1 -1 label : fireHydrant 0.12
739 29 817 333 82 35 -1 -1 -1 -1 label : spot-1 0.56
739 30 906 302 21 51 -1 -1 -1 -1 label : fireHydrant 0.12
740 29 817 333 82 35 -1 -1 -1 -1 label : spot-1 0.33
741 30 909 310 17 48 -1 -1 -1 -1 label : fireHydrant 0.34
742 30 909 311 18 47 -1 -1 -1 -1 label : fireHydrant 0.22
743 30 910 311 17 47 -1 -1 -1 -1 label : fireHydrant 0.22
744 30 910 311 18 47 -1 -1 -1 -1 label : fireHydrant 0.21
746 33 803 339 295 62 -1 -1 -1 -1 label : spot-2 0.13
747 29 811 338 131 41 -1 -1 -1 -1 label : spot-1 0.12
747 33 806 339 287 61 -1 -1 -1 -1 label : spot-2 0.10
750 33 801 341 325 63 -1 -1 -1 -1 label : spot-2 0.14
751 33 804 342 329 63 -1 -1 -1 -1 label : spot-2 0.14
752 33 814 341 325 67 -1 -1 -1 -1 label : spot-2 0.12
754 29 811 340 132 40 -1 -1 -1 -1 label : spot-1 0.34
754 30 991 332 19 42 -1 -1 -1 -1 label : fireHydrant 0.12
755 29 811 340 132 40 -1 -1 -1 -1 label : spot-1 0.35
755 30 996 334 19 41 -1 -1 -1 -1 label : fireHydrant 0.12
756 29 808 340 142 40 -1 -1 -1 -1 label : spot-1 0.41
756 30 997 334 20 42 -1 -1 -1 -1 label : fireHydrant 0.18
757 29 810 340 136 40 -1 -1 -1 -1 label : spot-1 0.40
757 30 998 334 19 43 -1 -1 -1 -1 label : fireHydrant 0.18
758 29 809 341 141 40 -1 -1 -1 -1 label : spot-1 0.14
758 30 999 333 21 43 -1 -1 -1 -1 label : fireHydrant 0.12
759 29 812 341 135 39 -1 -1 -1 -1 label : spot-1 0.14
759 30 1000 332 21 43 -1 -1 -1 -1 label : fireHydrant 0.13
760 29 812 341 130 38 -1 -1 -1 -1 label : spot-1 0.19
760 30 1003 332 21 43 -1 -1 -1 -1 label : fireHydrant 0.12
761 29 811 341 129 38 -1 -1 -1 -1 label : spot-1 0.19
761 30 1003 332 21 43 -1 -1 -1 -1 label : fireHydrant 0.12
762 29 811 341 130 38 -1 -1 -1 -1 label : spot-1 0.13
763 30 1007 331 20 44 -1 -1 -1 -1 label : fireHydrant 0.14
764 30 1008 331 21 43 -1 -1 -1 -1 label : fireHydrant 0.35
765 30 1010 330 19 44 -1 -1 -1 -1 label : fireHydrant 0.50
766 29 814 338 113 40 -1 -1 -1 -1 label : spot-1 0.43
766 30 1010 330 22 44 -1 -1 -1 -1 label : fireHydrant 0.11
767 29 814 338 112 40 -1 -1 -1 -1 label : spot-1 0.42
768 30 1012 329 23 44 -1 -1 -1 -1 label : fireHydrant 0.13
769 30 1012 329 24 44 -1 -1 -1 -1 label : fireHydrant 0.15
772 33 782 328 497 96 -1 -1 -1 -1 label : spot-2 0.14
773 33 781 327 498 97 -1 -1 -1 -1 label : spot-2 0.14
778 33 789 340 489 96 -1 -1 -1 -1 label : spot-2 0.24
779 33 789 344 490 96 -1 -1 -1 -1 label : spot-2 0.24
780 33 778 348 497 87 -1 -1 -1 -1 label : spot-2 0.17
781 33 781 349 484 84 -1 -1 -1 -1 label : spot-2 0.18
782 29 799 338 154 41 -1 -1 -1 -1 label : spot-2 0.13
783 29 799 338 155 42 -1 -1 -1 -1 label : spot-2 0.13
786 30 1040 325 21 46 -1 -1 -1 -1 label : fireHydrant 0.28
787 30 1041 324 21 46 -1 -1 -1 -1 label : fireHydrant 0.28
788 30 1042 324 26 49 -1 -1 -1 -1 label : fireHydrant 0.22
789 30 1043 324 27 50 -1 -1 -1 -1 label : fireHydrant 0.23
790 29 792 337 226 57 -1 -1 -1 -1 label : spot-2 0.18
790 30 1046 326 26 50 -1 -1 -1 -1 label : fireHydrant 0.10
791 29 791 337 234 59 -1 -1 -1 -1 label : spot-2 0.17
791 30 1047 327 25 49 -1 -1 -1 -1 label : fireHydrant 0.10
792 29 786 337 243 60 -1 -1 -1 -1 label : spot-2 0.46
792 30 1052 327 24 52 -1 -1 -1 -1 label : fireHydrant 0.11
793 29 785 337 245 61 -1 -1 -1 -1 label : spot-2 0.47
793 30 1053 328 25 51 -1 -1 -1 -1 label : fireHydrant 0.11
794 29 783 337 254 62 -1 -1 -1 -1 label : spot-2 0.18
795 30 1055 328 24 53 -1 -1 -1 -1 label : fireHydrant 0.17
796 30 1057 329 24 52 -1 -1 -1 -1 label : fireHydrant 0.22
797 30 1058 329 24 52 -1 -1 -1 -1 label : fireHydrant 0.23
798 29 813 340 189 54 -1 -1 -1 -1 label : spot-1 0.26
798 30 1059 329 28 52 -1 -1 -1 -1 label : fireHydrant 0.12
799 29 815 340 183 53 -1 -1 -1 -1 label : spot-1 0.27
799 30 1060 329 28 52 -1 -1 -1 -1 label : fireHydrant 0.13
800 29 820 339 178 50 -1 -1 -1 -1 label : spot-1 0.58
800 30 1066 328 27 53 -1 -1 -1 -1 label : fireHydrant 0.24
801 29 822 339 175 49 -1 -1 -1 -1 label : spot-1 0.58
801 30 1068 328 27 53 -1 -1 -1 -1 label : fireHydrant 0.24
802 29 823 341 171 48 -1 -1 -1 -1 label : spot-1 0.53
802 30 1072 328 27 53 -1 -1 -1 -1 label : fireHydrant 0.39
802 34 1029 309 19 60 -1 -1 -1 -1 label : fireHydrant 0.22
803 29 823 341 169 48 -1 -1 -1 -1 label : spot-1 0.53
803 30 1073 328 27 53 -1 -1 -1 -1 label : fireHydrant 0.39
803 34 1030 310 19 59 -1 -1 -1 -1 label : fireHydrant 0.21
804 29 823 341 174 48 -1 -1 -1 -1 label : spot-1 0.54
804 30 1076 327 28 54 -1 -1 -1 -1 label : fireHydrant 0.16
805 29 824 341 179 50 -1 -1 -1 -1 label : spot-1 0.53
805 30 1077 327 28 54 -1 -1 -1 -1 label : fireHydrant 0.13
806 29 824 341 180 48 -1 -1 -1 -1 label : spot-1 0.73
806 30 1081 327 30 55 -1 -1 -1 -1 label : fireHydrant 0.29
807 29 826 342 177 47 -1 -1 -1 -1 label : spot-1 0.72
807 30 1083 327 30 55 -1 -1 -1 -1 label : fireHydrant 0.30
808 29 827 342 177 47 -1 -1 -1 -1 label : spot-1 0.57
809 30 1088 330 26 54 -1 -1 -1 -1 label : fireHydrant 0.58
810 29 827 342 181 49 -1 -1 -1 -1 label : spot-1 0.57
810 30 1091 330 29 54 -1 -1 -1 -1 label : fireHydrant 0.24
811 29 827 343 182 48 -1 -1 -1 -1 label : spot-1 0.60
811 30 1092 330 30 54 -1 -1 -1 -1 label : fireHydrant 0.24
812 29 827 344 196 50 -1 -1 -1 -1 label : spot-1 0.46
812 30 1097 330 28 55 -1 -1 -1 -1 label : fireHydrant 0.17
813 29 828 344 199 51 -1 -1 -1 -1 label : spot-1 0.49
813 30 1098 330 28 55 -1 -1 -1 -1 label : fireHydrant 0.16
814 29 828 345 211 55 -1 -1 -1 -1 label : spot-1 0.69
814 30 1101 333 28 53 -1 -1 -1 -1 label : fireHydrant 0.19
815 29 827 345 217 56 -1 -1 -1 -1 label : spot-1 0.69
815 30 1102 333 27 54 -1 -1 -1 -1 label : fireHydrant 0.19
816 29 830 346 239 62 -1 -1 -1 -1 label : spot-2 0.23
816 30 1107 335 27 55 -1 -1 -1 -1 label : fireHydrant 0.18
817 29 832 347 245 64 -1 -1 -1 -1 label : spot-2 0.24
817 30 1109 335 27 56 -1 -1 -1 -1 label : fireHydrant 0.18
818 29 831 347 262 68 -1 -1 -1 -1 label : spot-2 0.16
818 30 1111 336 32 55 -1 -1 -1 -1 label : fireHydrant 0.13
819 29 831 348 267 69 -1 -1 -1 -1 label : spot-2 0.15
819 30 1113 337 31 54 -1 -1 -1 -1 label : fireHydrant 0.14
820 29 832 348 268 69 -1 -1 -1 -1 label : spot-2 0.41
820 30 1119 337 29 55 -1 -1 -1 -1 label : fireHydrant 0.10
821 29 833 349 267 68 -1 -1 -1 -1 label : spot-2 0.42
821 30 1120 337 30 55 -1 -1 -1 -1 label : fireHydrant 0.10
822 29 837 347 263 70 -1 -1 -1 -1 label : spot-2 0.43
822 30 1124 337 32 56 -1 -1 -1 -1 label : fireHydrant 0.11
823 29 836 348 266 69 -1 -1 -1 -1 label : spot-2 0.43
823 30 1125 338 32 56 -1 -1 -1 -1 label : fireHydrant 0.11
824 29 840 350 286 74 -1 -1 -1 -1 label : spot-2 0.14
825 29 832 350 399 84 -1 -1 -1 -1 label : spot-2 0.14
826 29 853 350 300 76 -1 -1 -1 -1 label : spot-2 0.18
827 29 849 351 284 73 -1 -1 -1 -1 label : spot-2 0.18
828 29 846 350 273 72 -1 -1 -1 -1 label : spot-2 0.18
829 29 844 350 271 71 -1 -1 -1 -1 label : spot-2 0.19
830 29 837 351 306 75 -1 -1 -1 -1 label : spot-2 0.28
831 29 835 351 391 84 -1 -1 -1 -1 label : spot-2 0.30
832 29 845 351 399 87 -1 -1 -1 -1 label : spot-2 0.28
833 29 847 351 406 89 -1 -1 -1 -1 label : spot-2 0.28
834 29 857 350 400 92 -1 -1 -1 -1 label : spot-2 0.40
835 29 857 350 410 94 -1 -1 -1 -1 label : spot-2 0.41
836 29 855 351 411 93 -1 -1 -1 -1 label : spot-2 0.41
837 29 855 351 416 95 -1 -1 -1 -1 label : spot-2 0.42
838 29 851 352 427 95 -1 -1 -1 -1 label : spot-2 0.41
839 29 851 352 428 95 -1 -1 -1 -1 label : spot-2 0.41
840 29 849 353 430 98 -1 -1 -1 -1 label : spot-2 0.38
841 29 846 353 433 100 -1 -1 -1 -1 label : spot-2 0.40
842 29 852 353 394 92 -1 -1 -1 -1 label : spot-2 0.32
843 29 853 353 374 88 -1 -1 -1 -1 label : spot-2 0.31
844 29 855 353 328 78 -1 -1 -1 -1 label : spot-2 0.42
845 29 854 353 314 74 -1 -1 -1 -1 label : spot-2 0.44
846 29 856 353 308 71 -1 -1 -1 -1 label : spot-2 0.46
847 29 860 353 302 69 -1 -1 -1 -1 label : spot-2 0.46
848 29 864 353 299 70 -1 -1 -1 -1 label : spot-2 0.49
848 30 1218 340 37 71 -1 -1 -1 -1 label : fireHydrant 0.27
849 29 863 353 303 71 -1 -1 -1 -1 label : spot-2 0.48
849 30 1220 340 37 72 -1 -1 -1 -1 label : fireHydrant 0.25
850 29 866 353 339 80 -1 -1 -1 -1 label : spot-2 0.39
851 29 867 354 355 83 -1 -1 -1 -1 label : spot-2 0.39
852 29 864 355 375 83 -1 -1 -1 -1 label : spot-2 0.36
853 29 867 355 374 84 -1 -1 -1 -1 label : spot-2 0.37
854 29 864 355 388 85 -1 -1 -1 -1 label : spot-2 0.39
855 29 864 355 390 86 -1 -1 -1 -1 label : spot-2 0.40
856 29 861 355 390 84 -1 -1 -1 -1 label : spot-2 0.32
857 29 863 355 385 84 -1 -1 -1 -1 label : spot-2 0.32
858 29 865 355 390 89 -1 -1 -1 -1 label : spot-2 0.38
859 29 863 355 397 90 -1 -1 -1 -1 label : spot-2 0.37
860 29 857 356 413 88 -1 -1 -1 -1 label : spot-2 0.30
860 30 905 313 12 33 -1 -1 -1 -1 label : fireHydrant 0.22
861 29 859 356 410 87 -1 -1 -1 -1 label : spot-2 0.30
861 30 893 312 11 31 -1 -1 -1 -1 label : fireHydrant 0.22
862 29 862 357 409 87 -1 -1 -1 -1 label : spot-2 0.11
863 29 860 357 413 88 -1 -1 -1 -1 label : spot-2 0.11
864 29 867 357 408 88 -1 -1 -1 -1 label : spot-2 0.11
865 29 868 357 410 89 -1 -1 -1 -1 label : spot-2 0.12
866 29 854 358 425 91 -1 -1 -1 -1 label : spot-2 0.21
866 30 897 311 10 30 -1 -1 -1 -1 label : fireHydrant 0.13
867 29 850 358 429 92 -1 -1 -1 -1 label : spot-2 0.21
867 30 899 312 10 30 -1 -1 -1 -1 label : fireHydrant 0.12
868 29 871 357 404 92 -1 -1 -1 -1 label : spot-2 0.27
869 29 874 357 404 91 -1 -1 -1 -1 label : spot-2 0.27
870 29 881 357 395 92 -1 -1 -1 -1 label : spot-2 0.28
871 29 881 357 397 93 -1 -1 -1 -1 label : spot-2 0.28
872 29 882 357 394 96 -1 -1 -1 -1 label : spot-2 0.30
873 29 879 357 399 97 -1 -1 -1 -1 label : spot-2 0.32
874 29 888 359 387 100 -1 -1 -1 -1 label : spot-2 0.38
875 29 887 360 391 101 -1 -1 -1 -1 label : spot-2 0.38
876 29 888 361 391 100 -1 -1 -1 -1 label : spot-2 0.31
877 29 889 361 390 100 -1 -1 -1 -1 label : spot-2 0.32
878 29 885 361 394 99 -1 -1 -1 -1 label : spot-2 0.34
879 29 885 362 394 99 -1 -1 -1 -1 label : spot-2 0.34
880 29 881 362 398 100 -1 -1 -1 -1 label : spot-2 0.39
881 29 882 363 397 99 -1 -1 -1 -1 label : spot-2 0.40
882 29 883 361 396 98 -1 -1 -1 -1 label : spot-2 0.38
882 30 917 313 11 29 -1 -1 -1 -1 label : fireHydrant 0.10
883 29 884 361 395 97 -1 -1 -1 -1 label : spot-2 0.38
884 29 881 361 398 92 -1 -1 -1 -1 label : spot-2 0.30
885 29 886 362 393 90 -1 -1 -1 -1 label : spot-2 0.29
886 29 885 361 394 90 -1 -1 -1 -1 label : spot-2 0.34
887 29 886 361 393 90 -1 -1 -1 -1 label : spot-2 0.34
888 29 892 361 387 89 -1 -1 -1 -1 label : spot-2 0.38
889 29 895 361 383 89 -1 -1 -1 -1 label : spot-2 0.38
890 29 893 361 386 88 -1 -1 -1 -1 label : spot-2 0.35
891 29 894 361 385 87 -1 -1 -1 -1 label : spot-2 0.35
892 29 897 363 382 85 -1 -1 -1 -1 label : spot-2 0.38
892 30 932 313 11 28 -1 -1 -1 -1 label : fireHydrant 0.10
893 29 899 363 380 86 -1 -1 -1 -1 label : spot-2 0.37
893 30 933 313 11 28 -1 -1 -1 -1 label : fireHydrant 0.10
894 29 923 363 349 88 -1 -1 -1 -1 label : spot-2 0.27
894 30 935 313 11 30 -1 -1 -1 -1 label : fireHydrant 0.26
895 29 924 363 353 87 -1 -1 -1 -1 label : spot-2 0.26
895 30 936 313 11 30 -1 -1 -1 -1 label : fireHydrant 0.25
896 29 919 362 358 92 -1 -1 -1 -1 label : spot-2 0.30
896 30 937 314 11 29 -1 -1 -1 -1 label : fireHydrant 0.27
897 29 915 362 364 94 -1 -1 -1 -1 label : spot-2 0.30
898 29 908 364 371 90 -1 -1 -1 -1 label : spot-2 0.31
899 29 910 364 369 90 -1 -1 -1 -1 label : spot-2 0.32
900 29 907 364 371 92 -1 -1 -1 -1 label : spot-2 0.19
901 29 903 364 376 93 -1 -1 -1 -1 label : spot-2 0.19
902 29 908 364 371 94 -1 -1 -1 -1 label : spot-2 0.26
902 30 944 314 11 30 -1 -1 -1 -1 label : fireHydrant 0.24
903 29 907 364 372 95 -1 -1 -1 -1 label : spot-2 0.26
903 30 944 314 11 31 -1 -1 -1 -1 label : fireHydrant 0.24
904 29 930 363 344 95 -1 -1 -1 -1 label : spot-2 0.27
905 29 933 362 344 96 -1 -1 -1 -1 label : spot-2 0.27
906 29 943 361 332 100 -1 -1 -1 -1 label : spot-2 0.38
906 30 949 314 10 31 -1 -1 -1 -1 label : fireHydrant 0.20
907 29 943 361 335 102 -1 -1 -1 -1 label : spot-2 0.37
907 30 950 314 10 32 -1 -1 -1 -1 label : fireHydrant 0.20
908 29 935 363 344 97 -1 -1 -1 -1 label : spot-2 0.30
909 29 940 364 339 94 -1 -1 -1 -1 label : spot-2 0.30
910 29 940 365 339 95 -1 -1 -1 -1 label : spot-2 0.30
911 29 940 365 338 96 -1 -1 -1 -1 label : spot-2 0.31
912 29 938 365 341 94 -1 -1 -1 -1 label : spot-2 0.35
913 29 939 365 340 93 -1 -1 -1 -1 label : spot-2 0.35
914 29 922 365 357 91 -1 -1 -1 -1 label : spot-2 0.30
915 29 918 365 361 91 -1 -1 -1 -1 label : spot-2 0.29
916 29 950 364 319 97 -1 -1 -1 -1 label : spot-2 0.39
917 29 951 364 324 99 -1 -1 -1 -1 label : spot-2 0.38
918 29 954 365 323 99 -1 -1 -1 -1 label : spot-2 0.32
919 29 955 365 324 99 -1 -1 -1 -1 label : spot-2 0.32
920 29 958 366 320 98 -1 -1 -1 -1 label : spot-2 0.27
921 29 959 366 319 98 -1 -1 -1 -1 label : spot-2 0.27
922 29 962 367 316 97 -1 -1 -1 -1 label : spot-2 0.30
923 29 963 367 315 97 -1 -1 -1 -1 label : spot-2 0.29
924 29 953 368 325 101 -1 -1 -1 -1 label : spot-2 0.16
925 29 949 368 329 104 -1 -1 -1 -1 label : spot-2 0.16
926 29 949 371 330 98 -1 -1 -1 -1 label : spot-2 0.13
927 29 953 371 326 97 -1 -1 -1 -1 label : spot-2 0.12
928 29 960 370 319 94 -1 -1 -1 -1 label : spot-2 0.14
929 29 962 370 316 92 -1 -1 -1 -1 label : spot-2 0.13
930 29 965 371 314 90 -1 -1 -1 -1 label : spot-2 0.13
931 29 967 371 311 90 -1 -1 -1 -1 label : spot-2 0.13
932 29 968 372 310 88 -1 -1 -1 -1 label : spot-2 0.11
933 30 1086 340 13 36 -1 -1 -1 -1 label : fireHydrant 0.12
942 30 1051 325 14 40 -1 -1 -1 -1 label : fireHydrant 0.12
943 30 1037 319 15 42 -1 -1 -1 -1 label : fireHydrant 0.12
956 29 1012 383 263 94 -1 -1 -1 -1 label : spot-1 0.11
957 29 1013 385 265 93 -1 -1 -1 -1 label : spot-1 0.11
960 29 1014 388 263 95 -1 -1 -1 -1 label : spot-1 0.19
961 29 1014 390 263 94 -1 -1 -1 -1 label : spot-1 0.20
